38972;Thu Mar 14 00:00:08 2019;-23.6230255317148,-46.6076101830839;-23.6209552785041,-46.6082185361581;-23.6230217 -46.6075951;-23.6209574 -46.608227;238;59;42
39213;Thu Mar 14 04:01:10 2019;-23.6230255317148,-46.6076101830839;-23.6209552785041,-46.6082185361581;-23.6230217 -46.6075951;-23.6209574 -46.608227;238;59;37
39214;Thu Mar 14 04:02:08 2019;-23.6230255317148,-46.6076101830839;-23.6209552785041,-46.6082185361581;-23.6230217 -46.6075951;-23.6209574 -46.608227;238;59;36
39215;Thu Mar 14 04:03:08 2019;-23.6230255317148,-46.6076101830839;-23.6209552785041,-46.6082185361581;-23.6230217 -46.6075951;-23.6209574 -46.608227;238;59;37
39216;Thu Mar 14 04:04:08 2019;-23.6230255317148,-46.6076101830839;-23.6209552785041,-46.6082185361581;-23.6230217 -46.6075951;-23.6209574 -46.608227;238;59;37
39217;Thu Mar 14 04:05:08 2019;-23.6230255317148,-46.6076101830839;-23.6209552785041,-46.6082185361581;-23.6230217 -46.6075951;-23.6209574 -46.608227;238;59;36
39218;Thu Mar 14 04:06:08 2019;-23.6230255317148,-46.6076101830839;-23.6209552785041,-46.6082185361581;-23.6230217 -46.6075951;-23.6209574 -46.608227;238;59;36
39219;Thu Mar 14 04:07:08 2019;-23.6230255317148,-46.6076101830839;-23.6209552785041,-46.6082185361581;-23.6230217 -46.6075951;-23.6209574 -46.608227;238;59;36
39220;Thu Mar 14 04:08:08 2019;-23.6230255317148,-46.6076101830839;-23.6209552785041,-46.6082185361581;-23.6230217 -46.6075951;-23.6209574 -46.608227;238;59;36
39221;Thu Mar 14 04:09:08 2019;-23.6230255317148,-46.6076101830839;-23.6209552785041,-46.6082185361581;-23.6230217 -46.6075951;-23.6209574 -46.608227;238;59;36
39222;Thu Mar 14 04:10:08 2019;-23.6230255317148,-46.6076101830839;-23.6209552785041,-46.6082185361581;-23.6230217 -46.6075951;-23.6209574 -46.608227;238;59;36
1;Thu Mar 14 21:07:45 2019;-23.6230255317148,-46.6076101830839;-23.6209552785041,-46.6082185361581;-23.6230217 -46.6075951;-23.6209574 -46.608227;238;59;53
2;Thu Mar 14 21:08:44 2019;-23.6230255317148,-46.6076101830839;-23.6209552785041,-46.6082185361581;-23.6230217 -46.6075951;-23.6209574 -46.608227;238;59;57
3;Thu Mar 14 21:09:42 2019;-23.6230255317148,-46.6076101830839;-23.6209552785041,-46.6082185361581;-23.6230217 -46.6075951;-23.6209574 -46.608227;238;59;59
4;Thu Mar 14 21:10:41 2019;-23.6230255317148,-46.6076101830839;-23.6209552785041,-46.6082185361581;-23.6230217 -46.6075951;-23.6209574 -46.608227;238;59;59
5;Thu Mar 14 21:11:42 2019;-23.6230255317148,-46.6076101830839;-23.6209552785041,-46.6082185361581;-23.6230217 -46.6075951;-23.6209574 -46.608227;238;59;59
6;Thu Mar 14 21:12:41 2019;-23.6230255317148,-46.6076101830839;-23.6209552785041,-46.6082185361581;-23.6230217 -46.6075951;-23.6209574 -46.608227;238;59;58
7;Thu Mar 14 21:13:41 2019;-23.6230255317148,-46.6076101830839;-23.6209552785041,-46.6082185361581;-23.6230217 -46.6075951;-23.6209574 -46.608227;238;59;46
8;Thu Mar 14 21:14:42 2019;-23.6230255317148,-46.6076101830839;-23.6209552785041,-46.6082185361581;-23.6230217 -46.6075951;-23.6209574 -46.608227;238;59;46
9;Thu Mar 14 21:15:41 2019;-23.6230255317148,-46.6076101830839;-23.6209552785041,-46.6082185361581;-23.6230217 -46.6075951;-23.6209574 -46.608227;238;59;47
10;Thu Mar 14 21:16:42 2019;-23.6230255317148,-46.6076101830839;-23.6209552785041,-46.6082185361581;-23.6230217 -46.6075951;-23.6209574 -46.608227;238;59;47
11;Thu Mar 14 21:17:42 2019;-23.6230255317148,-46.6076101830839;-23.6209552785041,-46.6082185361581;-23.6230217 -46.6075951;-23.6209574 -46.608227;238;59;46
12;Thu Mar 14 21:18:42 2019;-23.6230255317148,-46.6076101830839;-23.6209552785041,-46.6082185361581;-23.6230217 -46.6075951;-23.6209574 -46.608227;238;59;47
13;Thu Mar 14 21:19:42 2019;-23.6230255317148,-46.6076101830839;-23.6209552785041,-46.6082185361581;-23.6230217 -46.6075951;-23.6209574 -46.608227;238;59;46
14;Thu Mar 14 21:20:42 2019;-23.6230255317148,-46.6076101830839;-23.6209552785041,-46.6082185361581;-23.6230217 -46.6075951;-23.6209574 -46.608227;238;59;50
15;Thu Mar 14 21:21:42 2019;-23.6230255317148,-46.6076101830839;-23.6209552785041,-46.6082185361581;-23.6230217 -46.6075951;-23.6209574 -46.608227;238;59;44
16;Thu Mar 14 21:22:43 2019;-23.6230255317148,-46.6076101830839;-23.6209552785041,-46.6082185361581;-23.6230217 -46.6075951;-23.6209574 -46.608227;238;59;53
17;Thu Mar 14 21:23:41 2019;-23.6230255317148,-46.6076101830839;-23.6209552785041,-46.6082185361581;-23.6230217 -46.6075951;-23.6209574 -46.608227;238;59;49
18;Thu Mar 14 21:24:42 2019;-23.6230255317148,-46.6076101830839;-23.6209552785041,-46.6082185361581;-23.6230217 -46.6075951;-23.6209574 -46.608227;238;59;50
19;Thu Mar 14 21:25:42 2019;-23.6230255317148,-46.6076101830839;-23.6209552785041,-46.6082185361581;-23.6230217 -46.6075951;-23.6209574 -46.608227;238;59;49
20;Thu Mar 14 21:26:41 2019;-23.6230255317148,-46.6076101830839;-23.6209552785041,-46.6082185361581;-23.6230217 -46.6075951;-23.6209574 -46.608227;238;59;51
21;Thu Mar 14 21:27:41 2019;-23.6230255317148,-46.6076101830839;-23.6209552785041,-46.6082185361581;-23.6230217 -46.6075951;-23.6209574 -46.608227;238;59;46
22;Thu Mar 14 21:28:41 2019;-23.6230255317148,-46.6076101830839;-23.6209552785041,-46.6082185361581;-23.6230217 -46.6075951;-23.6209574 -46.608227;238;59;45
23;Thu Mar 14 21:29:41 2019;-23.6230255317148,-46.6076101830839;-23.6209552785041,-46.6082185361581;-23.6230217 -46.6075951;-23.6209574 -46.608227;238;59;42
24;Thu Mar 14 21:30:41 2019;-23.6230255317148,-46.6076101830839;-23.6209552785041,-46.6082185361581;-23.6230217 -46.6075951;-23.6209574 -46.608227;238;59;42
25;Thu Mar 14 21:31:42 2019;-23.6230255317148,-46.6076101830839;-23.6209552785041,-46.6082185361581;-23.6230217 -46.6075951;-23.6209574 -46.608227;238;59;42
26;Thu Mar 14 21:32:41 2019;-23.6230255317148,-46.6076101830839;-23.6209552785041,-46.6082185361581;-23.6230217 -46.6075951;-23.6209574 -46.608227;238;59;43
27;Thu Mar 14 21:33:41 2019;-23.6230255317148,-46.6076101830839;-23.6209552785041,-46.6082185361581;-23.6230217 -46.6075951;-23.6209574 -46.608227;238;59;43
28;Thu Mar 14 21:34:41 2019;-23.6230255317148,-46.6076101830839;-23.6209552785041,-46.6082185361581;-23.6230217 -46.6075951;-23.6209574 -46.608227;238;59;42
29;Thu Mar 14 21:35:41 2019;-23.6230255317148,-46.6076101830839;-23.6209552785041,-46.6082185361581;-23.6230217 -46.6075951;-23.6209574 -46.608227;238;59;42
30;Thu Mar 14 21:36:41 2019;-23.6230255317148,-46.6076101830839;-23.6209552785041,-46.6082185361581;-23.6230217 -46.6075951;-23.6209574 -46.608227;238;59;41
31;Thu Mar 14 21:37:43 2019;-23.6230255317148,-46.6076101830839;-23.6209552785041,-46.6082185361581;-23.6230217 -46.6075951;-23.6209574 -46.608227;238;59;42
32;Thu Mar 14 21:38:41 2019;-23.6230255317148,-46.6076101830839;-23.6209552785041,-46.6082185361581;-23.6230217 -46.6075951;-23.6209574 -46.608227;238;59;40
33;Thu Mar 14 21:39:42 2019;-23.6230255317148,-46.6076101830839;-23.6209552785041,-46.6082185361581;-23.6230217 -46.6075951;-23.6209574 -46.608227;238;59;39
34;Thu Mar 14 21:40:41 2019;-23.6230255317148,-46.6076101830839;-23.6209552785041,-46.6082185361581;-23.6230217 -46.6075951;-23.6209574 -46.608227;238;59;39
35;Thu Mar 14 21:41:41 2019;-23.6230255317148,-46.6076101830839;-23.6209552785041,-46.6082185361581;-23.6230217 -46.6075951;-23.6209574 -46.608227;238;59;39
36;Thu Mar 14 21:42:41 2019;-23.6230255317148,-46.6076101830839;-23.6209552785041,-46.6082185361581;-23.6230217 -46.6075951;-23.6209574 -46.608227;238;59;38
37;Thu Mar 14 21:43:41 2019;-23.6230255317148,-46.6076101830839;-23.6209552785041,-46.6082185361581;-23.6230217 -46.6075951;-23.6209574 -46.608227;238;59;38
38;Thu Mar 14 21:44:42 2019;-23.6230255317148,-46.6076101830839;-23.6209552785041,-46.6082185361581;-23.6230217 -46.6075951;-23.6209574 -46.608227;238;59;47
39;Thu Mar 14 21:45:41 2019;-23.6230255317148,-46.6076101830839;-23.6209552785041,-46.6082185361581;-23.6230217 -46.6075951;-23.6209574 -46.608227;238;59;48
40;Thu Mar 14 21:46:41 2019;-23.6230255317148,-46.6076101830839;-23.6209552785041,-46.6082185361581;-23.6230217 -46.6075951;-23.6209574 -46.608227;238;59;42
41;Thu Mar 14 21:47:42 2019;-23.6230255317148,-46.6076101830839;-23.6209552785041,-46.6082185361581;-23.6230217 -46.6075951;-23.6209574 -46.608227;238;59;41
42;Thu Mar 14 21:48:42 2019;-23.6230255317148,-46.6076101830839;-23.6209552785041,-46.6082185361581;-23.6230217 -46.6075951;-23.6209574 -46.608227;238;59;41
43;Thu Mar 14 21:49:42 2019;-23.6230255317148,-46.6076101830839;-23.6209552785041,-46.6082185361581;-23.6230217 -46.6075951;-23.6209574 -46.608227;238;59;40
44;Thu Mar 14 21:50:42 2019;-23.6230255317148,-46.6076101830839;-23.6209552785041,-46.6082185361581;-23.6230217 -46.6075951;-23.6209574 -46.608227;238;59;41
45;Thu Mar 14 21:51:41 2019;-23.6230255317148,-46.6076101830839;-23.6209552785041,-46.6082185361581;-23.6230217 -46.6075951;-23.6209574 -46.608227;238;59;40
46;Thu Mar 14 21:52:43 2019;-23.6230255317148,-46.6076101830839;-23.6209552785041,-46.6082185361581;-23.6230217 -46.6075951;-23.6209574 -46.608227;238;59;40
47;Thu Mar 14 21:53:41 2019;-23.6230255317148,-46.6076101830839;-23.6209552785041,-46.6082185361581;-23.6230217 -46.6075951;-23.6209574 -46.608227;238;59;52
48;Thu Mar 14 21:54:41 2019;-23.6230255317148,-46.6076101830839;-23.6209552785041,-46.6082185361581;-23.6230217 -46.6075951;-23.6209574 -46.608227;238;59;52
49;Thu Mar 14 21:55:42 2019;-23.6230255317148,-46.6076101830839;-23.6209552785041,-46.6082185361581;-23.6230217 -46.6075951;-23.6209574 -46.608227;238;59;51
50;Thu Mar 14 21:56:41 2019;-23.6230255317148,-46.6076101830839;-23.6209552785041,-46.6082185361581;-23.6230217 -46.6075951;-23.6209574 -46.608227;238;59;51
51;Thu Mar 14 21:57:41 2019;-23.6230255317148,-46.6076101830839;-23.6209552785041,-46.6082185361581;-23.6230217 -46.6075951;-23.6209574 -46.608227;238;59;50
52;Thu Mar 14 21:58:41 2019;-23.6230255317148,-46.6076101830839;-23.6209552785041,-46.6082185361581;-23.6230217 -46.6075951;-23.6209574 -46.608227;238;59;49
53;Thu Mar 14 21:59:42 2019;-23.6230255317148,-46.6076101830839;-23.6209552785041,-46.6082185361581;-23.6230217 -46.6075951;-23.6209574 -46.608227;238;59;55
54;Thu Mar 14 22:00:42 2019;-23.6230255317148,-46.6076101830839;-23.6209552785041,-46.6082185361581;-23.6230217 -46.6075951;-23.6209574 -46.608227;238;59;47
55;Thu Mar 14 22:01:41 2019;-23.6230255317148,-46.6076101830839;-23.6209552785041,-46.6082185361581;-23.6230217 -46.6075951;-23.6209574 -46.608227;238;59;47
56;Thu Mar 14 22:02:42 2019;-23.6230255317148,-46.6076101830839;-23.6209552785041,-46.6082185361581;-23.6230217 -46.6075951;-23.6209574 -46.608227;238;59;49
57;Thu Mar 14 22:03:41 2019;-23.6230255317148,-46.6076101830839;-23.6209552785041,-46.6082185361581;-23.6230217 -46.6075951;-23.6209574 -46.608227;238;59;39
58;Thu Mar 14 22:04:41 2019;-23.6230255317148,-46.6076101830839;-23.6209552785041,-46.6082185361581;-23.6230217 -46.6075951;-23.6209574 -46.608227;238;59;40
59;Thu Mar 14 22:05:41 2019;-23.6230255317148,-46.6076101830839;-23.6209552785041,-46.6082185361581;-23.6230217 -46.6075951;-23.6209574 -46.608227;238;59;40
60;Thu Mar 14 22:06:42 2019;-23.6230255317148,-46.6076101830839;-23.6209552785041,-46.6082185361581;-23.6230217 -46.6075951;-23.6209574 -46.608227;238;59;42
61;Thu Mar 14 22:07:43 2019;-23.6230255317148,-46.6076101830839;-23.6209552785041,-46.6082185361581;-23.6230217 -46.6075951;-23.6209574 -46.608227;238;59;42
62;Thu Mar 14 22:08:41 2019;-23.6230255317148,-46.6076101830839;-23.6209552785041,-46.6082185361581;-23.6230217 -46.6075951;-23.6209574 -46.608227;238;59;42
63;Thu Mar 14 22:09:41 2019;-23.6230255317148,-46.6076101830839;-23.6209552785041,-46.6082185361581;-23.6230217 -46.6075951;-23.6209574 -46.608227;238;59;40
64;Thu Mar 14 22:10:41 2019;-23.6230255317148,-46.6076101830839;-23.6209552785041,-46.6082185361581;-23.6230217 -46.6075951;-23.6209574 -46.608227;238;59;41
65;Thu Mar 14 22:11:41 2019;-23.6230255317148,-46.6076101830839;-23.6209552785041,-46.6082185361581;-23.6230217 -46.6075951;-23.6209574 -46.608227;238;59;42
66;Thu Mar 14 22:12:41 2019;-23.6230255317148,-46.6076101830839;-23.6209552785041,-46.6082185361581;-23.6230217 -46.6075951;-23.6209574 -46.608227;238;59;42
67;Thu Mar 14 22:13:41 2019;-23.6230255317148,-46.6076101830839;-23.6209552785041,-46.6082185361581;-23.6230217 -46.6075951;-23.6209574 -46.608227;238;59;42
68;Thu Mar 14 22:14:41 2019;-23.6230255317148,-46.6076101830839;-23.6209552785041,-46.6082185361581;-23.6230217 -46.6075951;-23.6209574 -46.608227;238;59;45
69;Thu Mar 14 22:15:41 2019;-23.6230255317148,-46.6076101830839;-23.6209552785041,-46.6082185361581;-23.6230217 -46.6075951;-23.6209574 -46.608227;238;59;52
70;Thu Mar 14 22:16:41 2019;-23.6230255317148,-46.6076101830839;-23.6209552785041,-46.6082185361581;-23.6230217 -46.6075951;-23.6209574 -46.608227;238;59;54
71;Thu Mar 14 22:17:42 2019;-23.6230255317148,-46.6076101830839;-23.6209552785041,-46.6082185361581;-23.6230217 -46.6075951;-23.6209574 -46.608227;238;59;52
72;Thu Mar 14 22:18:41 2019;-23.6230255317148,-46.6076101830839;-23.6209552785041,-46.6082185361581;-23.6230217 -46.6075951;-23.6209574 -46.608227;238;59;55
73;Thu Mar 14 22:19:42 2019;-23.6230255317148,-46.6076101830839;-23.6209552785041,-46.6082185361581;-23.6230217 -46.6075951;-23.6209574 -46.608227;238;59;54
74;Thu Mar 14 22:20:41 2019;-23.6230255317148,-46.6076101830839;-23.6209552785041,-46.6082185361581;-23.6230217 -46.6075951;-23.6209574 -46.608227;238;59;55
75;Thu Mar 14 22:21:41 2019;-23.6230255317148,-46.6076101830839;-23.6209552785041,-46.6082185361581;-23.6230217 -46.6075951;-23.6209574 -46.608227;238;59;55
76;Thu Mar 14 22:22:43 2019;-23.6230255317148,-46.6076101830839;-23.6209552785041,-46.6082185361581;-23.6230217 -46.6075951;-23.6209574 -46.608227;238;59;53
77;Thu Mar 14 22:23:41 2019;-23.6230255317148,-46.6076101830839;-23.6209552785041,-46.6082185361581;-23.6230217 -46.6075951;-23.6209574 -46.608227;238;59;53
78;Thu Mar 14 22:24:41 2019;-23.6230255317148,-46.6076101830839;-23.6209552785041,-46.6082185361581;-23.6230217 -46.6075951;-23.6209574 -46.608227;238;59;52
79;Thu Mar 14 22:25:42 2019;-23.6230255317148,-46.6076101830839;-23.6209552785041,-46.6082185361581;-23.6230217 -46.6075951;-23.6209574 -46.608227;238;59;52
80;Thu Mar 14 22:26:42 2019;-23.6230255317148,-46.6076101830839;-23.6209552785041,-46.6082185361581;-23.6230217 -46.6075951;-23.6209574 -46.608227;238;59;52
81;Thu Mar 14 22:27:42 2019;-23.6230255317148,-46.6076101830839;-23.6209552785041,-46.6082185361581;-23.6230217 -46.6075951;-23.6209574 -46.608227;238;59;52
82;Thu Mar 14 22:28:41 2019;-23.6230255317148,-46.6076101830839;-23.6209552785041,-46.6082185361581;-23.6230217 -46.6075951;-23.6209574 -46.608227;238;59;52
83;Thu Mar 14 22:29:41 2019;-23.6230255317148,-46.6076101830839;-23.6209552785041,-46.6082185361581;-23.6230217 -46.6075951;-23.6209574 -46.608227;238;59;47
84;Thu Mar 14 22:30:41 2019;-23.6230255317148,-46.6076101830839;-23.6209552785041,-46.6082185361581;-23.6230217 -46.6075951;-23.6209574 -46.608227;238;59;47
85;Thu Mar 14 22:31:41 2019;-23.6230255317148,-46.6076101830839;-23.6209552785041,-46.6082185361581;-23.6230217 -46.6075951;-23.6209574 -46.608227;238;59;47
86;Thu Mar 14 22:32:41 2019;-23.6230255317148,-46.6076101830839;-23.6209552785041,-46.6082185361581;-23.6230217 -46.6075951;-23.6209574 -46.608227;238;59;48
87;Thu Mar 14 22:33:41 2019;-23.6230255317148,-46.6076101830839;-23.6209552785041,-46.6082185361581;-23.6230217 -46.6075951;-23.6209574 -46.608227;238;59;47
88;Thu Mar 14 22:34:41 2019;-23.6230255317148,-46.6076101830839;-23.6209552785041,-46.6082185361581;-23.6230217 -46.6075951;-23.6209574 -46.608227;238;59;48
89;Thu Mar 14 22:35:41 2019;-23.6230255317148,-46.6076101830839;-23.6209552785041,-46.6082185361581;-23.6230217 -46.6075951;-23.6209574 -46.608227;238;59;49
90;Thu Mar 14 22:36:41 2019;-23.6230255317148,-46.6076101830839;-23.6209552785041,-46.6082185361581;-23.6230217 -46.6075951;-23.6209574 -46.608227;238;59;49
91;Thu Mar 14 22:37:43 2019;-23.6230255317148,-46.6076101830839;-23.6209552785041,-46.6082185361581;-23.6230217 -46.6075951;-23.6209574 -46.608227;238;59;50
92;Thu Mar 14 22:38:42 2019;-23.6230255317148,-46.6076101830839;-23.6209552785041,-46.6082185361581;-23.6230217 -46.6075951;-23.6209574 -46.608227;238;59;49
93;Thu Mar 14 22:39:42 2019;-23.6230255317148,-46.6076101830839;-23.6209552785041,-46.6082185361581;-23.6230217 -46.6075951;-23.6209574 -46.608227;238;59;50
94;Thu Mar 14 22:40:42 2019;-23.6230255317148,-46.6076101830839;-23.6209552785041,-46.6082185361581;-23.6230217 -46.6075951;-23.6209574 -46.608227;238;59;51
95;Thu Mar 14 22:41:41 2019;-23.6230255317148,-46.6076101830839;-23.6209552785041,-46.6082185361581;-23.6230217 -46.6075951;-23.6209574 -46.608227;238;59;51
96;Thu Mar 14 22:42:41 2019;-23.6230255317148,-46.6076101830839;-23.6209552785041,-46.6082185361581;-23.6230217 -46.6075951;-23.6209574 -46.608227;238;59;54
97;Thu Mar 14 22:43:41 2019;-23.6230255317148,-46.6076101830839;-23.6209552785041,-46.6082185361581;-23.6230217 -46.6075951;-23.6209574 -46.608227;238;59;54
98;Thu Mar 14 22:44:42 2019;-23.6230255317148,-46.6076101830839;-23.6209552785041,-46.6082185361581;-23.6230217 -46.6075951;-23.6209574 -46.608227;238;59;54
99;Thu Mar 14 22:45:41 2019;-23.6230255317148,-46.6076101830839;-23.6209552785041,-46.6082185361581;-23.6230217 -46.6075951;-23.6209574 -46.608227;238;59;55
100;Thu Mar 14 22:46:42 2019;-23.6230255317148,-46.6076101830839;-23.6209552785041,-46.6082185361581;-23.6230217 -46.6075951;-23.6209574 -46.608227;238;59;56
101;Thu Mar 14 22:47:42 2019;-23.6230255317148,-46.6076101830839;-23.6209552785041,-46.6082185361581;-23.6230217 -46.6075951;-23.6209574 -46.608227;238;59;56
102;Thu Mar 14 22:48:41 2019;-23.6230255317148,-46.6076101830839;-23.6209552785041,-46.6082185361581;-23.6230217 -46.6075951;-23.6209574 -46.608227;238;59;56
103;Thu Mar 14 22:49:42 2019;-23.6230255317148,-46.6076101830839;-23.6209552785041,-46.6082185361581;-23.6230217 -46.6075951;-23.6209574 -46.608227;238;59;55
104;Thu Mar 14 22:50:42 2019;-23.6230255317148,-46.6076101830839;-23.6209552785041,-46.6082185361581;-23.6230217 -46.6075951;-23.6209574 -46.608227;238;59;55
105;Thu Mar 14 22:51:41 2019;-23.6230255317148,-46.6076101830839;-23.6209552785041,-46.6082185361581;-23.6230217 -46.6075951;-23.6209574 -46.608227;238;59;56
106;Thu Mar 14 22:52:43 2019;-23.6230255317148,-46.6076101830839;-23.6209552785041,-46.6082185361581;-23.6230217 -46.6075951;-23.6209574 -46.608227;238;59;55
107;Thu Mar 14 22:53:41 2019;-23.6230255317148,-46.6076101830839;-23.6209552785041,-46.6082185361581;-23.6230217 -46.6075951;-23.6209574 -46.608227;238;59;55
108;Thu Mar 14 22:54:42 2019;-23.6230255317148,-46.6076101830839;-23.6209552785041,-46.6082185361581;-23.6230217 -46.6075951;-23.6209574 -46.608227;238;59;54
109;Thu Mar 14 22:55:41 2019;-23.6230255317148,-46.6076101830839;-23.6209552785041,-46.6082185361581;-23.6230217 -46.6075951;-23.6209574 -46.608227;238;59;49
110;Thu Mar 14 22:56:41 2019;-23.6230255317148,-46.6076101830839;-23.6209552785041,-46.6082185361581;-23.6230217 -46.6075951;-23.6209574 -46.608227;238;59;50
111;Thu Mar 14 22:57:42 2019;-23.6230255317148,-46.6076101830839;-23.6209552785041,-46.6082185361581;-23.6230217 -46.6075951;-23.6209574 -46.608227;238;59;49
112;Thu Mar 14 22:58:41 2019;-23.6230255317148,-46.6076101830839;-23.6209552785041,-46.6082185361581;-23.6230217 -46.6075951;-23.6209574 -46.608227;238;59;50
113;Thu Mar 14 22:59:42 2019;-23.6230255317148,-46.6076101830839;-23.6209552785041,-46.6082185361581;-23.6230217 -46.6075951;-23.6209574 -46.608227;238;59;50
114;Thu Mar 14 23:00:41 2019;-23.6230255317148,-46.6076101830839;-23.6209552785041,-46.6082185361581;-23.6230217 -46.6075951;-23.6209574 -46.608227;238;59;50
115;Thu Mar 14 23:01:41 2019;-23.6230255317148,-46.6076101830839;-23.6209552785041,-46.6082185361581;-23.6230217 -46.6075951;-23.6209574 -46.608227;238;59;52
116;Thu Mar 14 23:02:41 2019;-23.6230255317148,-46.6076101830839;-23.6209552785041,-46.6082185361581;-23.6230217 -46.6075951;-23.6209574 -46.608227;238;59;50
117;Thu Mar 14 23:03:41 2019;-23.6230255317148,-46.6076101830839;-23.6209552785041,-46.6082185361581;-23.6230217 -46.6075951;-23.6209574 -46.608227;238;59;50
118;Thu Mar 14 23:04:41 2019;-23.6230255317148,-46.6076101830839;-23.6209552785041,-46.6082185361581;-23.6230217 -46.6075951;-23.6209574 -46.608227;238;59;51
119;Thu Mar 14 23:05:41 2019;-23.6230255317148,-46.6076101830839;-23.6209552785041,-46.6082185361581;-23.6230217 -46.6075951;-23.6209574 -46.608227;238;59;51
120;Thu Mar 14 23:06:41 2019;-23.6230255317148,-46.6076101830839;-23.6209552785041,-46.6082185361581;-23.6230217 -46.6075951;-23.6209574 -46.608227;238;59;51
121;Thu Mar 14 23:07:43 2019;-23.6230255317148,-46.6076101830839;-23.6209552785041,-46.6082185361581;-23.6230217 -46.6075951;-23.6209574 -46.608227;238;59;51
122;Thu Mar 14 23:08:41 2019;-23.6230255317148,-46.6076101830839;-23.6209552785041,-46.6082185361581;-23.6230217 -46.6075951;-23.6209574 -46.608227;238;59;51
123;Thu Mar 14 23:09:42 2019;-23.6230255317148,-46.6076101830839;-23.6209552785041,-46.6082185361581;-23.6230217 -46.6075951;-23.6209574 -46.608227;238;59;51
124;Thu Mar 14 23:10:41 2019;-23.6230255317148,-46.6076101830839;-23.6209552785041,-46.6082185361581;-23.6230217 -46.6075951;-23.6209574 -46.608227;238;59;50
125;Thu Mar 14 23:11:41 2019;-23.6230255317148,-46.6076101830839;-23.6209552785041,-46.6082185361581;-23.6230217 -46.6075951;-23.6209574 -46.608227;238;59;51
126;Thu Mar 14 23:12:41 2019;-23.6230255317148,-46.6076101830839;-23.6209552785041,-46.6082185361581;-23.6230217 -46.6075951;-23.6209574 -46.608227;238;59;51
127;Thu Mar 14 23:13:41 2019;-23.6230255317148,-46.6076101830839;-23.6209552785041,-46.6082185361581;-23.6230217 -46.6075951;-23.6209574 -46.608227;238;59;51
128;Thu Mar 14 23:14:41 2019;-23.6230255317148,-46.6076101830839;-23.6209552785041,-46.6082185361581;-23.6230217 -46.6075951;-23.6209574 -46.608227;238;59;51
129;Thu Mar 14 23:15:42 2019;-23.6230255317148,-46.6076101830839;-23.6209552785041,-46.6082185361581;-23.6230217 -46.6075951;-23.6209574 -46.608227;238;59;50
130;Thu Mar 14 23:16:41 2019;-23.6230255317148,-46.6076101830839;-23.6209552785041,-46.6082185361581;-23.6230217 -46.6075951;-23.6209574 -46.608227;238;59;49
131;Thu Mar 14 23:17:41 2019;-23.6230255317148,-46.6076101830839;-23.6209552785041,-46.6082185361581;-23.6230217 -46.6075951;-23.6209574 -46.608227;238;59;49
132;Thu Mar 14 23:18:42 2019;-23.6230255317148,-46.6076101830839;-23.6209552785041,-46.6082185361581;-23.6230217 -46.6075951;-23.6209574 -46.608227;238;59;48
133;Thu Mar 14 23:19:41 2019;-23.6230255317148,-46.6076101830839;-23.6209552785041,-46.6082185361581;-23.6230217 -46.6075951;-23.6209574 -46.608227;238;59;47
134;Thu Mar 14 23:20:41 2019;-23.6230255317148,-46.6076101830839;-23.6209552785041,-46.6082185361581;-23.6230217 -46.6075951;-23.6209574 -46.608227;238;59;47
135;Thu Mar 14 23:21:42 2019;-23.6230255317148,-46.6076101830839;-23.6209552785041,-46.6082185361581;-23.6230217 -46.6075951;-23.6209574 -46.608227;238;59;47
136;Thu Mar 14 23:22:43 2019;-23.6230255317148,-46.6076101830839;-23.6209552785041,-46.6082185361581;-23.6230217 -46.6075951;-23.6209574 -46.608227;238;59;49
137;Thu Mar 14 23:23:41 2019;-23.6230255317148,-46.6076101830839;-23.6209552785041,-46.6082185361581;-23.6230217 -46.6075951;-23.6209574 -46.608227;238;59;46
138;Thu Mar 14 23:24:41 2019;-23.6230255317148,-46.6076101830839;-23.6209552785041,-46.6082185361581;-23.6230217 -46.6075951;-23.6209574 -46.608227;238;59;42
139;Thu Mar 14 23:25:41 2019;-23.6230255317148,-46.6076101830839;-23.6209552785041,-46.6082185361581;-23.6230217 -46.6075951;-23.6209574 -46.608227;238;59;47
140;Thu Mar 14 23:26:41 2019;-23.6230255317148,-46.6076101830839;-23.6209552785041,-46.6082185361581;-23.6230217 -46.6075951;-23.6209574 -46.608227;238;59;46
141;Thu Mar 14 23:27:42 2019;-23.6230255317148,-46.6076101830839;-23.6209552785041,-46.6082185361581;-23.6230217 -46.6075951;-23.6209574 -46.608227;238;59;47
142;Thu Mar 14 23:28:41 2019;-23.6230255317148,-46.6076101830839;-23.6209552785041,-46.6082185361581;-23.6230217 -46.6075951;-23.6209574 -46.608227;238;59;46
143;Thu Mar 14 23:29:41 2019;-23.6230255317148,-46.6076101830839;-23.6209552785041,-46.6082185361581;-23.6230217 -46.6075951;-23.6209574 -46.608227;238;59;46
144;Thu Mar 14 23:30:41 2019;-23.6230255317148,-46.6076101830839;-23.6209552785041,-46.6082185361581;-23.6230217 -46.6075951;-23.6209574 -46.608227;238;59;45
145;Thu Mar 14 23:31:41 2019;-23.6230255317148,-46.6076101830839;-23.6209552785041,-46.6082185361581;-23.6230217 -46.6075951;-23.6209574 -46.608227;238;59;44
146;Thu Mar 14 23:32:41 2019;-23.6230255317148,-46.6076101830839;-23.6209552785041,-46.6082185361581;-23.6230217 -46.6075951;-23.6209574 -46.608227;238;59;44
147;Thu Mar 14 23:33:41 2019;-23.6230255317148,-46.6076101830839;-23.6209552785041,-46.6082185361581;-23.6230217 -46.6075951;-23.6209574 -46.608227;238;59;43
148;Thu Mar 14 23:34:41 2019;-23.6230255317148,-46.6076101830839;-23.6209552785041,-46.6082185361581;-23.6230217 -46.6075951;-23.6209574 -46.608227;238;59;43
149;Thu Mar 14 23:35:42 2019;-23.6230255317148,-46.6076101830839;-23.6209552785041,-46.6082185361581;-23.6230217 -46.6075951;-23.6209574 -46.608227;238;59;43
150;Thu Mar 14 23:36:41 2019;-23.6230255317148,-46.6076101830839;-23.6209552785041,-46.6082185361581;-23.6230217 -46.6075951;-23.6209574 -46.608227;238;59;42
151;Thu Mar 14 23:37:42 2019;-23.6230255317148,-46.6076101830839;-23.6209552785041,-46.6082185361581;-23.6230217 -46.6075951;-23.6209574 -46.608227;238;59;46
152;Thu Mar 14 23:38:41 2019;-23.6230255317148,-46.6076101830839;-23.6209552785041,-46.6082185361581;-23.6230217 -46.6075951;-23.6209574 -46.608227;238;59;46
153;Thu Mar 14 23:39:41 2019;-23.6230255317148,-46.6076101830839;-23.6209552785041,-46.6082185361581;-23.6230217 -46.6075951;-23.6209574 -46.608227;238;59;49
154;Thu Mar 14 23:40:41 2019;-23.6230255317148,-46.6076101830839;-23.6209552785041,-46.6082185361581;-23.6230217 -46.6075951;-23.6209574 -46.608227;238;59;49
155;Thu Mar 14 23:41:41 2019;-23.6230255317148,-46.6076101830839;-23.6209552785041,-46.6082185361581;-23.6230217 -46.6075951;-23.6209574 -46.608227;238;59;48
156;Thu Mar 14 23:42:42 2019;-23.6230255317148,-46.6076101830839;-23.6209552785041,-46.6082185361581;-23.6230217 -46.6075951;-23.6209574 -46.608227;238;59;48
157;Thu Mar 14 23:43:41 2019;-23.6230255317148,-46.6076101830839;-23.6209552785041,-46.6082185361581;-23.6230217 -46.6075951;-23.6209574 -46.608227;238;59;41
158;Thu Mar 14 23:44:41 2019;-23.6230255317148,-46.6076101830839;-23.6209552785041,-46.6082185361581;-23.6230217 -46.6075951;-23.6209574 -46.608227;238;59;42
159;Thu Mar 14 23:45:41 2019;-23.6230255317148,-46.6076101830839;-23.6209552785041,-46.6082185361581;-23.6230217 -46.6075951;-23.6209574 -46.608227;238;59;43
160;Thu Mar 14 23:46:42 2019;-23.6230255317148,-46.6076101830839;-23.6209552785041,-46.6082185361581;-23.6230217 -46.6075951;-23.6209574 -46.608227;238;59;43
161;Thu Mar 14 23:47:42 2019;-23.6230255317148,-46.6076101830839;-23.6209552785041,-46.6082185361581;-23.6230217 -46.6075951;-23.6209574 -46.608227;238;59;43
162;Thu Mar 14 23:48:42 2019;-23.6230255317148,-46.6076101830839;-23.6209552785041,-46.6082185361581;-23.6230217 -46.6075951;-23.6209574 -46.608227;238;59;43
163;Thu Mar 14 23:49:41 2019;-23.6230255317148,-46.6076101830839;-23.6209552785041,-46.6082185361581;-23.6230217 -46.6075951;-23.6209574 -46.608227;238;59;43
164;Thu Mar 14 23:50:42 2019;-23.6230255317148,-46.6076101830839;-23.6209552785041,-46.6082185361581;-23.6230217 -46.6075951;-23.6209574 -46.608227;238;59;43
165;Thu Mar 14 23:51:41 2019;-23.6230255317148,-46.6076101830839;-23.6209552785041,-46.6082185361581;-23.6230217 -46.6075951;-23.6209574 -46.608227;238;59;42
166;Thu Mar 14 23:52:43 2019;-23.6230255317148,-46.6076101830839;-23.6209552785041,-46.6082185361581;-23.6230217 -46.6075951;-23.6209574 -46.608227;238;59;42
167;Thu Mar 14 23:53:41 2019;-23.6230255317148,-46.6076101830839;-23.6209552785041,-46.6082185361581;-23.6230217 -46.6075951;-23.6209574 -46.608227;238;59;44
168;Thu Mar 14 23:54:41 2019;-23.6230255317148,-46.6076101830839;-23.6209552785041,-46.6082185361581;-23.6230217 -46.6075951;-23.6209574 -46.608227;238;59;43
169;Thu Mar 14 23:55:41 2019;-23.6230255317148,-46.6076101830839;-23.6209552785041,-46.6082185361581;-23.6230217 -46.6075951;-23.6209574 -46.608227;238;59;44
170;Thu Mar 14 23:56:42 2019;-23.6230255317148,-46.6076101830839;-23.6209552785041,-46.6082185361581;-23.6230217 -46.6075951;-23.6209574 -46.608227;238;59;43
171;Thu Mar 14 23:57:42 2019;-23.6230255317148,-46.6076101830839;-23.6209552785041,-46.6082185361581;-23.6230217 -46.6075951;-23.6209574 -46.608227;238;59;43
172;Thu Mar 14 23:58:41 2019;-23.6230255317148,-46.6076101830839;-23.6209552785041,-46.6082185361581;-23.6230217 -46.6075951;-23.6209574 -46.608227;238;59;43
173;Thu Mar 14 23:59:41 2019;-23.6230255317148,-46.6076101830839;-23.6209552785041,-46.6082185361581;-23.6230217 -46.6075951;-23.6209574 -46.608227;238;59;41
