38972;Thu Mar 14 00:00:10 2019;-23.6398249 -46.6073089;-23.5890733 -46.6336419;8572;1681;1293
39213;Thu Mar 14 04:01:16 2019;-23.6398249 -46.6073089;-23.5890733 -46.6336419;8572;1681;1185
39214;Thu Mar 14 04:02:09 2019;-23.6398249 -46.6073089;-23.5890733 -46.6336419;8572;1681;1185
39215;Thu Mar 14 04:03:10 2019;-23.6398249 -46.6073089;-23.5890733 -46.6336419;8572;1681;1184
39216;Thu Mar 14 04:04:10 2019;-23.6398249 -46.6073089;-23.5890733 -46.6336419;8572;1681;1183
39217;Thu Mar 14 04:05:10 2019;-23.6398249 -46.6073089;-23.5890733 -46.6336419;8572;1681;1183
39218;Thu Mar 14 04:06:10 2019;-23.6398249 -46.6073089;-23.5890733 -46.6336419;8572;1681;1114
39219;Thu Mar 14 04:07:10 2019;-23.6398249 -46.6073089;-23.5890733 -46.6336419;8572;1681;1172
39220;Thu Mar 14 04:08:10 2019;-23.6398249 -46.6073089;-23.5890733 -46.6336419;8572;1681;1174
39221;Thu Mar 14 04:09:10 2019;-23.6398249 -46.6073089;-23.5890733 -46.6336419;8572;1681;1107
39222;Thu Mar 14 04:10:10 2019;-23.6398249 -46.6073089;-23.5890733 -46.6336419;8572;1681;1112
1;Thu Mar 14 21:07:48 2019;-23.6398249 -46.6073089;-23.5890733 -46.6336419;8572;1681;1556
2;Thu Mar 14 21:08:46 2019;-23.6398249 -46.6073089;-23.5890733 -46.6336419;8572;1681;1552
3;Thu Mar 14 21:09:44 2019;-23.6398249 -46.6073089;-23.5890733 -46.6336419;8572;1681;1566
4;Thu Mar 14 21:10:43 2019;-23.6398249 -46.6073089;-23.5890733 -46.6336419;8572;1681;1531
5;Thu Mar 14 21:11:44 2019;-23.6398249 -46.6073089;-23.5890733 -46.6336419;8572;1681;1544
6;Thu Mar 14 21:12:43 2019;-23.6398249 -46.6073089;-23.5890733 -46.6336419;8572;1681;1540
7;Thu Mar 14 21:13:44 2019;-23.6398249 -46.6073089;-23.5890733 -46.6336419;8572;1681;1530
8;Thu Mar 14 21:14:44 2019;-23.6398249 -46.6073089;-23.5890733 -46.6336419;8572;1681;1526
9;Thu Mar 14 21:15:43 2019;-23.6398249 -46.6073089;-23.5890733 -46.6336419;8572;1681;1622
10;Thu Mar 14 21:16:44 2019;-23.6398249 -46.6073089;-23.5890733 -46.6336419;8572;1681;1579
11;Thu Mar 14 21:17:44 2019;-23.6398249 -46.6073089;-23.5890733 -46.6336419;8572;1681;1553
12;Thu Mar 14 21:18:44 2019;-23.6398249 -46.6073089;-23.5890733 -46.6336419;8572;1681;1518
13;Thu Mar 14 21:19:44 2019;-23.6398249 -46.6073089;-23.5890733 -46.6336419;8572;1681;1518
14;Thu Mar 14 21:20:44 2019;-23.6398249 -46.6073089;-23.5890733 -46.6336419;8572;1681;1495
15;Thu Mar 14 21:21:45 2019;-23.6398249 -46.6073089;-23.5890733 -46.6336419;8572;1681;1525
16;Thu Mar 14 21:22:49 2019;-23.6398249 -46.6073089;-23.5890733 -46.6336419;8572;1681;1529
17;Thu Mar 14 21:23:44 2019;-23.6398249 -46.6073089;-23.5890733 -46.6336419;8572;1681;1568
18;Thu Mar 14 21:24:44 2019;-23.6398249 -46.6073089;-23.5890733 -46.6336419;8572;1681;1466
19;Thu Mar 14 21:25:44 2019;-23.6398249 -46.6073089;-23.5890733 -46.6336419;8572;1681;1448
20;Thu Mar 14 21:26:43 2019;-23.6398249 -46.6073089;-23.5890733 -46.6336419;8572;1681;1485
21;Thu Mar 14 21:27:44 2019;-23.6398249 -46.6073089;-23.5890733 -46.6336419;8572;1681;1423
22;Thu Mar 14 21:28:43 2019;-23.6398249 -46.6073089;-23.5890733 -46.6336419;8572;1681;1443
23;Thu Mar 14 21:29:44 2019;-23.6398249 -46.6073089;-23.5890733 -46.6336419;8572;1681;1453
24;Thu Mar 14 21:30:44 2019;-23.6398249 -46.6073089;-23.5890733 -46.6336419;8572;1681;1414
25;Thu Mar 14 21:31:44 2019;-23.6398249 -46.6073089;-23.5890733 -46.6336419;8572;1681;1434
26;Thu Mar 14 21:32:44 2019;-23.6398249 -46.6073089;-23.5890733 -46.6336419;8572;1681;1438
27;Thu Mar 14 21:33:44 2019;-23.6398249 -46.6073089;-23.5890733 -46.6336419;8572;1681;1455
28;Thu Mar 14 21:34:43 2019;-23.6398249 -46.6073089;-23.5890733 -46.6336419;8572;1681;1416
29;Thu Mar 14 21:35:44 2019;-23.6398249 -46.6073089;-23.5890733 -46.6336419;8572;1681;1440
30;Thu Mar 14 21:36:44 2019;-23.6398249 -46.6073089;-23.5890733 -46.6336419;8572;1681;1408
31;Thu Mar 14 21:37:50 2019;-23.6398249 -46.6073089;-23.5890733 -46.6336419;8572;1681;1446
32;Thu Mar 14 21:38:44 2019;-23.6398249 -46.6073089;-23.5890733 -46.6336419;8572;1681;1429
33;Thu Mar 14 21:39:44 2019;-23.6398249 -46.6073089;-23.5890733 -46.6336419;8572;1681;1437
34;Thu Mar 14 21:40:43 2019;-23.6398249 -46.6073089;-23.5890733 -46.6336419;8572;1681;1412
35;Thu Mar 14 21:41:44 2019;-23.6398249 -46.6073089;-23.5890733 -46.6336419;8572;1681;1419
36;Thu Mar 14 21:42:44 2019;-23.6398249 -46.6073089;-23.5890733 -46.6336419;8572;1681;1425
37;Thu Mar 14 21:43:44 2019;-23.6398249 -46.6073089;-23.5890733 -46.6336419;8572;1681;1439
38;Thu Mar 14 21:44:44 2019;-23.6398249 -46.6073089;-23.5890733 -46.6336419;8572;1681;1455
39;Thu Mar 14 21:45:44 2019;-23.6398249 -46.6073089;-23.5890733 -46.6336419;8572;1681;1464
40;Thu Mar 14 21:46:44 2019;-23.6398249 -46.6073089;-23.5890733 -46.6336419;8572;1681;1472
41;Thu Mar 14 21:47:44 2019;-23.6398249 -46.6073089;-23.5890733 -46.6336419;8572;1681;1482
42;Thu Mar 14 21:48:44 2019;-23.6398249 -46.6073089;-23.5890733 -46.6336419;8572;1681;1486
43;Thu Mar 14 21:49:44 2019;-23.6398249 -46.6073089;-23.5890733 -46.6336419;8572;1681;1439
44;Thu Mar 14 21:50:44 2019;-23.6398249 -46.6073089;-23.5890733 -46.6336419;8572;1681;1416
45;Thu Mar 14 21:51:43 2019;-23.6398249 -46.6073089;-23.5890733 -46.6336419;8572;1681;1413
46;Thu Mar 14 21:52:47 2019;-23.6398249 -46.6073089;-23.5890733 -46.6336419;8572;1681;1423
47;Thu Mar 14 21:53:44 2019;-23.6398249 -46.6073089;-23.5890733 -46.6336419;8572;1681;1441
48;Thu Mar 14 21:54:44 2019;-23.6398249 -46.6073089;-23.5890733 -46.6336419;8572;1681;1435
49;Thu Mar 14 21:55:44 2019;-23.6398249 -46.6073089;-23.5890733 -46.6336419;8572;1681;1426
50;Thu Mar 14 21:56:43 2019;-23.6398249 -46.6073089;-23.5890733 -46.6336419;8572;1681;1396
51;Thu Mar 14 21:57:44 2019;-23.6398249 -46.6073089;-23.5890733 -46.6336419;8572;1681;1428
52;Thu Mar 14 21:58:44 2019;-23.6398249 -46.6073089;-23.5890733 -46.6336419;8572;1681;1441
53;Thu Mar 14 21:59:44 2019;-23.6398249 -46.6073089;-23.5890733 -46.6336419;8572;1681;1438
54;Thu Mar 14 22:00:44 2019;-23.6398249 -46.6073089;-23.5890733 -46.6336419;8572;1681;1400
55;Thu Mar 14 22:01:43 2019;-23.6398249 -46.6073089;-23.5890733 -46.6336419;8572;1681;1422
56;Thu Mar 14 22:02:44 2019;-23.6398249 -46.6073089;-23.5890733 -46.6336419;8572;1681;1404
57;Thu Mar 14 22:03:43 2019;-23.6398249 -46.6073089;-23.5890733 -46.6336419;8572;1681;1354
58;Thu Mar 14 22:04:43 2019;-23.6398249 -46.6073089;-23.5890733 -46.6336419;8572;1681;1356
59;Thu Mar 14 22:05:43 2019;-23.6398249 -46.6073089;-23.5890733 -46.6336419;8572;1681;1375
60;Thu Mar 14 22:06:45 2019;-23.6398249 -46.6073089;-23.5890733 -46.6336419;8572;1681;1410
61;Thu Mar 14 22:07:47 2019;-23.6398249 -46.6073089;-23.5890733 -46.6336419;8572;1681;1416
62;Thu Mar 14 22:08:43 2019;-23.6398249 -46.6073089;-23.5890733 -46.6336419;8572;1681;1406
63;Thu Mar 14 22:09:44 2019;-23.6398249 -46.6073089;-23.5890733 -46.6336419;8572;1681;1385
64;Thu Mar 14 22:10:43 2019;-23.6398249 -46.6073089;-23.5890733 -46.6336419;8572;1681;1385
65;Thu Mar 14 22:11:44 2019;-23.6398249 -46.6073089;-23.5890733 -46.6336419;8572;1681;1408
66;Thu Mar 14 22:12:43 2019;-23.6398249 -46.6073089;-23.5890733 -46.6336419;8572;1681;1400
67;Thu Mar 14 22:13:43 2019;-23.6398249 -46.6073089;-23.5890733 -46.6336419;8572;1681;1410
68;Thu Mar 14 22:14:44 2019;-23.6398249 -46.6073089;-23.5890733 -46.6336419;8572;1681;1447
69;Thu Mar 14 22:15:43 2019;-23.6398249 -46.6073089;-23.5890733 -46.6336419;8572;1681;1408
70;Thu Mar 14 22:16:43 2019;-23.6398249 -46.6073089;-23.5890733 -46.6336419;8572;1681;1426
71;Thu Mar 14 22:17:44 2019;-23.6398249 -46.6073089;-23.5890733 -46.6336419;8572;1681;1440
72;Thu Mar 14 22:18:44 2019;-23.6398249 -46.6073089;-23.5890733 -46.6336419;8572;1681;1417
73;Thu Mar 14 22:19:44 2019;-23.6398249 -46.6073089;-23.5890733 -46.6336419;8572;1681;1440
74;Thu Mar 14 22:20:44 2019;-23.6398249 -46.6073089;-23.5890733 -46.6336419;8572;1681;1449
75;Thu Mar 14 22:21:43 2019;-23.6398249 -46.6073089;-23.5890733 -46.6336419;8572;1681;1455
76;Thu Mar 14 22:22:49 2019;-23.6398249 -46.6073089;-23.5890733 -46.6336419;8572;1681;1433
77;Thu Mar 14 22:23:44 2019;-23.6398249 -46.6073089;-23.5890733 -46.6336419;8572;1681;1454
78;Thu Mar 14 22:24:43 2019;-23.6398249 -46.6073089;-23.5890733 -46.6336419;8572;1681;1445
79;Thu Mar 14 22:25:44 2019;-23.6398249 -46.6073089;-23.5890733 -46.6336419;8572;1681;1406
80;Thu Mar 14 22:26:44 2019;-23.6398249 -46.6073089;-23.5890733 -46.6336419;8572;1681;1412
81;Thu Mar 14 22:27:44 2019;-23.6398249 -46.6073089;-23.5890733 -46.6336419;8572;1681;1416
82;Thu Mar 14 22:28:43 2019;-23.6398249 -46.6073089;-23.5890733 -46.6336419;8572;1681;1406
83;Thu Mar 14 22:29:44 2019;-23.6398249 -46.6073089;-23.5890733 -46.6336419;8572;1681;1429
84;Thu Mar 14 22:30:43 2019;-23.6398249 -46.6073089;-23.5890733 -46.6336419;8572;1681;1424
85;Thu Mar 14 22:31:44 2019;-23.6398249 -46.6073089;-23.5890733 -46.6336419;8572;1681;1410
86;Thu Mar 14 22:32:43 2019;-23.6398249 -46.6073089;-23.5890733 -46.6336419;8572;1681;1417
87;Thu Mar 14 22:33:44 2019;-23.6398249 -46.6073089;-23.5890733 -46.6336419;8572;1681;1425
88;Thu Mar 14 22:34:43 2019;-23.6398249 -46.6073089;-23.5890733 -46.6336419;8572;1681;1406
89;Thu Mar 14 22:35:43 2019;-23.6398249 -46.6073089;-23.5890733 -46.6336419;8572;1681;1436
90;Thu Mar 14 22:36:43 2019;-23.6398249 -46.6073089;-23.5890733 -46.6336419;8572;1681;1462
91;Thu Mar 14 22:37:48 2019;-23.6398249 -46.6073089;-23.5890733 -46.6336419;8572;1681;1455
92;Thu Mar 14 22:38:45 2019;-23.6398249 -46.6073089;-23.5890733 -46.6336419;8572;1681;1451
93;Thu Mar 14 22:39:44 2019;-23.6398249 -46.6073089;-23.5890733 -46.6336419;8572;1681;1445
94;Thu Mar 14 22:40:44 2019;-23.6398249 -46.6073089;-23.5890733 -46.6336419;8572;1681;1436
95;Thu Mar 14 22:41:43 2019;-23.6398249 -46.6073089;-23.5890733 -46.6336419;8572;1681;1414
96;Thu Mar 14 22:42:43 2019;-23.6398249 -46.6073089;-23.5890733 -46.6336419;8572;1681;1420
97;Thu Mar 14 22:43:44 2019;-23.6398249 -46.6073089;-23.5890733 -46.6336419;8572;1681;1429
98;Thu Mar 14 22:44:44 2019;-23.6398249 -46.6073089;-23.5890733 -46.6336419;8572;1681;1424
99;Thu Mar 14 22:45:44 2019;-23.6398249 -46.6073089;-23.5890733 -46.6336419;8572;1681;1406
100;Thu Mar 14 22:46:44 2019;-23.6398249 -46.6073089;-23.5890733 -46.6336419;8572;1681;1390
101;Thu Mar 14 22:47:44 2019;-23.6398249 -46.6073089;-23.5890733 -46.6336419;8572;1681;1357
102;Thu Mar 14 22:48:44 2019;-23.6398249 -46.6073089;-23.5890733 -46.6336419;8572;1681;1394
103;Thu Mar 14 22:49:44 2019;-23.6398249 -46.6073089;-23.5890733 -46.6336419;8572;1681;1392
104;Thu Mar 14 22:50:44 2019;-23.6398249 -46.6073089;-23.5890733 -46.6336419;8572;1681;1372
105;Thu Mar 14 22:51:44 2019;-23.6398249 -46.6073089;-23.5890733 -46.6336419;8572;1681;1378
106;Thu Mar 14 22:52:50 2019;-23.6398249 -46.6073089;-23.5890733 -46.6336419;8572;1681;1403
107;Thu Mar 14 22:53:44 2019;-23.6398249 -46.6073089;-23.5890733 -46.6336419;8572;1681;1393
108;Thu Mar 14 22:54:44 2019;-23.6398249 -46.6073089;-23.5890733 -46.6336419;8572;1681;1405
109;Thu Mar 14 22:55:44 2019;-23.6398249 -46.6073089;-23.5890733 -46.6336419;8572;1681;1389
110;Thu Mar 14 22:56:43 2019;-23.6398249 -46.6073089;-23.5890733 -46.6336419;8572;1681;1386
111;Thu Mar 14 22:57:44 2019;-23.6398249 -46.6073089;-23.5890733 -46.6336419;8572;1681;1353
112;Thu Mar 14 22:58:43 2019;-23.6398249 -46.6073089;-23.5890733 -46.6336419;8572;1681;1365
113;Thu Mar 14 22:59:44 2019;-23.6398249 -46.6073089;-23.5890733 -46.6336419;8572;1681;1356
114;Thu Mar 14 23:00:44 2019;-23.6398249 -46.6073089;-23.5890733 -46.6336419;8572;1681;1377
115;Thu Mar 14 23:01:43 2019;-23.6398249 -46.6073089;-23.5890733 -46.6336419;8572;1681;1390
116;Thu Mar 14 23:02:43 2019;-23.6398249 -46.6073089;-23.5890733 -46.6336419;8572;1681;1349
117;Thu Mar 14 23:03:43 2019;-23.6398249 -46.6073089;-23.5890733 -46.6336419;8572;1681;1384
118;Thu Mar 14 23:04:44 2019;-23.6398249 -46.6073089;-23.5890733 -46.6336419;8572;1681;1338
119;Thu Mar 14 23:05:43 2019;-23.6398249 -46.6073089;-23.5890733 -46.6336419;8572;1681;1390
120;Thu Mar 14 23:06:43 2019;-23.6398249 -46.6073089;-23.5890733 -46.6336419;8572;1681;1342
121;Thu Mar 14 23:07:48 2019;-23.6398249 -46.6073089;-23.5890733 -46.6336419;8572;1681;1347
122;Thu Mar 14 23:08:44 2019;-23.6398249 -46.6073089;-23.5890733 -46.6336419;8572;1681;1394
123;Thu Mar 14 23:09:44 2019;-23.6398249 -46.6073089;-23.5890733 -46.6336419;8572;1681;1350
124;Thu Mar 14 23:10:44 2019;-23.6398249 -46.6073089;-23.5890733 -46.6336419;8572;1681;1393
125;Thu Mar 14 23:11:43 2019;-23.6398249 -46.6073089;-23.5890733 -46.6336419;8572;1681;1337
126;Thu Mar 14 23:12:43 2019;-23.6398249 -46.6073089;-23.5890733 -46.6336419;8572;1681;1375
127;Thu Mar 14 23:13:43 2019;-23.6398249 -46.6073089;-23.5890733 -46.6336419;8572;1681;1402
128;Thu Mar 14 23:14:44 2019;-23.6398249 -46.6073089;-23.5890733 -46.6336419;8572;1681;1410
129;Thu Mar 14 23:15:44 2019;-23.6398249 -46.6073089;-23.5890733 -46.6336419;8572;1681;1392
130;Thu Mar 14 23:16:43 2019;-23.6398249 -46.6073089;-23.5890733 -46.6336419;8572;1681;1340
131;Thu Mar 14 23:17:44 2019;-23.6398249 -46.6073089;-23.5890733 -46.6336419;8572;1681;1443
132;Thu Mar 14 23:18:44 2019;-23.6398249 -46.6073089;-23.5890733 -46.6336419;8572;1681;1408
133;Thu Mar 14 23:19:43 2019;-23.6398249 -46.6073089;-23.5890733 -46.6336419;8572;1681;1342
134;Thu Mar 14 23:20:43 2019;-23.6398249 -46.6073089;-23.5890733 -46.6336419;8572;1681;1367
135;Thu Mar 14 23:21:44 2019;-23.6398249 -46.6073089;-23.5890733 -46.6336419;8572;1681;1358
136;Thu Mar 14 23:22:46 2019;-23.6398249 -46.6073089;-23.5890733 -46.6336419;8572;1681;1353
137;Thu Mar 14 23:23:44 2019;-23.6398249 -46.6073089;-23.5890733 -46.6336419;8572;1681;1348
138;Thu Mar 14 23:24:44 2019;-23.6398249 -46.6073089;-23.5890733 -46.6336419;8572;1681;1328
139;Thu Mar 14 23:25:44 2019;-23.6398249 -46.6073089;-23.5890733 -46.6336419;8572;1681;1331
140;Thu Mar 14 23:26:43 2019;-23.6398249 -46.6073089;-23.5890733 -46.6336419;8572;1681;1280
141;Thu Mar 14 23:27:43 2019;-23.6398249 -46.6073089;-23.5890733 -46.6336419;8572;1681;1336
142;Thu Mar 14 23:28:43 2019;-23.6398249 -46.6073089;-23.5890733 -46.6336419;8572;1681;1339
143;Thu Mar 14 23:29:43 2019;-23.6398249 -46.6073089;-23.5890733 -46.6336419;8572;1681;1337
144;Thu Mar 14 23:30:44 2019;-23.6398249 -46.6073089;-23.5890733 -46.6336419;8572;1681;1283
145;Thu Mar 14 23:31:44 2019;-23.6398249 -46.6073089;-23.5890733 -46.6336419;8572;1681;1330
146;Thu Mar 14 23:32:43 2019;-23.6398249 -46.6073089;-23.5890733 -46.6336419;8572;1681;1282
147;Thu Mar 14 23:33:44 2019;-23.6398249 -46.6073089;-23.5890733 -46.6336419;8572;1681;1337
148;Thu Mar 14 23:34:43 2019;-23.6398249 -46.6073089;-23.5890733 -46.6336419;8572;1681;1331
149;Thu Mar 14 23:35:44 2019;-23.6398249 -46.6073089;-23.5890733 -46.6336419;8572;1681;1273
150;Thu Mar 14 23:36:43 2019;-23.6398249 -46.6073089;-23.5890733 -46.6336419;8572;1681;1315
151;Thu Mar 14 23:37:46 2019;-23.6398249 -46.6073089;-23.5890733 -46.6336419;8572;1681;1263
152;Thu Mar 14 23:38:44 2019;-23.6398249 -46.6073089;-23.5890733 -46.6336419;8572;1681;1322
153;Thu Mar 14 23:39:44 2019;-23.6398249 -46.6073089;-23.5890733 -46.6336419;8572;1681;1313
154;Thu Mar 14 23:40:43 2019;-23.6398249 -46.6073089;-23.5890733 -46.6336419;8572;1681;1324
155;Thu Mar 14 23:41:44 2019;-23.6398249 -46.6073089;-23.5890733 -46.6336419;8572;1681;1329
156;Thu Mar 14 23:42:44 2019;-23.6398249 -46.6073089;-23.5890733 -46.6336419;8572;1681;1309
157;Thu Mar 14 23:43:44 2019;-23.6398249 -46.6073089;-23.5890733 -46.6336419;8572;1681;1309
158;Thu Mar 14 23:44:43 2019;-23.6398249 -46.6073089;-23.5890733 -46.6336419;8572;1681;1322
159;Thu Mar 14 23:45:43 2019;-23.6398249 -46.6073089;-23.5890733 -46.6336419;8572;1681;1252
160;Thu Mar 14 23:46:44 2019;-23.6398249 -46.6073089;-23.5890733 -46.6336419;8572;1681;1307
161;Thu Mar 14 23:47:44 2019;-23.6398249 -46.6073089;-23.5890733 -46.6336419;8572;1681;1309
162;Thu Mar 14 23:48:44 2019;-23.6398249 -46.6073089;-23.5890733 -46.6336419;8572;1681;1297
163;Thu Mar 14 23:49:43 2019;-23.6398249 -46.6073089;-23.5890733 -46.6336419;8572;1681;1292
164;Thu Mar 14 23:50:44 2019;-23.6398249 -46.6073089;-23.5890733 -46.6336419;8572;1681;1293
165;Thu Mar 14 23:51:43 2019;-23.6398249 -46.6073089;-23.5890733 -46.6336419;8572;1681;1224
166;Thu Mar 14 23:52:46 2019;-23.6398249 -46.6073089;-23.5890733 -46.6336419;8572;1681;1213
167;Thu Mar 14 23:53:44 2019;-23.6398249 -46.6073089;-23.5890733 -46.6336419;8572;1681;1298
168;Thu Mar 14 23:54:43 2019;-23.6398249 -46.6073089;-23.5890733 -46.6336419;8572;1681;1296
169;Thu Mar 14 23:55:44 2019;-23.6398249 -46.6073089;-23.5890733 -46.6336419;8572;1681;1293
170;Thu Mar 14 23:56:44 2019;-23.6398249 -46.6073089;-23.5890733 -46.6336419;8572;1681;1269
171;Thu Mar 14 23:57:44 2019;-23.6398249 -46.6073089;-23.5890733 -46.6336419;8572;1681;1266
172;Thu Mar 14 23:58:44 2019;-23.6398249 -46.6073089;-23.5890733 -46.6336419;8572;1681;1260
173;Thu Mar 14 23:59:44 2019;-23.6398249 -46.6073089;-23.5890733 -46.6336419;8572;1681;1252
