38972;Thu Mar 14 00:00:08 2019;-23.6174264740262,-46.6102740696322;-23.614298869195,-46.6091920964885;-23.6174165 -46.610301;-23.6143001 -46.609187;366;47;38
39213;Thu Mar 14 04:01:11 2019;-23.6174264740262,-46.6102740696322;-23.614298869195,-46.6091920964885;-23.6174165 -46.610301;-23.6143001 -46.609187;366;47;42
39214;Thu Mar 14 04:02:08 2019;-23.6174264740262,-46.6102740696322;-23.614298869195,-46.6091920964885;-23.6174165 -46.610301;-23.6143001 -46.609187;366;47;42
39215;Thu Mar 14 04:03:08 2019;-23.6174264740262,-46.6102740696322;-23.614298869195,-46.6091920964885;-23.6174165 -46.610301;-23.6143001 -46.609187;366;47;42
39216;Thu Mar 14 04:04:08 2019;-23.6174264740262,-46.6102740696322;-23.614298869195,-46.6091920964885;-23.6174165 -46.610301;-23.6143001 -46.609187;366;47;42
39217;Thu Mar 14 04:05:08 2019;-23.6174264740262,-46.6102740696322;-23.614298869195,-46.6091920964885;-23.6174165 -46.610301;-23.6143001 -46.609187;366;47;42
39218;Thu Mar 14 04:06:08 2019;-23.6174264740262,-46.6102740696322;-23.614298869195,-46.6091920964885;-23.6174165 -46.610301;-23.6143001 -46.609187;366;47;42
39219;Thu Mar 14 04:07:08 2019;-23.6174264740262,-46.6102740696322;-23.614298869195,-46.6091920964885;-23.6174165 -46.610301;-23.6143001 -46.609187;366;47;41
39220;Thu Mar 14 04:08:08 2019;-23.6174264740262,-46.6102740696322;-23.614298869195,-46.6091920964885;-23.6174165 -46.610301;-23.6143001 -46.609187;366;47;38
39221;Thu Mar 14 04:09:08 2019;-23.6174264740262,-46.6102740696322;-23.614298869195,-46.6091920964885;-23.6174165 -46.610301;-23.6143001 -46.609187;366;47;38
39222;Thu Mar 14 04:10:08 2019;-23.6174264740262,-46.6102740696322;-23.614298869195,-46.6091920964885;-23.6174165 -46.610301;-23.6143001 -46.609187;366;47;38
1;Thu Mar 14 21:07:46 2019;-23.6174264740262,-46.6102740696322;-23.614298869195,-46.6091920964885;-23.6174165 -46.610301;-23.6143001 -46.609187;366;47;43
2;Thu Mar 14 21:08:45 2019;-23.6174264740262,-46.6102740696322;-23.614298869195,-46.6091920964885;-23.6174165 -46.610301;-23.6143001 -46.609187;366;47;44
3;Thu Mar 14 21:09:42 2019;-23.6174264740262,-46.6102740696322;-23.614298869195,-46.6091920964885;-23.6174165 -46.610301;-23.6143001 -46.609187;366;47;44
4;Thu Mar 14 21:10:42 2019;-23.6174264740262,-46.6102740696322;-23.614298869195,-46.6091920964885;-23.6174165 -46.610301;-23.6143001 -46.609187;366;47;44
5;Thu Mar 14 21:11:42 2019;-23.6174264740262,-46.6102740696322;-23.614298869195,-46.6091920964885;-23.6174165 -46.610301;-23.6143001 -46.609187;366;47;44
6;Thu Mar 14 21:12:41 2019;-23.6174264740262,-46.6102740696322;-23.614298869195,-46.6091920964885;-23.6174165 -46.610301;-23.6143001 -46.609187;366;47;44
7;Thu Mar 14 21:13:42 2019;-23.6174264740262,-46.6102740696322;-23.614298869195,-46.6091920964885;-23.6174165 -46.610301;-23.6143001 -46.609187;366;47;44
8;Thu Mar 14 21:14:42 2019;-23.6174264740262,-46.6102740696322;-23.614298869195,-46.6091920964885;-23.6174165 -46.610301;-23.6143001 -46.609187;366;47;44
9;Thu Mar 14 21:15:42 2019;-23.6174264740262,-46.6102740696322;-23.614298869195,-46.6091920964885;-23.6174165 -46.610301;-23.6143001 -46.609187;366;47;45
10;Thu Mar 14 21:16:42 2019;-23.6174264740262,-46.6102740696322;-23.614298869195,-46.6091920964885;-23.6174165 -46.610301;-23.6143001 -46.609187;366;47;45
11;Thu Mar 14 21:17:42 2019;-23.6174264740262,-46.6102740696322;-23.614298869195,-46.6091920964885;-23.6174165 -46.610301;-23.6143001 -46.609187;366;47;45
12;Thu Mar 14 21:18:42 2019;-23.6174264740262,-46.6102740696322;-23.614298869195,-46.6091920964885;-23.6174165 -46.610301;-23.6143001 -46.609187;366;47;45
13;Thu Mar 14 21:19:42 2019;-23.6174264740262,-46.6102740696322;-23.614298869195,-46.6091920964885;-23.6174165 -46.610301;-23.6143001 -46.609187;366;47;45
14;Thu Mar 14 21:20:42 2019;-23.6174264740262,-46.6102740696322;-23.614298869195,-46.6091920964885;-23.6174165 -46.610301;-23.6143001 -46.609187;366;47;45
15;Thu Mar 14 21:21:43 2019;-23.6174264740262,-46.6102740696322;-23.614298869195,-46.6091920964885;-23.6174165 -46.610301;-23.6143001 -46.609187;366;47;45
16;Thu Mar 14 21:22:44 2019;-23.6174264740262,-46.6102740696322;-23.614298869195,-46.6091920964885;-23.6174165 -46.610301;-23.6143001 -46.609187;366;47;44
17;Thu Mar 14 21:23:42 2019;-23.6174264740262,-46.6102740696322;-23.614298869195,-46.6091920964885;-23.6174165 -46.610301;-23.6143001 -46.609187;366;47;44
18;Thu Mar 14 21:24:42 2019;-23.6174264740262,-46.6102740696322;-23.614298869195,-46.6091920964885;-23.6174165 -46.610301;-23.6143001 -46.609187;366;47;43
19;Thu Mar 14 21:25:42 2019;-23.6174264740262,-46.6102740696322;-23.614298869195,-46.6091920964885;-23.6174165 -46.610301;-23.6143001 -46.609187;366;47;42
20;Thu Mar 14 21:26:42 2019;-23.6174264740262,-46.6102740696322;-23.614298869195,-46.6091920964885;-23.6174165 -46.610301;-23.6143001 -46.609187;366;47;42
21;Thu Mar 14 21:27:42 2019;-23.6174264740262,-46.6102740696322;-23.614298869195,-46.6091920964885;-23.6174165 -46.610301;-23.6143001 -46.609187;366;47;42
22;Thu Mar 14 21:28:42 2019;-23.6174264740262,-46.6102740696322;-23.614298869195,-46.6091920964885;-23.6174165 -46.610301;-23.6143001 -46.609187;366;47;41
23;Thu Mar 14 21:29:41 2019;-23.6174264740262,-46.6102740696322;-23.614298869195,-46.6091920964885;-23.6174165 -46.610301;-23.6143001 -46.609187;366;47;42
24;Thu Mar 14 21:30:41 2019;-23.6174264740262,-46.6102740696322;-23.614298869195,-46.6091920964885;-23.6174165 -46.610301;-23.6143001 -46.609187;366;47;42
25;Thu Mar 14 21:31:42 2019;-23.6174264740262,-46.6102740696322;-23.614298869195,-46.6091920964885;-23.6174165 -46.610301;-23.6143001 -46.609187;366;47;42
26;Thu Mar 14 21:32:42 2019;-23.6174264740262,-46.6102740696322;-23.614298869195,-46.6091920964885;-23.6174165 -46.610301;-23.6143001 -46.609187;366;47;42
27;Thu Mar 14 21:33:42 2019;-23.6174264740262,-46.6102740696322;-23.614298869195,-46.6091920964885;-23.6174165 -46.610301;-23.6143001 -46.609187;366;47;42
28;Thu Mar 14 21:34:42 2019;-23.6174264740262,-46.6102740696322;-23.614298869195,-46.6091920964885;-23.6174165 -46.610301;-23.6143001 -46.609187;366;47;42
29;Thu Mar 14 21:35:42 2019;-23.6174264740262,-46.6102740696322;-23.614298869195,-46.6091920964885;-23.6174165 -46.610301;-23.6143001 -46.609187;366;47;42
30;Thu Mar 14 21:36:42 2019;-23.6174264740262,-46.6102740696322;-23.614298869195,-46.6091920964885;-23.6174165 -46.610301;-23.6143001 -46.609187;366;47;42
31;Thu Mar 14 21:37:44 2019;-23.6174264740262,-46.6102740696322;-23.614298869195,-46.6091920964885;-23.6174165 -46.610301;-23.6143001 -46.609187;366;47;41
32;Thu Mar 14 21:38:41 2019;-23.6174264740262,-46.6102740696322;-23.614298869195,-46.6091920964885;-23.6174165 -46.610301;-23.6143001 -46.609187;366;47;41
33;Thu Mar 14 21:39:42 2019;-23.6174264740262,-46.6102740696322;-23.614298869195,-46.6091920964885;-23.6174165 -46.610301;-23.6143001 -46.609187;366;47;41
34;Thu Mar 14 21:40:41 2019;-23.6174264740262,-46.6102740696322;-23.614298869195,-46.6091920964885;-23.6174165 -46.610301;-23.6143001 -46.609187;366;47;41
35;Thu Mar 14 21:41:42 2019;-23.6174264740262,-46.6102740696322;-23.614298869195,-46.6091920964885;-23.6174165 -46.610301;-23.6143001 -46.609187;366;47;41
36;Thu Mar 14 21:42:42 2019;-23.6174264740262,-46.6102740696322;-23.614298869195,-46.6091920964885;-23.6174165 -46.610301;-23.6143001 -46.609187;366;47;41
37;Thu Mar 14 21:43:42 2019;-23.6174264740262,-46.6102740696322;-23.614298869195,-46.6091920964885;-23.6174165 -46.610301;-23.6143001 -46.609187;366;47;41
38;Thu Mar 14 21:44:42 2019;-23.6174264740262,-46.6102740696322;-23.614298869195,-46.6091920964885;-23.6174165 -46.610301;-23.6143001 -46.609187;366;47;41
39;Thu Mar 14 21:45:42 2019;-23.6174264740262,-46.6102740696322;-23.614298869195,-46.6091920964885;-23.6174165 -46.610301;-23.6143001 -46.609187;366;47;41
40;Thu Mar 14 21:46:42 2019;-23.6174264740262,-46.6102740696322;-23.614298869195,-46.6091920964885;-23.6174165 -46.610301;-23.6143001 -46.609187;366;47;42
41;Thu Mar 14 21:47:42 2019;-23.6174264740262,-46.6102740696322;-23.614298869195,-46.6091920964885;-23.6174165 -46.610301;-23.6143001 -46.609187;366;47;42
42;Thu Mar 14 21:48:42 2019;-23.6174264740262,-46.6102740696322;-23.614298869195,-46.6091920964885;-23.6174165 -46.610301;-23.6143001 -46.609187;366;47;42
43;Thu Mar 14 21:49:42 2019;-23.6174264740262,-46.6102740696322;-23.614298869195,-46.6091920964885;-23.6174165 -46.610301;-23.6143001 -46.609187;366;47;43
44;Thu Mar 14 21:50:42 2019;-23.6174264740262,-46.6102740696322;-23.614298869195,-46.6091920964885;-23.6174165 -46.610301;-23.6143001 -46.609187;366;47;43
45;Thu Mar 14 21:51:42 2019;-23.6174264740262,-46.6102740696322;-23.614298869195,-46.6091920964885;-23.6174165 -46.610301;-23.6143001 -46.609187;366;47;43
46;Thu Mar 14 21:52:43 2019;-23.6174264740262,-46.6102740696322;-23.614298869195,-46.6091920964885;-23.6174165 -46.610301;-23.6143001 -46.609187;366;47;43
47;Thu Mar 14 21:53:42 2019;-23.6174264740262,-46.6102740696322;-23.614298869195,-46.6091920964885;-23.6174165 -46.610301;-23.6143001 -46.609187;366;47;43
48;Thu Mar 14 21:54:42 2019;-23.6174264740262,-46.6102740696322;-23.614298869195,-46.6091920964885;-23.6174165 -46.610301;-23.6143001 -46.609187;366;47;42
49;Thu Mar 14 21:55:42 2019;-23.6174264740262,-46.6102740696322;-23.614298869195,-46.6091920964885;-23.6174165 -46.610301;-23.6143001 -46.609187;366;47;42
50;Thu Mar 14 21:56:41 2019;-23.6174264740262,-46.6102740696322;-23.614298869195,-46.6091920964885;-23.6174165 -46.610301;-23.6143001 -46.609187;366;47;43
51;Thu Mar 14 21:57:42 2019;-23.6174264740262,-46.6102740696322;-23.614298869195,-46.6091920964885;-23.6174165 -46.610301;-23.6143001 -46.609187;366;47;43
52;Thu Mar 14 21:58:42 2019;-23.6174264740262,-46.6102740696322;-23.614298869195,-46.6091920964885;-23.6174165 -46.610301;-23.6143001 -46.609187;366;47;42
53;Thu Mar 14 21:59:42 2019;-23.6174264740262,-46.6102740696322;-23.614298869195,-46.6091920964885;-23.6174165 -46.610301;-23.6143001 -46.609187;366;47;42
54;Thu Mar 14 22:00:42 2019;-23.6174264740262,-46.6102740696322;-23.614298869195,-46.6091920964885;-23.6174165 -46.610301;-23.6143001 -46.609187;366;47;42
55;Thu Mar 14 22:01:41 2019;-23.6174264740262,-46.6102740696322;-23.614298869195,-46.6091920964885;-23.6174165 -46.610301;-23.6143001 -46.609187;366;47;42
56;Thu Mar 14 22:02:42 2019;-23.6174264740262,-46.6102740696322;-23.614298869195,-46.6091920964885;-23.6174165 -46.610301;-23.6143001 -46.609187;366;47;42
57;Thu Mar 14 22:03:41 2019;-23.6174264740262,-46.6102740696322;-23.614298869195,-46.6091920964885;-23.6174165 -46.610301;-23.6143001 -46.609187;366;47;42
58;Thu Mar 14 22:04:42 2019;-23.6174264740262,-46.6102740696322;-23.614298869195,-46.6091920964885;-23.6174165 -46.610301;-23.6143001 -46.609187;366;47;42
59;Thu Mar 14 22:05:42 2019;-23.6174264740262,-46.6102740696322;-23.614298869195,-46.6091920964885;-23.6174165 -46.610301;-23.6143001 -46.609187;366;47;42
60;Thu Mar 14 22:06:42 2019;-23.6174264740262,-46.6102740696322;-23.614298869195,-46.6091920964885;-23.6174165 -46.610301;-23.6143001 -46.609187;366;47;42
61;Thu Mar 14 22:07:43 2019;-23.6174264740262,-46.6102740696322;-23.614298869195,-46.6091920964885;-23.6174165 -46.610301;-23.6143001 -46.609187;366;47;42
62;Thu Mar 14 22:08:42 2019;-23.6174264740262,-46.6102740696322;-23.614298869195,-46.6091920964885;-23.6174165 -46.610301;-23.6143001 -46.609187;366;47;42
63;Thu Mar 14 22:09:42 2019;-23.6174264740262,-46.6102740696322;-23.614298869195,-46.6091920964885;-23.6174165 -46.610301;-23.6143001 -46.609187;366;47;42
64;Thu Mar 14 22:10:42 2019;-23.6174264740262,-46.6102740696322;-23.614298869195,-46.6091920964885;-23.6174165 -46.610301;-23.6143001 -46.609187;366;47;42
65;Thu Mar 14 22:11:42 2019;-23.6174264740262,-46.6102740696322;-23.614298869195,-46.6091920964885;-23.6174165 -46.610301;-23.6143001 -46.609187;366;47;42
66;Thu Mar 14 22:12:41 2019;-23.6174264740262,-46.6102740696322;-23.614298869195,-46.6091920964885;-23.6174165 -46.610301;-23.6143001 -46.609187;366;47;42
67;Thu Mar 14 22:13:42 2019;-23.6174264740262,-46.6102740696322;-23.614298869195,-46.6091920964885;-23.6174165 -46.610301;-23.6143001 -46.609187;366;47;43
68;Thu Mar 14 22:14:42 2019;-23.6174264740262,-46.6102740696322;-23.614298869195,-46.6091920964885;-23.6174165 -46.610301;-23.6143001 -46.609187;366;47;43
69;Thu Mar 14 22:15:41 2019;-23.6174264740262,-46.6102740696322;-23.614298869195,-46.6091920964885;-23.6174165 -46.610301;-23.6143001 -46.609187;366;47;43
70;Thu Mar 14 22:16:42 2019;-23.6174264740262,-46.6102740696322;-23.614298869195,-46.6091920964885;-23.6174165 -46.610301;-23.6143001 -46.609187;366;47;43
71;Thu Mar 14 22:17:42 2019;-23.6174264740262,-46.6102740696322;-23.614298869195,-46.6091920964885;-23.6174165 -46.610301;-23.6143001 -46.609187;366;47;43
72;Thu Mar 14 22:18:42 2019;-23.6174264740262,-46.6102740696322;-23.614298869195,-46.6091920964885;-23.6174165 -46.610301;-23.6143001 -46.609187;366;47;43
73;Thu Mar 14 22:19:42 2019;-23.6174264740262,-46.6102740696322;-23.614298869195,-46.6091920964885;-23.6174165 -46.610301;-23.6143001 -46.609187;366;47;43
74;Thu Mar 14 22:20:42 2019;-23.6174264740262,-46.6102740696322;-23.614298869195,-46.6091920964885;-23.6174165 -46.610301;-23.6143001 -46.609187;366;47;43
75;Thu Mar 14 22:21:42 2019;-23.6174264740262,-46.6102740696322;-23.614298869195,-46.6091920964885;-23.6174165 -46.610301;-23.6143001 -46.609187;366;47;43
76;Thu Mar 14 22:22:44 2019;-23.6174264740262,-46.6102740696322;-23.614298869195,-46.6091920964885;-23.6174165 -46.610301;-23.6143001 -46.609187;366;47;43
77;Thu Mar 14 22:23:42 2019;-23.6174264740262,-46.6102740696322;-23.614298869195,-46.6091920964885;-23.6174165 -46.610301;-23.6143001 -46.609187;366;47;43
78;Thu Mar 14 22:24:41 2019;-23.6174264740262,-46.6102740696322;-23.614298869195,-46.6091920964885;-23.6174165 -46.610301;-23.6143001 -46.609187;366;47;45
79;Thu Mar 14 22:25:42 2019;-23.6174264740262,-46.6102740696322;-23.614298869195,-46.6091920964885;-23.6174165 -46.610301;-23.6143001 -46.609187;366;47;45
80;Thu Mar 14 22:26:42 2019;-23.6174264740262,-46.6102740696322;-23.614298869195,-46.6091920964885;-23.6174165 -46.610301;-23.6143001 -46.609187;366;47;45
81;Thu Mar 14 22:27:42 2019;-23.6174264740262,-46.6102740696322;-23.614298869195,-46.6091920964885;-23.6174165 -46.610301;-23.6143001 -46.609187;366;47;44
82;Thu Mar 14 22:28:42 2019;-23.6174264740262,-46.6102740696322;-23.614298869195,-46.6091920964885;-23.6174165 -46.610301;-23.6143001 -46.609187;366;47;44
83;Thu Mar 14 22:29:42 2019;-23.6174264740262,-46.6102740696322;-23.614298869195,-46.6091920964885;-23.6174165 -46.610301;-23.6143001 -46.609187;366;47;44
84;Thu Mar 14 22:30:42 2019;-23.6174264740262,-46.6102740696322;-23.614298869195,-46.6091920964885;-23.6174165 -46.610301;-23.6143001 -46.609187;366;47;44
85;Thu Mar 14 22:31:42 2019;-23.6174264740262,-46.6102740696322;-23.614298869195,-46.6091920964885;-23.6174165 -46.610301;-23.6143001 -46.609187;366;47;44
86;Thu Mar 14 22:32:42 2019;-23.6174264740262,-46.6102740696322;-23.614298869195,-46.6091920964885;-23.6174165 -46.610301;-23.6143001 -46.609187;366;47;44
87;Thu Mar 14 22:33:42 2019;-23.6174264740262,-46.6102740696322;-23.614298869195,-46.6091920964885;-23.6174165 -46.610301;-23.6143001 -46.609187;366;47;44
88;Thu Mar 14 22:34:42 2019;-23.6174264740262,-46.6102740696322;-23.614298869195,-46.6091920964885;-23.6174165 -46.610301;-23.6143001 -46.609187;366;47;44
89;Thu Mar 14 22:35:41 2019;-23.6174264740262,-46.6102740696322;-23.614298869195,-46.6091920964885;-23.6174165 -46.610301;-23.6143001 -46.609187;366;47;44
90;Thu Mar 14 22:36:42 2019;-23.6174264740262,-46.6102740696322;-23.614298869195,-46.6091920964885;-23.6174165 -46.610301;-23.6143001 -46.609187;366;47;44
91;Thu Mar 14 22:37:44 2019;-23.6174264740262,-46.6102740696322;-23.614298869195,-46.6091920964885;-23.6174165 -46.610301;-23.6143001 -46.609187;366;47;45
92;Thu Mar 14 22:38:42 2019;-23.6174264740262,-46.6102740696322;-23.614298869195,-46.6091920964885;-23.6174165 -46.610301;-23.6143001 -46.609187;366;47;45
93;Thu Mar 14 22:39:42 2019;-23.6174264740262,-46.6102740696322;-23.614298869195,-46.6091920964885;-23.6174165 -46.610301;-23.6143001 -46.609187;366;47;45
94;Thu Mar 14 22:40:42 2019;-23.6174264740262,-46.6102740696322;-23.614298869195,-46.6091920964885;-23.6174165 -46.610301;-23.6143001 -46.609187;366;47;45
95;Thu Mar 14 22:41:42 2019;-23.6174264740262,-46.6102740696322;-23.614298869195,-46.6091920964885;-23.6174165 -46.610301;-23.6143001 -46.609187;366;47;45
96;Thu Mar 14 22:42:41 2019;-23.6174264740262,-46.6102740696322;-23.614298869195,-46.6091920964885;-23.6174165 -46.610301;-23.6143001 -46.609187;366;47;42
97;Thu Mar 14 22:43:42 2019;-23.6174264740262,-46.6102740696322;-23.614298869195,-46.6091920964885;-23.6174165 -46.610301;-23.6143001 -46.609187;366;47;42
98;Thu Mar 14 22:44:42 2019;-23.6174264740262,-46.6102740696322;-23.614298869195,-46.6091920964885;-23.6174165 -46.610301;-23.6143001 -46.609187;366;47;42
99;Thu Mar 14 22:45:42 2019;-23.6174264740262,-46.6102740696322;-23.614298869195,-46.6091920964885;-23.6174165 -46.610301;-23.6143001 -46.609187;366;47;42
100;Thu Mar 14 22:46:42 2019;-23.6174264740262,-46.6102740696322;-23.614298869195,-46.6091920964885;-23.6174165 -46.610301;-23.6143001 -46.609187;366;47;42
101;Thu Mar 14 22:47:42 2019;-23.6174264740262,-46.6102740696322;-23.614298869195,-46.6091920964885;-23.6174165 -46.610301;-23.6143001 -46.609187;366;47;43
102;Thu Mar 14 22:48:42 2019;-23.6174264740262,-46.6102740696322;-23.614298869195,-46.6091920964885;-23.6174165 -46.610301;-23.6143001 -46.609187;366;47;43
103;Thu Mar 14 22:49:42 2019;-23.6174264740262,-46.6102740696322;-23.614298869195,-46.6091920964885;-23.6174165 -46.610301;-23.6143001 -46.609187;366;47;43
104;Thu Mar 14 22:50:42 2019;-23.6174264740262,-46.6102740696322;-23.614298869195,-46.6091920964885;-23.6174165 -46.610301;-23.6143001 -46.609187;366;47;43
105;Thu Mar 14 22:51:42 2019;-23.6174264740262,-46.6102740696322;-23.614298869195,-46.6091920964885;-23.6174165 -46.610301;-23.6143001 -46.609187;366;47;43
106;Thu Mar 14 22:52:44 2019;-23.6174264740262,-46.6102740696322;-23.614298869195,-46.6091920964885;-23.6174165 -46.610301;-23.6143001 -46.609187;366;47;42
107;Thu Mar 14 22:53:42 2019;-23.6174264740262,-46.6102740696322;-23.614298869195,-46.6091920964885;-23.6174165 -46.610301;-23.6143001 -46.609187;366;47;42
108;Thu Mar 14 22:54:42 2019;-23.6174264740262,-46.6102740696322;-23.614298869195,-46.6091920964885;-23.6174165 -46.610301;-23.6143001 -46.609187;366;47;42
109;Thu Mar 14 22:55:42 2019;-23.6174264740262,-46.6102740696322;-23.614298869195,-46.6091920964885;-23.6174165 -46.610301;-23.6143001 -46.609187;366;47;42
110;Thu Mar 14 22:56:41 2019;-23.6174264740262,-46.6102740696322;-23.614298869195,-46.6091920964885;-23.6174165 -46.610301;-23.6143001 -46.609187;366;47;42
111;Thu Mar 14 22:57:42 2019;-23.6174264740262,-46.6102740696322;-23.614298869195,-46.6091920964885;-23.6174165 -46.610301;-23.6143001 -46.609187;366;47;42
112;Thu Mar 14 22:58:41 2019;-23.6174264740262,-46.6102740696322;-23.614298869195,-46.6091920964885;-23.6174165 -46.610301;-23.6143001 -46.609187;366;47;42
113;Thu Mar 14 22:59:42 2019;-23.6174264740262,-46.6102740696322;-23.614298869195,-46.6091920964885;-23.6174165 -46.610301;-23.6143001 -46.609187;366;47;42
114;Thu Mar 14 23:00:42 2019;-23.6174264740262,-46.6102740696322;-23.614298869195,-46.6091920964885;-23.6174165 -46.610301;-23.6143001 -46.609187;366;47;42
115;Thu Mar 14 23:01:41 2019;-23.6174264740262,-46.6102740696322;-23.614298869195,-46.6091920964885;-23.6174165 -46.610301;-23.6143001 -46.609187;366;47;42
116;Thu Mar 14 23:02:42 2019;-23.6174264740262,-46.6102740696322;-23.614298869195,-46.6091920964885;-23.6174165 -46.610301;-23.6143001 -46.609187;366;47;42
117;Thu Mar 14 23:03:41 2019;-23.6174264740262,-46.6102740696322;-23.614298869195,-46.6091920964885;-23.6174165 -46.610301;-23.6143001 -46.609187;366;47;42
118;Thu Mar 14 23:04:42 2019;-23.6174264740262,-46.6102740696322;-23.614298869195,-46.6091920964885;-23.6174165 -46.610301;-23.6143001 -46.609187;366;47;42
119;Thu Mar 14 23:05:42 2019;-23.6174264740262,-46.6102740696322;-23.614298869195,-46.6091920964885;-23.6174165 -46.610301;-23.6143001 -46.609187;366;47;42
120;Thu Mar 14 23:06:41 2019;-23.6174264740262,-46.6102740696322;-23.614298869195,-46.6091920964885;-23.6174165 -46.610301;-23.6143001 -46.609187;366;47;41
121;Thu Mar 14 23:07:43 2019;-23.6174264740262,-46.6102740696322;-23.614298869195,-46.6091920964885;-23.6174165 -46.610301;-23.6143001 -46.609187;366;47;41
122;Thu Mar 14 23:08:42 2019;-23.6174264740262,-46.6102740696322;-23.614298869195,-46.6091920964885;-23.6174165 -46.610301;-23.6143001 -46.609187;366;47;41
123;Thu Mar 14 23:09:42 2019;-23.6174264740262,-46.6102740696322;-23.614298869195,-46.6091920964885;-23.6174165 -46.610301;-23.6143001 -46.609187;366;47;41
124;Thu Mar 14 23:10:42 2019;-23.6174264740262,-46.6102740696322;-23.614298869195,-46.6091920964885;-23.6174165 -46.610301;-23.6143001 -46.609187;366;47;41
125;Thu Mar 14 23:11:41 2019;-23.6174264740262,-46.6102740696322;-23.614298869195,-46.6091920964885;-23.6174165 -46.610301;-23.6143001 -46.609187;366;47;41
126;Thu Mar 14 23:12:42 2019;-23.6174264740262,-46.6102740696322;-23.614298869195,-46.6091920964885;-23.6174165 -46.610301;-23.6143001 -46.609187;366;47;41
127;Thu Mar 14 23:13:41 2019;-23.6174264740262,-46.6102740696322;-23.614298869195,-46.6091920964885;-23.6174165 -46.610301;-23.6143001 -46.609187;366;47;41
128;Thu Mar 14 23:14:42 2019;-23.6174264740262,-46.6102740696322;-23.614298869195,-46.6091920964885;-23.6174165 -46.610301;-23.6143001 -46.609187;366;47;41
129;Thu Mar 14 23:15:42 2019;-23.6174264740262,-46.6102740696322;-23.614298869195,-46.6091920964885;-23.6174165 -46.610301;-23.6143001 -46.609187;366;47;41
130;Thu Mar 14 23:16:42 2019;-23.6174264740262,-46.6102740696322;-23.614298869195,-46.6091920964885;-23.6174165 -46.610301;-23.6143001 -46.609187;366;47;41
131;Thu Mar 14 23:17:42 2019;-23.6174264740262,-46.6102740696322;-23.614298869195,-46.6091920964885;-23.6174165 -46.610301;-23.6143001 -46.609187;366;47;41
132;Thu Mar 14 23:18:42 2019;-23.6174264740262,-46.6102740696322;-23.614298869195,-46.6091920964885;-23.6174165 -46.610301;-23.6143001 -46.609187;366;47;41
133;Thu Mar 14 23:19:41 2019;-23.6174264740262,-46.6102740696322;-23.614298869195,-46.6091920964885;-23.6174165 -46.610301;-23.6143001 -46.609187;366;47;41
134;Thu Mar 14 23:20:41 2019;-23.6174264740262,-46.6102740696322;-23.614298869195,-46.6091920964885;-23.6174165 -46.610301;-23.6143001 -46.609187;366;47;41
135;Thu Mar 14 23:21:42 2019;-23.6174264740262,-46.6102740696322;-23.614298869195,-46.6091920964885;-23.6174165 -46.610301;-23.6143001 -46.609187;366;47;41
136;Thu Mar 14 23:22:43 2019;-23.6174264740262,-46.6102740696322;-23.614298869195,-46.6091920964885;-23.6174165 -46.610301;-23.6143001 -46.609187;366;47;41
137;Thu Mar 14 23:23:42 2019;-23.6174264740262,-46.6102740696322;-23.614298869195,-46.6091920964885;-23.6174165 -46.610301;-23.6143001 -46.609187;366;47;41
138;Thu Mar 14 23:24:41 2019;-23.6174264740262,-46.6102740696322;-23.614298869195,-46.6091920964885;-23.6174165 -46.610301;-23.6143001 -46.609187;366;47;41
139;Thu Mar 14 23:25:42 2019;-23.6174264740262,-46.6102740696322;-23.614298869195,-46.6091920964885;-23.6174165 -46.610301;-23.6143001 -46.609187;366;47;41
140;Thu Mar 14 23:26:41 2019;-23.6174264740262,-46.6102740696322;-23.614298869195,-46.6091920964885;-23.6174165 -46.610301;-23.6143001 -46.609187;366;47;41
141;Thu Mar 14 23:27:42 2019;-23.6174264740262,-46.6102740696322;-23.614298869195,-46.6091920964885;-23.6174165 -46.610301;-23.6143001 -46.609187;366;47;41
142;Thu Mar 14 23:28:41 2019;-23.6174264740262,-46.6102740696322;-23.614298869195,-46.6091920964885;-23.6174165 -46.610301;-23.6143001 -46.609187;366;47;41
143;Thu Mar 14 23:29:41 2019;-23.6174264740262,-46.6102740696322;-23.614298869195,-46.6091920964885;-23.6174165 -46.610301;-23.6143001 -46.609187;366;47;42
144;Thu Mar 14 23:30:42 2019;-23.6174264740262,-46.6102740696322;-23.614298869195,-46.6091920964885;-23.6174165 -46.610301;-23.6143001 -46.609187;366;47;42
145;Thu Mar 14 23:31:42 2019;-23.6174264740262,-46.6102740696322;-23.614298869195,-46.6091920964885;-23.6174165 -46.610301;-23.6143001 -46.609187;366;47;42
146;Thu Mar 14 23:32:41 2019;-23.6174264740262,-46.6102740696322;-23.614298869195,-46.6091920964885;-23.6174165 -46.610301;-23.6143001 -46.609187;366;47;42
147;Thu Mar 14 23:33:42 2019;-23.6174264740262,-46.6102740696322;-23.614298869195,-46.6091920964885;-23.6174165 -46.610301;-23.6143001 -46.609187;366;47;41
148;Thu Mar 14 23:34:41 2019;-23.6174264740262,-46.6102740696322;-23.614298869195,-46.6091920964885;-23.6174165 -46.610301;-23.6143001 -46.609187;366;47;41
149;Thu Mar 14 23:35:42 2019;-23.6174264740262,-46.6102740696322;-23.614298869195,-46.6091920964885;-23.6174165 -46.610301;-23.6143001 -46.609187;366;47;41
150;Thu Mar 14 23:36:41 2019;-23.6174264740262,-46.6102740696322;-23.614298869195,-46.6091920964885;-23.6174165 -46.610301;-23.6143001 -46.609187;366;47;41
151;Thu Mar 14 23:37:43 2019;-23.6174264740262,-46.6102740696322;-23.614298869195,-46.6091920964885;-23.6174165 -46.610301;-23.6143001 -46.609187;366;47;41
152;Thu Mar 14 23:38:42 2019;-23.6174264740262,-46.6102740696322;-23.614298869195,-46.6091920964885;-23.6174165 -46.610301;-23.6143001 -46.609187;366;47;41
153;Thu Mar 14 23:39:42 2019;-23.6174264740262,-46.6102740696322;-23.614298869195,-46.6091920964885;-23.6174165 -46.610301;-23.6143001 -46.609187;366;47;41
154;Thu Mar 14 23:40:41 2019;-23.6174264740262,-46.6102740696322;-23.614298869195,-46.6091920964885;-23.6174165 -46.610301;-23.6143001 -46.609187;366;47;42
155;Thu Mar 14 23:41:42 2019;-23.6174264740262,-46.6102740696322;-23.614298869195,-46.6091920964885;-23.6174165 -46.610301;-23.6143001 -46.609187;366;47;42
156;Thu Mar 14 23:42:42 2019;-23.6174264740262,-46.6102740696322;-23.614298869195,-46.6091920964885;-23.6174165 -46.610301;-23.6143001 -46.609187;366;47;42
157;Thu Mar 14 23:43:42 2019;-23.6174264740262,-46.6102740696322;-23.614298869195,-46.6091920964885;-23.6174165 -46.610301;-23.6143001 -46.609187;366;47;42
158;Thu Mar 14 23:44:42 2019;-23.6174264740262,-46.6102740696322;-23.614298869195,-46.6091920964885;-23.6174165 -46.610301;-23.6143001 -46.609187;366;47;42
159;Thu Mar 14 23:45:41 2019;-23.6174264740262,-46.6102740696322;-23.614298869195,-46.6091920964885;-23.6174165 -46.610301;-23.6143001 -46.609187;366;47;42
160;Thu Mar 14 23:46:42 2019;-23.6174264740262,-46.6102740696322;-23.614298869195,-46.6091920964885;-23.6174165 -46.610301;-23.6143001 -46.609187;366;47;42
161;Thu Mar 14 23:47:42 2019;-23.6174264740262,-46.6102740696322;-23.614298869195,-46.6091920964885;-23.6174165 -46.610301;-23.6143001 -46.609187;366;47;42
162;Thu Mar 14 23:48:42 2019;-23.6174264740262,-46.6102740696322;-23.614298869195,-46.6091920964885;-23.6174165 -46.610301;-23.6143001 -46.609187;366;47;42
163;Thu Mar 14 23:49:42 2019;-23.6174264740262,-46.6102740696322;-23.614298869195,-46.6091920964885;-23.6174165 -46.610301;-23.6143001 -46.609187;366;47;42
164;Thu Mar 14 23:50:42 2019;-23.6174264740262,-46.6102740696322;-23.614298869195,-46.6091920964885;-23.6174165 -46.610301;-23.6143001 -46.609187;366;47;42
165;Thu Mar 14 23:51:42 2019;-23.6174264740262,-46.6102740696322;-23.614298869195,-46.6091920964885;-23.6174165 -46.610301;-23.6143001 -46.609187;366;47;42
166;Thu Mar 14 23:52:43 2019;-23.6174264740262,-46.6102740696322;-23.614298869195,-46.6091920964885;-23.6174165 -46.610301;-23.6143001 -46.609187;366;47;42
167;Thu Mar 14 23:53:42 2019;-23.6174264740262,-46.6102740696322;-23.614298869195,-46.6091920964885;-23.6174165 -46.610301;-23.6143001 -46.609187;366;47;41
168;Thu Mar 14 23:54:41 2019;-23.6174264740262,-46.6102740696322;-23.614298869195,-46.6091920964885;-23.6174165 -46.610301;-23.6143001 -46.609187;366;47;41
169;Thu Mar 14 23:55:42 2019;-23.6174264740262,-46.6102740696322;-23.614298869195,-46.6091920964885;-23.6174165 -46.610301;-23.6143001 -46.609187;366;47;41
170;Thu Mar 14 23:56:42 2019;-23.6174264740262,-46.6102740696322;-23.614298869195,-46.6091920964885;-23.6174165 -46.610301;-23.6143001 -46.609187;366;47;41
171;Thu Mar 14 23:57:42 2019;-23.6174264740262,-46.6102740696322;-23.614298869195,-46.6091920964885;-23.6174165 -46.610301;-23.6143001 -46.609187;366;47;41
172;Thu Mar 14 23:58:42 2019;-23.6174264740262,-46.6102740696322;-23.614298869195,-46.6091920964885;-23.6174165 -46.610301;-23.6143001 -46.609187;366;47;41
173;Thu Mar 14 23:59:42 2019;-23.6174264740262,-46.6102740696322;-23.614298869195,-46.6091920964885;-23.6174165 -46.610301;-23.6143001 -46.609187;366;47;41
