38972;Thu Mar 14 00:00:09 2019;-23.5954838261225,-46.6174758224958;-23.5942830576835,-46.6197471042453;-23.5954876 -46.6174751;-23.5942939 -46.6197596;281;47;38
39213;Thu Mar 14 04:01:14 2019;-23.5954838261225,-46.6174758224958;-23.5942830576835,-46.6197471042453;-23.5954876 -46.6174751;-23.5942939 -46.6197596;281;47;39
39214;Thu Mar 14 04:02:09 2019;-23.5954838261225,-46.6174758224958;-23.5942830576835,-46.6197471042453;-23.5954876 -46.6174751;-23.5942939 -46.6197596;281;47;39
39215;Thu Mar 14 04:03:09 2019;-23.5954838261225,-46.6174758224958;-23.5942830576835,-46.6197471042453;-23.5954876 -46.6174751;-23.5942939 -46.6197596;281;47;35
39216;Thu Mar 14 04:04:09 2019;-23.5954838261225,-46.6174758224958;-23.5942830576835,-46.6197471042453;-23.5954876 -46.6174751;-23.5942939 -46.6197596;281;47;35
39217;Thu Mar 14 04:05:09 2019;-23.5954838261225,-46.6174758224958;-23.5942830576835,-46.6197471042453;-23.5954876 -46.6174751;-23.5942939 -46.6197596;281;47;35
39218;Thu Mar 14 04:06:09 2019;-23.5954838261225,-46.6174758224958;-23.5942830576835,-46.6197471042453;-23.5954876 -46.6174751;-23.5942939 -46.6197596;281;47;35
39219;Thu Mar 14 04:07:09 2019;-23.5954838261225,-46.6174758224958;-23.5942830576835,-46.6197471042453;-23.5954876 -46.6174751;-23.5942939 -46.6197596;281;47;36
39220;Thu Mar 14 04:08:09 2019;-23.5954838261225,-46.6174758224958;-23.5942830576835,-46.6197471042453;-23.5954876 -46.6174751;-23.5942939 -46.6197596;281;47;35
39221;Thu Mar 14 04:09:09 2019;-23.5954838261225,-46.6174758224958;-23.5942830576835,-46.6197471042453;-23.5954876 -46.6174751;-23.5942939 -46.6197596;281;47;35
39222;Thu Mar 14 04:10:09 2019;-23.5954838261225,-46.6174758224958;-23.5942830576835,-46.6197471042453;-23.5954876 -46.6174751;-23.5942939 -46.6197596;281;47;35
1;Thu Mar 14 21:07:47 2019;-23.5954838261225,-46.6174758224958;-23.5942830576835,-46.6197471042453;-23.5954876 -46.6174751;-23.5942939 -46.6197596;281;47;59
2;Thu Mar 14 21:08:46 2019;-23.5954838261225,-46.6174758224958;-23.5942830576835,-46.6197471042453;-23.5954876 -46.6174751;-23.5942939 -46.6197596;281;47;57
3;Thu Mar 14 21:09:43 2019;-23.5954838261225,-46.6174758224958;-23.5942830576835,-46.6197471042453;-23.5954876 -46.6174751;-23.5942939 -46.6197596;281;47;57
4;Thu Mar 14 21:10:43 2019;-23.5954838261225,-46.6174758224958;-23.5942830576835,-46.6197471042453;-23.5954876 -46.6174751;-23.5942939 -46.6197596;281;47;57
5;Thu Mar 14 21:11:43 2019;-23.5954838261225,-46.6174758224958;-23.5942830576835,-46.6197471042453;-23.5954876 -46.6174751;-23.5942939 -46.6197596;281;47;57
6;Thu Mar 14 21:12:42 2019;-23.5954838261225,-46.6174758224958;-23.5942830576835,-46.6197471042453;-23.5954876 -46.6174751;-23.5942939 -46.6197596;281;47;57
7;Thu Mar 14 21:13:43 2019;-23.5954838261225,-46.6174758224958;-23.5942830576835,-46.6197471042453;-23.5954876 -46.6174751;-23.5942939 -46.6197596;281;47;54
8;Thu Mar 14 21:14:43 2019;-23.5954838261225,-46.6174758224958;-23.5942830576835,-46.6197471042453;-23.5954876 -46.6174751;-23.5942939 -46.6197596;281;47;54
9;Thu Mar 14 21:15:43 2019;-23.5954838261225,-46.6174758224958;-23.5942830576835,-46.6197471042453;-23.5954876 -46.6174751;-23.5942939 -46.6197596;281;47;54
10;Thu Mar 14 21:16:43 2019;-23.5954838261225,-46.6174758224958;-23.5942830576835,-46.6197471042453;-23.5954876 -46.6174751;-23.5942939 -46.6197596;281;47;75
11;Thu Mar 14 21:17:43 2019;-23.5954838261225,-46.6174758224958;-23.5942830576835,-46.6197471042453;-23.5954876 -46.6174751;-23.5942939 -46.6197596;281;47;80
12;Thu Mar 14 21:18:43 2019;-23.5954838261225,-46.6174758224958;-23.5942830576835,-46.6197471042453;-23.5954876 -46.6174751;-23.5942939 -46.6197596;281;47;80
13;Thu Mar 14 21:19:43 2019;-23.5954838261225,-46.6174758224958;-23.5942830576835,-46.6197471042453;-23.5954876 -46.6174751;-23.5942939 -46.6197596;281;47;80
14;Thu Mar 14 21:20:43 2019;-23.5954838261225,-46.6174758224958;-23.5942830576835,-46.6197471042453;-23.5954876 -46.6174751;-23.5942939 -46.6197596;281;47;63
15;Thu Mar 14 21:21:44 2019;-23.5954838261225,-46.6174758224958;-23.5942830576835,-46.6197471042453;-23.5954876 -46.6174751;-23.5942939 -46.6197596;281;47;62
16;Thu Mar 14 21:22:47 2019;-23.5954838261225,-46.6174758224958;-23.5942830576835,-46.6197471042453;-23.5954876 -46.6174751;-23.5942939 -46.6197596;281;47;61
17;Thu Mar 14 21:23:43 2019;-23.5954838261225,-46.6174758224958;-23.5942830576835,-46.6197471042453;-23.5954876 -46.6174751;-23.5942939 -46.6197596;281;47;61
18;Thu Mar 14 21:24:43 2019;-23.5954838261225,-46.6174758224958;-23.5942830576835,-46.6197471042453;-23.5954876 -46.6174751;-23.5942939 -46.6197596;281;47;58
19;Thu Mar 14 21:25:43 2019;-23.5954838261225,-46.6174758224958;-23.5942830576835,-46.6197471042453;-23.5954876 -46.6174751;-23.5942939 -46.6197596;281;47;57
20;Thu Mar 14 21:26:43 2019;-23.5954838261225,-46.6174758224958;-23.5942830576835,-46.6197471042453;-23.5954876 -46.6174751;-23.5942939 -46.6197596;281;47;57
21;Thu Mar 14 21:27:43 2019;-23.5954838261225,-46.6174758224958;-23.5942830576835,-46.6197471042453;-23.5954876 -46.6174751;-23.5942939 -46.6197596;281;47;40
22;Thu Mar 14 21:28:43 2019;-23.5954838261225,-46.6174758224958;-23.5942830576835,-46.6197471042453;-23.5954876 -46.6174751;-23.5942939 -46.6197596;281;47;40
23;Thu Mar 14 21:29:43 2019;-23.5954838261225,-46.6174758224958;-23.5942830576835,-46.6197471042453;-23.5954876 -46.6174751;-23.5942939 -46.6197596;281;47;40
24;Thu Mar 14 21:30:43 2019;-23.5954838261225,-46.6174758224958;-23.5942830576835,-46.6197471042453;-23.5954876 -46.6174751;-23.5942939 -46.6197596;281;47;41
25;Thu Mar 14 21:31:43 2019;-23.5954838261225,-46.6174758224958;-23.5942830576835,-46.6197471042453;-23.5954876 -46.6174751;-23.5942939 -46.6197596;281;47;41
26;Thu Mar 14 21:32:43 2019;-23.5954838261225,-46.6174758224958;-23.5942830576835,-46.6197471042453;-23.5954876 -46.6174751;-23.5942939 -46.6197596;281;47;41
27;Thu Mar 14 21:33:43 2019;-23.5954838261225,-46.6174758224958;-23.5942830576835,-46.6197471042453;-23.5954876 -46.6174751;-23.5942939 -46.6197596;281;47;41
28;Thu Mar 14 21:34:43 2019;-23.5954838261225,-46.6174758224958;-23.5942830576835,-46.6197471042453;-23.5954876 -46.6174751;-23.5942939 -46.6197596;281;47;41
29;Thu Mar 14 21:35:43 2019;-23.5954838261225,-46.6174758224958;-23.5942830576835,-46.6197471042453;-23.5954876 -46.6174751;-23.5942939 -46.6197596;281;47;42
30;Thu Mar 14 21:36:43 2019;-23.5954838261225,-46.6174758224958;-23.5942830576835,-46.6197471042453;-23.5954876 -46.6174751;-23.5942939 -46.6197596;281;47;41
31;Thu Mar 14 21:37:47 2019;-23.5954838261225,-46.6174758224958;-23.5942830576835,-46.6197471042453;-23.5954876 -46.6174751;-23.5942939 -46.6197596;281;47;40
32;Thu Mar 14 21:38:43 2019;-23.5954838261225,-46.6174758224958;-23.5942830576835,-46.6197471042453;-23.5954876 -46.6174751;-23.5942939 -46.6197596;281;47;41
33;Thu Mar 14 21:39:43 2019;-23.5954838261225,-46.6174758224958;-23.5942830576835,-46.6197471042453;-23.5954876 -46.6174751;-23.5942939 -46.6197596;281;47;41
34;Thu Mar 14 21:40:42 2019;-23.5954838261225,-46.6174758224958;-23.5942830576835,-46.6197471042453;-23.5954876 -46.6174751;-23.5942939 -46.6197596;281;47;41
35;Thu Mar 14 21:41:43 2019;-23.5954838261225,-46.6174758224958;-23.5942830576835,-46.6197471042453;-23.5954876 -46.6174751;-23.5942939 -46.6197596;281;47;41
36;Thu Mar 14 21:42:43 2019;-23.5954838261225,-46.6174758224958;-23.5942830576835,-46.6197471042453;-23.5954876 -46.6174751;-23.5942939 -46.6197596;281;47;41
37;Thu Mar 14 21:43:43 2019;-23.5954838261225,-46.6174758224958;-23.5942830576835,-46.6197471042453;-23.5954876 -46.6174751;-23.5942939 -46.6197596;281;47;41
38;Thu Mar 14 21:44:43 2019;-23.5954838261225,-46.6174758224958;-23.5942830576835,-46.6197471042453;-23.5954876 -46.6174751;-23.5942939 -46.6197596;281;47;41
39;Thu Mar 14 21:45:43 2019;-23.5954838261225,-46.6174758224958;-23.5942830576835,-46.6197471042453;-23.5954876 -46.6174751;-23.5942939 -46.6197596;281;47;42
40;Thu Mar 14 21:46:43 2019;-23.5954838261225,-46.6174758224958;-23.5942830576835,-46.6197471042453;-23.5954876 -46.6174751;-23.5942939 -46.6197596;281;47;44
41;Thu Mar 14 21:47:43 2019;-23.5954838261225,-46.6174758224958;-23.5942830576835,-46.6197471042453;-23.5954876 -46.6174751;-23.5942939 -46.6197596;281;47;44
42;Thu Mar 14 21:48:43 2019;-23.5954838261225,-46.6174758224958;-23.5942830576835,-46.6197471042453;-23.5954876 -46.6174751;-23.5942939 -46.6197596;281;47;43
43;Thu Mar 14 21:49:43 2019;-23.5954838261225,-46.6174758224958;-23.5942830576835,-46.6197471042453;-23.5954876 -46.6174751;-23.5942939 -46.6197596;281;47;50
44;Thu Mar 14 21:50:43 2019;-23.5954838261225,-46.6174758224958;-23.5942830576835,-46.6197471042453;-23.5954876 -46.6174751;-23.5942939 -46.6197596;281;47;56
45;Thu Mar 14 21:51:42 2019;-23.5954838261225,-46.6174758224958;-23.5942830576835,-46.6197471042453;-23.5954876 -46.6174751;-23.5942939 -46.6197596;281;47;56
46;Thu Mar 14 21:52:46 2019;-23.5954838261225,-46.6174758224958;-23.5942830576835,-46.6197471042453;-23.5954876 -46.6174751;-23.5942939 -46.6197596;281;47;56
47;Thu Mar 14 21:53:43 2019;-23.5954838261225,-46.6174758224958;-23.5942830576835,-46.6197471042453;-23.5954876 -46.6174751;-23.5942939 -46.6197596;281;47;45
48;Thu Mar 14 21:54:43 2019;-23.5954838261225,-46.6174758224958;-23.5942830576835,-46.6197471042453;-23.5954876 -46.6174751;-23.5942939 -46.6197596;281;47;45
49;Thu Mar 14 21:55:43 2019;-23.5954838261225,-46.6174758224958;-23.5942830576835,-46.6197471042453;-23.5954876 -46.6174751;-23.5942939 -46.6197596;281;47;45
50;Thu Mar 14 21:56:42 2019;-23.5954838261225,-46.6174758224958;-23.5942830576835,-46.6197471042453;-23.5954876 -46.6174751;-23.5942939 -46.6197596;281;47;44
51;Thu Mar 14 21:57:43 2019;-23.5954838261225,-46.6174758224958;-23.5942830576835,-46.6197471042453;-23.5954876 -46.6174751;-23.5942939 -46.6197596;281;47;46
52;Thu Mar 14 21:58:43 2019;-23.5954838261225,-46.6174758224958;-23.5942830576835,-46.6197471042453;-23.5954876 -46.6174751;-23.5942939 -46.6197596;281;47;43
53;Thu Mar 14 21:59:43 2019;-23.5954838261225,-46.6174758224958;-23.5942830576835,-46.6197471042453;-23.5954876 -46.6174751;-23.5942939 -46.6197596;281;47;49
54;Thu Mar 14 22:00:43 2019;-23.5954838261225,-46.6174758224958;-23.5942830576835,-46.6197471042453;-23.5954876 -46.6174751;-23.5942939 -46.6197596;281;47;49
55;Thu Mar 14 22:01:43 2019;-23.5954838261225,-46.6174758224958;-23.5942830576835,-46.6197471042453;-23.5954876 -46.6174751;-23.5942939 -46.6197596;281;47;49
56;Thu Mar 14 22:02:43 2019;-23.5954838261225,-46.6174758224958;-23.5942830576835,-46.6197471042453;-23.5954876 -46.6174751;-23.5942939 -46.6197596;281;47;47
57;Thu Mar 14 22:03:42 2019;-23.5954838261225,-46.6174758224958;-23.5942830576835,-46.6197471042453;-23.5954876 -46.6174751;-23.5942939 -46.6197596;281;47;49
58;Thu Mar 14 22:04:43 2019;-23.5954838261225,-46.6174758224958;-23.5942830576835,-46.6197471042453;-23.5954876 -46.6174751;-23.5942939 -46.6197596;281;47;49
59;Thu Mar 14 22:05:43 2019;-23.5954838261225,-46.6174758224958;-23.5942830576835,-46.6197471042453;-23.5954876 -46.6174751;-23.5942939 -46.6197596;281;47;56
60;Thu Mar 14 22:06:44 2019;-23.5954838261225,-46.6174758224958;-23.5942830576835,-46.6197471042453;-23.5954876 -46.6174751;-23.5942939 -46.6197596;281;47;56
61;Thu Mar 14 22:07:46 2019;-23.5954838261225,-46.6174758224958;-23.5942830576835,-46.6197471042453;-23.5954876 -46.6174751;-23.5942939 -46.6197596;281;47;56
62;Thu Mar 14 22:08:43 2019;-23.5954838261225,-46.6174758224958;-23.5942830576835,-46.6197471042453;-23.5954876 -46.6174751;-23.5942939 -46.6197596;281;47;56
63;Thu Mar 14 22:09:43 2019;-23.5954838261225,-46.6174758224958;-23.5942830576835,-46.6197471042453;-23.5954876 -46.6174751;-23.5942939 -46.6197596;281;47;56
64;Thu Mar 14 22:10:43 2019;-23.5954838261225,-46.6174758224958;-23.5942830576835,-46.6197471042453;-23.5954876 -46.6174751;-23.5942939 -46.6197596;281;47;54
65;Thu Mar 14 22:11:43 2019;-23.5954838261225,-46.6174758224958;-23.5942830576835,-46.6197471042453;-23.5954876 -46.6174751;-23.5942939 -46.6197596;281;47;54
66;Thu Mar 14 22:12:42 2019;-23.5954838261225,-46.6174758224958;-23.5942830576835,-46.6197471042453;-23.5954876 -46.6174751;-23.5942939 -46.6197596;281;47;54
67;Thu Mar 14 22:13:43 2019;-23.5954838261225,-46.6174758224958;-23.5942830576835,-46.6197471042453;-23.5954876 -46.6174751;-23.5942939 -46.6197596;281;47;50
68;Thu Mar 14 22:14:43 2019;-23.5954838261225,-46.6174758224958;-23.5942830576835,-46.6197471042453;-23.5954876 -46.6174751;-23.5942939 -46.6197596;281;47;50
69;Thu Mar 14 22:15:43 2019;-23.5954838261225,-46.6174758224958;-23.5942830576835,-46.6197471042453;-23.5954876 -46.6174751;-23.5942939 -46.6197596;281;47;51
70;Thu Mar 14 22:16:43 2019;-23.5954838261225,-46.6174758224958;-23.5942830576835,-46.6197471042453;-23.5954876 -46.6174751;-23.5942939 -46.6197596;281;47;50
71;Thu Mar 14 22:17:43 2019;-23.5954838261225,-46.6174758224958;-23.5942830576835,-46.6197471042453;-23.5954876 -46.6174751;-23.5942939 -46.6197596;281;47;48
72;Thu Mar 14 22:18:43 2019;-23.5954838261225,-46.6174758224958;-23.5942830576835,-46.6197471042453;-23.5954876 -46.6174751;-23.5942939 -46.6197596;281;47;50
73;Thu Mar 14 22:19:43 2019;-23.5954838261225,-46.6174758224958;-23.5942830576835,-46.6197471042453;-23.5954876 -46.6174751;-23.5942939 -46.6197596;281;47;48
74;Thu Mar 14 22:20:43 2019;-23.5954838261225,-46.6174758224958;-23.5942830576835,-46.6197471042453;-23.5954876 -46.6174751;-23.5942939 -46.6197596;281;47;48
75;Thu Mar 14 22:21:43 2019;-23.5954838261225,-46.6174758224958;-23.5942830576835,-46.6197471042453;-23.5954876 -46.6174751;-23.5942939 -46.6197596;281;47;47
76;Thu Mar 14 22:22:47 2019;-23.5954838261225,-46.6174758224958;-23.5942830576835,-46.6197471042453;-23.5954876 -46.6174751;-23.5942939 -46.6197596;281;47;42
77;Thu Mar 14 22:23:43 2019;-23.5954838261225,-46.6174758224958;-23.5942830576835,-46.6197471042453;-23.5954876 -46.6174751;-23.5942939 -46.6197596;281;47;42
78;Thu Mar 14 22:24:42 2019;-23.5954838261225,-46.6174758224958;-23.5942830576835,-46.6197471042453;-23.5954876 -46.6174751;-23.5942939 -46.6197596;281;47;41
79;Thu Mar 14 22:25:43 2019;-23.5954838261225,-46.6174758224958;-23.5942830576835,-46.6197471042453;-23.5954876 -46.6174751;-23.5942939 -46.6197596;281;47;42
80;Thu Mar 14 22:26:43 2019;-23.5954838261225,-46.6174758224958;-23.5942830576835,-46.6197471042453;-23.5954876 -46.6174751;-23.5942939 -46.6197596;281;47;41
81;Thu Mar 14 22:27:43 2019;-23.5954838261225,-46.6174758224958;-23.5942830576835,-46.6197471042453;-23.5954876 -46.6174751;-23.5942939 -46.6197596;281;47;41
82;Thu Mar 14 22:28:43 2019;-23.5954838261225,-46.6174758224958;-23.5942830576835,-46.6197471042453;-23.5954876 -46.6174751;-23.5942939 -46.6197596;281;47;41
83;Thu Mar 14 22:29:43 2019;-23.5954838261225,-46.6174758224958;-23.5942830576835,-46.6197471042453;-23.5954876 -46.6174751;-23.5942939 -46.6197596;281;47;43
84;Thu Mar 14 22:30:43 2019;-23.5954838261225,-46.6174758224958;-23.5942830576835,-46.6197471042453;-23.5954876 -46.6174751;-23.5942939 -46.6197596;281;47;42
85;Thu Mar 14 22:31:44 2019;-23.5954838261225,-46.6174758224958;-23.5942830576835,-46.6197471042453;-23.5954876 -46.6174751;-23.5942939 -46.6197596;281;47;40
86;Thu Mar 14 22:32:43 2019;-23.5954838261225,-46.6174758224958;-23.5942830576835,-46.6197471042453;-23.5954876 -46.6174751;-23.5942939 -46.6197596;281;47;40
87;Thu Mar 14 22:33:43 2019;-23.5954838261225,-46.6174758224958;-23.5942830576835,-46.6197471042453;-23.5954876 -46.6174751;-23.5942939 -46.6197596;281;47;40
88;Thu Mar 14 22:34:43 2019;-23.5954838261225,-46.6174758224958;-23.5942830576835,-46.6197471042453;-23.5954876 -46.6174751;-23.5942939 -46.6197596;281;47;40
89;Thu Mar 14 22:35:42 2019;-23.5954838261225,-46.6174758224958;-23.5942830576835,-46.6197471042453;-23.5954876 -46.6174751;-23.5942939 -46.6197596;281;47;41
90;Thu Mar 14 22:36:43 2019;-23.5954838261225,-46.6174758224958;-23.5942830576835,-46.6197471042453;-23.5954876 -46.6174751;-23.5942939 -46.6197596;281;47;41
91;Thu Mar 14 22:37:47 2019;-23.5954838261225,-46.6174758224958;-23.5942830576835,-46.6197471042453;-23.5954876 -46.6174751;-23.5942939 -46.6197596;281;47;41
92;Thu Mar 14 22:38:43 2019;-23.5954838261225,-46.6174758224958;-23.5942830576835,-46.6197471042453;-23.5954876 -46.6174751;-23.5942939 -46.6197596;281;47;41
93;Thu Mar 14 22:39:43 2019;-23.5954838261225,-46.6174758224958;-23.5942830576835,-46.6197471042453;-23.5954876 -46.6174751;-23.5942939 -46.6197596;281;47;41
94;Thu Mar 14 22:40:43 2019;-23.5954838261225,-46.6174758224958;-23.5942830576835,-46.6197471042453;-23.5954876 -46.6174751;-23.5942939 -46.6197596;281;47;41
95;Thu Mar 14 22:41:43 2019;-23.5954838261225,-46.6174758224958;-23.5942830576835,-46.6197471042453;-23.5954876 -46.6174751;-23.5942939 -46.6197596;281;47;41
96;Thu Mar 14 22:42:42 2019;-23.5954838261225,-46.6174758224958;-23.5942830576835,-46.6197471042453;-23.5954876 -46.6174751;-23.5942939 -46.6197596;281;47;41
97;Thu Mar 14 22:43:43 2019;-23.5954838261225,-46.6174758224958;-23.5942830576835,-46.6197471042453;-23.5954876 -46.6174751;-23.5942939 -46.6197596;281;47;43
98;Thu Mar 14 22:44:43 2019;-23.5954838261225,-46.6174758224958;-23.5942830576835,-46.6197471042453;-23.5954876 -46.6174751;-23.5942939 -46.6197596;281;47;43
99;Thu Mar 14 22:45:43 2019;-23.5954838261225,-46.6174758224958;-23.5942830576835,-46.6197471042453;-23.5954876 -46.6174751;-23.5942939 -46.6197596;281;47;44
100;Thu Mar 14 22:46:43 2019;-23.5954838261225,-46.6174758224958;-23.5942830576835,-46.6197471042453;-23.5954876 -46.6174751;-23.5942939 -46.6197596;281;47;51
101;Thu Mar 14 22:47:43 2019;-23.5954838261225,-46.6174758224958;-23.5942830576835,-46.6197471042453;-23.5954876 -46.6174751;-23.5942939 -46.6197596;281;47;51
102;Thu Mar 14 22:48:43 2019;-23.5954838261225,-46.6174758224958;-23.5942830576835,-46.6197471042453;-23.5954876 -46.6174751;-23.5942939 -46.6197596;281;47;51
103;Thu Mar 14 22:49:43 2019;-23.5954838261225,-46.6174758224958;-23.5942830576835,-46.6197471042453;-23.5954876 -46.6174751;-23.5942939 -46.6197596;281;47;50
104;Thu Mar 14 22:50:43 2019;-23.5954838261225,-46.6174758224958;-23.5942830576835,-46.6197471042453;-23.5954876 -46.6174751;-23.5942939 -46.6197596;281;47;50
105;Thu Mar 14 22:51:43 2019;-23.5954838261225,-46.6174758224958;-23.5942830576835,-46.6197471042453;-23.5954876 -46.6174751;-23.5942939 -46.6197596;281;47;50
106;Thu Mar 14 22:52:47 2019;-23.5954838261225,-46.6174758224958;-23.5942830576835,-46.6197471042453;-23.5954876 -46.6174751;-23.5942939 -46.6197596;281;47;50
107;Thu Mar 14 22:53:43 2019;-23.5954838261225,-46.6174758224958;-23.5942830576835,-46.6197471042453;-23.5954876 -46.6174751;-23.5942939 -46.6197596;281;47;50
108;Thu Mar 14 22:54:43 2019;-23.5954838261225,-46.6174758224958;-23.5942830576835,-46.6197471042453;-23.5954876 -46.6174751;-23.5942939 -46.6197596;281;47;50
109;Thu Mar 14 22:55:43 2019;-23.5954838261225,-46.6174758224958;-23.5942830576835,-46.6197471042453;-23.5954876 -46.6174751;-23.5942939 -46.6197596;281;47;48
110;Thu Mar 14 22:56:42 2019;-23.5954838261225,-46.6174758224958;-23.5942830576835,-46.6197471042453;-23.5954876 -46.6174751;-23.5942939 -46.6197596;281;47;48
111;Thu Mar 14 22:57:43 2019;-23.5954838261225,-46.6174758224958;-23.5942830576835,-46.6197471042453;-23.5954876 -46.6174751;-23.5942939 -46.6197596;281;47;48
112;Thu Mar 14 22:58:42 2019;-23.5954838261225,-46.6174758224958;-23.5942830576835,-46.6197471042453;-23.5954876 -46.6174751;-23.5942939 -46.6197596;281;47;48
113;Thu Mar 14 22:59:43 2019;-23.5954838261225,-46.6174758224958;-23.5942830576835,-46.6197471042453;-23.5954876 -46.6174751;-23.5942939 -46.6197596;281;47;48
114;Thu Mar 14 23:00:43 2019;-23.5954838261225,-46.6174758224958;-23.5942830576835,-46.6197471042453;-23.5954876 -46.6174751;-23.5942939 -46.6197596;281;47;50
115;Thu Mar 14 23:01:42 2019;-23.5954838261225,-46.6174758224958;-23.5942830576835,-46.6197471042453;-23.5954876 -46.6174751;-23.5942939 -46.6197596;281;47;50
116;Thu Mar 14 23:02:43 2019;-23.5954838261225,-46.6174758224958;-23.5942830576835,-46.6197471042453;-23.5954876 -46.6174751;-23.5942939 -46.6197596;281;47;51
117;Thu Mar 14 23:03:42 2019;-23.5954838261225,-46.6174758224958;-23.5942830576835,-46.6197471042453;-23.5954876 -46.6174751;-23.5942939 -46.6197596;281;47;51
118;Thu Mar 14 23:04:43 2019;-23.5954838261225,-46.6174758224958;-23.5942830576835,-46.6197471042453;-23.5954876 -46.6174751;-23.5942939 -46.6197596;281;47;51
119;Thu Mar 14 23:05:43 2019;-23.5954838261225,-46.6174758224958;-23.5942830576835,-46.6197471042453;-23.5954876 -46.6174751;-23.5942939 -46.6197596;281;47;51
120;Thu Mar 14 23:06:42 2019;-23.5954838261225,-46.6174758224958;-23.5942830576835,-46.6197471042453;-23.5954876 -46.6174751;-23.5942939 -46.6197596;281;47;53
121;Thu Mar 14 23:07:47 2019;-23.5954838261225,-46.6174758224958;-23.5942830576835,-46.6197471042453;-23.5954876 -46.6174751;-23.5942939 -46.6197596;281;47;56
122;Thu Mar 14 23:08:43 2019;-23.5954838261225,-46.6174758224958;-23.5942830576835,-46.6197471042453;-23.5954876 -46.6174751;-23.5942939 -46.6197596;281;47;56
123;Thu Mar 14 23:09:43 2019;-23.5954838261225,-46.6174758224958;-23.5942830576835,-46.6197471042453;-23.5954876 -46.6174751;-23.5942939 -46.6197596;281;47;56
124;Thu Mar 14 23:10:43 2019;-23.5954838261225,-46.6174758224958;-23.5942830576835,-46.6197471042453;-23.5954876 -46.6174751;-23.5942939 -46.6197596;281;47;56
125;Thu Mar 14 23:11:43 2019;-23.5954838261225,-46.6174758224958;-23.5942830576835,-46.6197471042453;-23.5954876 -46.6174751;-23.5942939 -46.6197596;281;47;43
126;Thu Mar 14 23:12:42 2019;-23.5954838261225,-46.6174758224958;-23.5942830576835,-46.6197471042453;-23.5954876 -46.6174751;-23.5942939 -46.6197596;281;47;43
127;Thu Mar 14 23:13:42 2019;-23.5954838261225,-46.6174758224958;-23.5942830576835,-46.6197471042453;-23.5954876 -46.6174751;-23.5942939 -46.6197596;281;47;43
128;Thu Mar 14 23:14:43 2019;-23.5954838261225,-46.6174758224958;-23.5942830576835,-46.6197471042453;-23.5954876 -46.6174751;-23.5942939 -46.6197596;281;47;42
129;Thu Mar 14 23:15:43 2019;-23.5954838261225,-46.6174758224958;-23.5942830576835,-46.6197471042453;-23.5954876 -46.6174751;-23.5942939 -46.6197596;281;47;42
130;Thu Mar 14 23:16:43 2019;-23.5954838261225,-46.6174758224958;-23.5942830576835,-46.6197471042453;-23.5954876 -46.6174751;-23.5942939 -46.6197596;281;47;42
131;Thu Mar 14 23:17:43 2019;-23.5954838261225,-46.6174758224958;-23.5942830576835,-46.6197471042453;-23.5954876 -46.6174751;-23.5942939 -46.6197596;281;47;42
132;Thu Mar 14 23:18:43 2019;-23.5954838261225,-46.6174758224958;-23.5942830576835,-46.6197471042453;-23.5954876 -46.6174751;-23.5942939 -46.6197596;281;47;44
133;Thu Mar 14 23:19:42 2019;-23.5954838261225,-46.6174758224958;-23.5942830576835,-46.6197471042453;-23.5954876 -46.6174751;-23.5942939 -46.6197596;281;47;44
134;Thu Mar 14 23:20:42 2019;-23.5954838261225,-46.6174758224958;-23.5942830576835,-46.6197471042453;-23.5954876 -46.6174751;-23.5942939 -46.6197596;281;47;42
135;Thu Mar 14 23:21:43 2019;-23.5954838261225,-46.6174758224958;-23.5942830576835,-46.6197471042453;-23.5954876 -46.6174751;-23.5942939 -46.6197596;281;47;42
136;Thu Mar 14 23:22:45 2019;-23.5954838261225,-46.6174758224958;-23.5942830576835,-46.6197471042453;-23.5954876 -46.6174751;-23.5942939 -46.6197596;281;47;43
137;Thu Mar 14 23:23:43 2019;-23.5954838261225,-46.6174758224958;-23.5942830576835,-46.6197471042453;-23.5954876 -46.6174751;-23.5942939 -46.6197596;281;47;42
138;Thu Mar 14 23:24:42 2019;-23.5954838261225,-46.6174758224958;-23.5942830576835,-46.6197471042453;-23.5954876 -46.6174751;-23.5942939 -46.6197596;281;47;42
139;Thu Mar 14 23:25:43 2019;-23.5954838261225,-46.6174758224958;-23.5942830576835,-46.6197471042453;-23.5954876 -46.6174751;-23.5942939 -46.6197596;281;47;42
140;Thu Mar 14 23:26:43 2019;-23.5954838261225,-46.6174758224958;-23.5942830576835,-46.6197471042453;-23.5954876 -46.6174751;-23.5942939 -46.6197596;281;47;42
141;Thu Mar 14 23:27:43 2019;-23.5954838261225,-46.6174758224958;-23.5942830576835,-46.6197471042453;-23.5954876 -46.6174751;-23.5942939 -46.6197596;281;47;46
142;Thu Mar 14 23:28:42 2019;-23.5954838261225,-46.6174758224958;-23.5942830576835,-46.6197471042453;-23.5954876 -46.6174751;-23.5942939 -46.6197596;281;47;45
143;Thu Mar 14 23:29:42 2019;-23.5954838261225,-46.6174758224958;-23.5942830576835,-46.6197471042453;-23.5954876 -46.6174751;-23.5942939 -46.6197596;281;47;41
144;Thu Mar 14 23:30:43 2019;-23.5954838261225,-46.6174758224958;-23.5942830576835,-46.6197471042453;-23.5954876 -46.6174751;-23.5942939 -46.6197596;281;47;41
145;Thu Mar 14 23:31:43 2019;-23.5954838261225,-46.6174758224958;-23.5942830576835,-46.6197471042453;-23.5954876 -46.6174751;-23.5942939 -46.6197596;281;47;41
146;Thu Mar 14 23:32:42 2019;-23.5954838261225,-46.6174758224958;-23.5942830576835,-46.6197471042453;-23.5954876 -46.6174751;-23.5942939 -46.6197596;281;47;41
147;Thu Mar 14 23:33:43 2019;-23.5954838261225,-46.6174758224958;-23.5942830576835,-46.6197471042453;-23.5954876 -46.6174751;-23.5942939 -46.6197596;281;47;41
148;Thu Mar 14 23:34:42 2019;-23.5954838261225,-46.6174758224958;-23.5942830576835,-46.6197471042453;-23.5954876 -46.6174751;-23.5942939 -46.6197596;281;47;41
149;Thu Mar 14 23:35:43 2019;-23.5954838261225,-46.6174758224958;-23.5942830576835,-46.6197471042453;-23.5954876 -46.6174751;-23.5942939 -46.6197596;281;47;41
150;Thu Mar 14 23:36:43 2019;-23.5954838261225,-46.6174758224958;-23.5942830576835,-46.6197471042453;-23.5954876 -46.6174751;-23.5942939 -46.6197596;281;47;41
151;Thu Mar 14 23:37:45 2019;-23.5954838261225,-46.6174758224958;-23.5942830576835,-46.6197471042453;-23.5954876 -46.6174751;-23.5942939 -46.6197596;281;47;40
152;Thu Mar 14 23:38:43 2019;-23.5954838261225,-46.6174758224958;-23.5942830576835,-46.6197471042453;-23.5954876 -46.6174751;-23.5942939 -46.6197596;281;47;40
153;Thu Mar 14 23:39:43 2019;-23.5954838261225,-46.6174758224958;-23.5942830576835,-46.6197471042453;-23.5954876 -46.6174751;-23.5942939 -46.6197596;281;47;40
154;Thu Mar 14 23:40:42 2019;-23.5954838261225,-46.6174758224958;-23.5942830576835,-46.6197471042453;-23.5954876 -46.6174751;-23.5942939 -46.6197596;281;47;40
155;Thu Mar 14 23:41:43 2019;-23.5954838261225,-46.6174758224958;-23.5942830576835,-46.6197471042453;-23.5954876 -46.6174751;-23.5942939 -46.6197596;281;47;41
156;Thu Mar 14 23:42:43 2019;-23.5954838261225,-46.6174758224958;-23.5942830576835,-46.6197471042453;-23.5954876 -46.6174751;-23.5942939 -46.6197596;281;47;41
157;Thu Mar 14 23:43:43 2019;-23.5954838261225,-46.6174758224958;-23.5942830576835,-46.6197471042453;-23.5954876 -46.6174751;-23.5942939 -46.6197596;281;47;41
158;Thu Mar 14 23:44:43 2019;-23.5954838261225,-46.6174758224958;-23.5942830576835,-46.6197471042453;-23.5954876 -46.6174751;-23.5942939 -46.6197596;281;47;41
159;Thu Mar 14 23:45:42 2019;-23.5954838261225,-46.6174758224958;-23.5942830576835,-46.6197471042453;-23.5954876 -46.6174751;-23.5942939 -46.6197596;281;47;41
160;Thu Mar 14 23:46:43 2019;-23.5954838261225,-46.6174758224958;-23.5942830576835,-46.6197471042453;-23.5954876 -46.6174751;-23.5942939 -46.6197596;281;47;41
161;Thu Mar 14 23:47:43 2019;-23.5954838261225,-46.6174758224958;-23.5942830576835,-46.6197471042453;-23.5954876 -46.6174751;-23.5942939 -46.6197596;281;47;41
162;Thu Mar 14 23:48:43 2019;-23.5954838261225,-46.6174758224958;-23.5942830576835,-46.6197471042453;-23.5954876 -46.6174751;-23.5942939 -46.6197596;281;47;40
163;Thu Mar 14 23:49:43 2019;-23.5954838261225,-46.6174758224958;-23.5942830576835,-46.6197471042453;-23.5954876 -46.6174751;-23.5942939 -46.6197596;281;47;47
164;Thu Mar 14 23:50:43 2019;-23.5954838261225,-46.6174758224958;-23.5942830576835,-46.6197471042453;-23.5954876 -46.6174751;-23.5942939 -46.6197596;281;47;47
165;Thu Mar 14 23:51:43 2019;-23.5954838261225,-46.6174758224958;-23.5942830576835,-46.6197471042453;-23.5954876 -46.6174751;-23.5942939 -46.6197596;281;47;47
166;Thu Mar 14 23:52:45 2019;-23.5954838261225,-46.6174758224958;-23.5942830576835,-46.6197471042453;-23.5954876 -46.6174751;-23.5942939 -46.6197596;281;47;47
167;Thu Mar 14 23:53:43 2019;-23.5954838261225,-46.6174758224958;-23.5942830576835,-46.6197471042453;-23.5954876 -46.6174751;-23.5942939 -46.6197596;281;47;47
168;Thu Mar 14 23:54:42 2019;-23.5954838261225,-46.6174758224958;-23.5942830576835,-46.6197471042453;-23.5954876 -46.6174751;-23.5942939 -46.6197596;281;47;45
169;Thu Mar 14 23:55:43 2019;-23.5954838261225,-46.6174758224958;-23.5942830576835,-46.6197471042453;-23.5954876 -46.6174751;-23.5942939 -46.6197596;281;47;45
170;Thu Mar 14 23:56:43 2019;-23.5954838261225,-46.6174758224958;-23.5942830576835,-46.6197471042453;-23.5954876 -46.6174751;-23.5942939 -46.6197596;281;47;45
171;Thu Mar 14 23:57:43 2019;-23.5954838261225,-46.6174758224958;-23.5942830576835,-46.6197471042453;-23.5954876 -46.6174751;-23.5942939 -46.6197596;281;47;42
172;Thu Mar 14 23:58:43 2019;-23.5954838261225,-46.6174758224958;-23.5942830576835,-46.6197471042453;-23.5954876 -46.6174751;-23.5942939 -46.6197596;281;47;42
173;Thu Mar 14 23:59:43 2019;-23.5954838261225,-46.6174758224958;-23.5942830576835,-46.6197471042453;-23.5954876 -46.6174751;-23.5942939 -46.6197596;281;47;42
