38972;Thu Mar 14 00:00:09 2019;-23.5950202045737,-46.6268998697663;-23.5931874507308,-46.6297230843116;-23.5950455 -46.6269057;-23.5931819 -46.6297171;368;46;38
39213;Thu Mar 14 04:01:15 2019;-23.5950202045737,-46.6268998697663;-23.5931874507308,-46.6297230843116;-23.5950455 -46.6269057;-23.5931819 -46.6297171;368;46;33
39214;Thu Mar 14 04:02:09 2019;-23.5950202045737,-46.6268998697663;-23.5931874507308,-46.6297230843116;-23.5950455 -46.6269057;-23.5931819 -46.6297171;368;46;33
39215;Thu Mar 14 04:03:10 2019;-23.5950202045737,-46.6268998697663;-23.5931874507308,-46.6297230843116;-23.5950455 -46.6269057;-23.5931819 -46.6297171;368;46;33
39216;Thu Mar 14 04:04:09 2019;-23.5950202045737,-46.6268998697663;-23.5931874507308,-46.6297230843116;-23.5950455 -46.6269057;-23.5931819 -46.6297171;368;46;33
39217;Thu Mar 14 04:05:10 2019;-23.5950202045737,-46.6268998697663;-23.5931874507308,-46.6297230843116;-23.5950455 -46.6269057;-23.5931819 -46.6297171;368;46;33
39218;Thu Mar 14 04:06:09 2019;-23.5950202045737,-46.6268998697663;-23.5931874507308,-46.6297230843116;-23.5950455 -46.6269057;-23.5931819 -46.6297171;368;46;33
39219;Thu Mar 14 04:07:10 2019;-23.5950202045737,-46.6268998697663;-23.5931874507308,-46.6297230843116;-23.5950455 -46.6269057;-23.5931819 -46.6297171;368;46;33
39220;Thu Mar 14 04:08:10 2019;-23.5950202045737,-46.6268998697663;-23.5931874507308,-46.6297230843116;-23.5950455 -46.6269057;-23.5931819 -46.6297171;368;46;33
39221;Thu Mar 14 04:09:09 2019;-23.5950202045737,-46.6268998697663;-23.5931874507308,-46.6297230843116;-23.5950455 -46.6269057;-23.5931819 -46.6297171;368;46;34
39222;Thu Mar 14 04:10:10 2019;-23.5950202045737,-46.6268998697663;-23.5931874507308,-46.6297230843116;-23.5950455 -46.6269057;-23.5931819 -46.6297171;368;46;34
1;Thu Mar 14 21:07:47 2019;-23.5950202045737,-46.6268998697663;-23.5931874507308,-46.6297230843116;-23.5950455 -46.6269057;-23.5931819 -46.6297171;368;46;44
2;Thu Mar 14 21:08:46 2019;-23.5950202045737,-46.6268998697663;-23.5931874507308,-46.6297230843116;-23.5950455 -46.6269057;-23.5931819 -46.6297171;368;46;43
3;Thu Mar 14 21:09:43 2019;-23.5950202045737,-46.6268998697663;-23.5931874507308,-46.6297230843116;-23.5950455 -46.6269057;-23.5931819 -46.6297171;368;46;55
4;Thu Mar 14 21:10:43 2019;-23.5950202045737,-46.6268998697663;-23.5931874507308,-46.6297230843116;-23.5950455 -46.6269057;-23.5931819 -46.6297171;368;46;53
5;Thu Mar 14 21:11:43 2019;-23.5950202045737,-46.6268998697663;-23.5931874507308,-46.6297230843116;-23.5950455 -46.6269057;-23.5931819 -46.6297171;368;46;50
6;Thu Mar 14 21:12:42 2019;-23.5950202045737,-46.6268998697663;-23.5931874507308,-46.6297230843116;-23.5950455 -46.6269057;-23.5931819 -46.6297171;368;46;44
7;Thu Mar 14 21:13:43 2019;-23.5950202045737,-46.6268998697663;-23.5931874507308,-46.6297230843116;-23.5950455 -46.6269057;-23.5931819 -46.6297171;368;46;44
8;Thu Mar 14 21:14:43 2019;-23.5950202045737,-46.6268998697663;-23.5931874507308,-46.6297230843116;-23.5950455 -46.6269057;-23.5931819 -46.6297171;368;46;43
9;Thu Mar 14 21:15:43 2019;-23.5950202045737,-46.6268998697663;-23.5931874507308,-46.6297230843116;-23.5950455 -46.6269057;-23.5931819 -46.6297171;368;46;44
10;Thu Mar 14 21:16:44 2019;-23.5950202045737,-46.6268998697663;-23.5931874507308,-46.6297230843116;-23.5950455 -46.6269057;-23.5931819 -46.6297171;368;46;44
11;Thu Mar 14 21:17:43 2019;-23.5950202045737,-46.6268998697663;-23.5931874507308,-46.6297230843116;-23.5950455 -46.6269057;-23.5931819 -46.6297171;368;46;42
12;Thu Mar 14 21:18:44 2019;-23.5950202045737,-46.6268998697663;-23.5931874507308,-46.6297230843116;-23.5950455 -46.6269057;-23.5931819 -46.6297171;368;46;44
13;Thu Mar 14 21:19:43 2019;-23.5950202045737,-46.6268998697663;-23.5931874507308,-46.6297230843116;-23.5950455 -46.6269057;-23.5931819 -46.6297171;368;46;45
14;Thu Mar 14 21:20:44 2019;-23.5950202045737,-46.6268998697663;-23.5931874507308,-46.6297230843116;-23.5950455 -46.6269057;-23.5931819 -46.6297171;368;46;58
15;Thu Mar 14 21:21:44 2019;-23.5950202045737,-46.6268998697663;-23.5931874507308,-46.6297230843116;-23.5950455 -46.6269057;-23.5931819 -46.6297171;368;46;55
16;Thu Mar 14 21:22:48 2019;-23.5950202045737,-46.6268998697663;-23.5931874507308,-46.6297230843116;-23.5950455 -46.6269057;-23.5931819 -46.6297171;368;46;47
17;Thu Mar 14 21:23:43 2019;-23.5950202045737,-46.6268998697663;-23.5931874507308,-46.6297230843116;-23.5950455 -46.6269057;-23.5931819 -46.6297171;368;46;48
18;Thu Mar 14 21:24:44 2019;-23.5950202045737,-46.6268998697663;-23.5931874507308,-46.6297230843116;-23.5950455 -46.6269057;-23.5931819 -46.6297171;368;46;50
19;Thu Mar 14 21:25:43 2019;-23.5950202045737,-46.6268998697663;-23.5931874507308,-46.6297230843116;-23.5950455 -46.6269057;-23.5931819 -46.6297171;368;46;48
20;Thu Mar 14 21:26:43 2019;-23.5950202045737,-46.6268998697663;-23.5931874507308,-46.6297230843116;-23.5950455 -46.6269057;-23.5931819 -46.6297171;368;46;48
21;Thu Mar 14 21:27:43 2019;-23.5950202045737,-46.6268998697663;-23.5931874507308,-46.6297230843116;-23.5950455 -46.6269057;-23.5931819 -46.6297171;368;46;45
22;Thu Mar 14 21:28:43 2019;-23.5950202045737,-46.6268998697663;-23.5931874507308,-46.6297230843116;-23.5950455 -46.6269057;-23.5931819 -46.6297171;368;46;45
23;Thu Mar 14 21:29:43 2019;-23.5950202045737,-46.6268998697663;-23.5931874507308,-46.6297230843116;-23.5950455 -46.6269057;-23.5931819 -46.6297171;368;46;44
24;Thu Mar 14 21:30:43 2019;-23.5950202045737,-46.6268998697663;-23.5931874507308,-46.6297230843116;-23.5950455 -46.6269057;-23.5931819 -46.6297171;368;46;44
25;Thu Mar 14 21:31:43 2019;-23.5950202045737,-46.6268998697663;-23.5931874507308,-46.6297230843116;-23.5950455 -46.6269057;-23.5931819 -46.6297171;368;46;43
26;Thu Mar 14 21:32:43 2019;-23.5950202045737,-46.6268998697663;-23.5931874507308,-46.6297230843116;-23.5950455 -46.6269057;-23.5931819 -46.6297171;368;46;47
27;Thu Mar 14 21:33:43 2019;-23.5950202045737,-46.6268998697663;-23.5931874507308,-46.6297230843116;-23.5950455 -46.6269057;-23.5931819 -46.6297171;368;46;46
28;Thu Mar 14 21:34:43 2019;-23.5950202045737,-46.6268998697663;-23.5931874507308,-46.6297230843116;-23.5950455 -46.6269057;-23.5931819 -46.6297171;368;46;46
29;Thu Mar 14 21:35:43 2019;-23.5950202045737,-46.6268998697663;-23.5931874507308,-46.6297230843116;-23.5950455 -46.6269057;-23.5931819 -46.6297171;368;46;41
30;Thu Mar 14 21:36:43 2019;-23.5950202045737,-46.6268998697663;-23.5931874507308,-46.6297230843116;-23.5950455 -46.6269057;-23.5931819 -46.6297171;368;46;41
31;Thu Mar 14 21:37:48 2019;-23.5950202045737,-46.6268998697663;-23.5931874507308,-46.6297230843116;-23.5950455 -46.6269057;-23.5931819 -46.6297171;368;46;41
32;Thu Mar 14 21:38:43 2019;-23.5950202045737,-46.6268998697663;-23.5931874507308,-46.6297230843116;-23.5950455 -46.6269057;-23.5931819 -46.6297171;368;46;39
33;Thu Mar 14 21:39:43 2019;-23.5950202045737,-46.6268998697663;-23.5931874507308,-46.6297230843116;-23.5950455 -46.6269057;-23.5931819 -46.6297171;368;46;38
34;Thu Mar 14 21:40:43 2019;-23.5950202045737,-46.6268998697663;-23.5931874507308,-46.6297230843116;-23.5950455 -46.6269057;-23.5931819 -46.6297171;368;46;39
35;Thu Mar 14 21:41:43 2019;-23.5950202045737,-46.6268998697663;-23.5931874507308,-46.6297230843116;-23.5950455 -46.6269057;-23.5931819 -46.6297171;368;46;38
36;Thu Mar 14 21:42:43 2019;-23.5950202045737,-46.6268998697663;-23.5931874507308,-46.6297230843116;-23.5950455 -46.6269057;-23.5931819 -46.6297171;368;46;39
37;Thu Mar 14 21:43:43 2019;-23.5950202045737,-46.6268998697663;-23.5931874507308,-46.6297230843116;-23.5950455 -46.6269057;-23.5931819 -46.6297171;368;46;39
38;Thu Mar 14 21:44:43 2019;-23.5950202045737,-46.6268998697663;-23.5931874507308,-46.6297230843116;-23.5950455 -46.6269057;-23.5931819 -46.6297171;368;46;39
39;Thu Mar 14 21:45:43 2019;-23.5950202045737,-46.6268998697663;-23.5931874507308,-46.6297230843116;-23.5950455 -46.6269057;-23.5931819 -46.6297171;368;46;40
40;Thu Mar 14 21:46:43 2019;-23.5950202045737,-46.6268998697663;-23.5931874507308,-46.6297230843116;-23.5950455 -46.6269057;-23.5931819 -46.6297171;368;46;41
41;Thu Mar 14 21:47:43 2019;-23.5950202045737,-46.6268998697663;-23.5931874507308,-46.6297230843116;-23.5950455 -46.6269057;-23.5931819 -46.6297171;368;46;40
42;Thu Mar 14 21:48:43 2019;-23.5950202045737,-46.6268998697663;-23.5931874507308,-46.6297230843116;-23.5950455 -46.6269057;-23.5931819 -46.6297171;368;46;40
43;Thu Mar 14 21:49:43 2019;-23.5950202045737,-46.6268998697663;-23.5931874507308,-46.6297230843116;-23.5950455 -46.6269057;-23.5931819 -46.6297171;368;46;39
44;Thu Mar 14 21:50:44 2019;-23.5950202045737,-46.6268998697663;-23.5931874507308,-46.6297230843116;-23.5950455 -46.6269057;-23.5931819 -46.6297171;368;46;40
45;Thu Mar 14 21:51:43 2019;-23.5950202045737,-46.6268998697663;-23.5931874507308,-46.6297230843116;-23.5950455 -46.6269057;-23.5931819 -46.6297171;368;46;40
46;Thu Mar 14 21:52:47 2019;-23.5950202045737,-46.6268998697663;-23.5931874507308,-46.6297230843116;-23.5950455 -46.6269057;-23.5931819 -46.6297171;368;46;42
47;Thu Mar 14 21:53:44 2019;-23.5950202045737,-46.6268998697663;-23.5931874507308,-46.6297230843116;-23.5950455 -46.6269057;-23.5931819 -46.6297171;368;46;42
48;Thu Mar 14 21:54:43 2019;-23.5950202045737,-46.6268998697663;-23.5931874507308,-46.6297230843116;-23.5950455 -46.6269057;-23.5931819 -46.6297171;368;46;43
49;Thu Mar 14 21:55:43 2019;-23.5950202045737,-46.6268998697663;-23.5931874507308,-46.6297230843116;-23.5950455 -46.6269057;-23.5931819 -46.6297171;368;46;43
50;Thu Mar 14 21:56:43 2019;-23.5950202045737,-46.6268998697663;-23.5931874507308,-46.6297230843116;-23.5950455 -46.6269057;-23.5931819 -46.6297171;368;46;42
51;Thu Mar 14 21:57:43 2019;-23.5950202045737,-46.6268998697663;-23.5931874507308,-46.6297230843116;-23.5950455 -46.6269057;-23.5931819 -46.6297171;368;46;43
52;Thu Mar 14 21:58:43 2019;-23.5950202045737,-46.6268998697663;-23.5931874507308,-46.6297230843116;-23.5950455 -46.6269057;-23.5931819 -46.6297171;368;46;43
53;Thu Mar 14 21:59:43 2019;-23.5950202045737,-46.6268998697663;-23.5931874507308,-46.6297230843116;-23.5950455 -46.6269057;-23.5931819 -46.6297171;368;46;48
54;Thu Mar 14 22:00:43 2019;-23.5950202045737,-46.6268998697663;-23.5931874507308,-46.6297230843116;-23.5950455 -46.6269057;-23.5931819 -46.6297171;368;46;41
55;Thu Mar 14 22:01:43 2019;-23.5950202045737,-46.6268998697663;-23.5931874507308,-46.6297230843116;-23.5950455 -46.6269057;-23.5931819 -46.6297171;368;46;42
56;Thu Mar 14 22:02:44 2019;-23.5950202045737,-46.6268998697663;-23.5931874507308,-46.6297230843116;-23.5950455 -46.6269057;-23.5931819 -46.6297171;368;46;42
57;Thu Mar 14 22:03:43 2019;-23.5950202045737,-46.6268998697663;-23.5931874507308,-46.6297230843116;-23.5950455 -46.6269057;-23.5931819 -46.6297171;368;46;40
58;Thu Mar 14 22:04:43 2019;-23.5950202045737,-46.6268998697663;-23.5931874507308,-46.6297230843116;-23.5950455 -46.6269057;-23.5931819 -46.6297171;368;46;39
59;Thu Mar 14 22:05:43 2019;-23.5950202045737,-46.6268998697663;-23.5931874507308,-46.6297230843116;-23.5950455 -46.6269057;-23.5931819 -46.6297171;368;46;39
60;Thu Mar 14 22:06:44 2019;-23.5950202045737,-46.6268998697663;-23.5931874507308,-46.6297230843116;-23.5950455 -46.6269057;-23.5931819 -46.6297171;368;46;40
61;Thu Mar 14 22:07:47 2019;-23.5950202045737,-46.6268998697663;-23.5931874507308,-46.6297230843116;-23.5950455 -46.6269057;-23.5931819 -46.6297171;368;46;40
62;Thu Mar 14 22:08:43 2019;-23.5950202045737,-46.6268998697663;-23.5931874507308,-46.6297230843116;-23.5950455 -46.6269057;-23.5931819 -46.6297171;368;46;40
63;Thu Mar 14 22:09:43 2019;-23.5950202045737,-46.6268998697663;-23.5931874507308,-46.6297230843116;-23.5950455 -46.6269057;-23.5931819 -46.6297171;368;46;40
64;Thu Mar 14 22:10:43 2019;-23.5950202045737,-46.6268998697663;-23.5931874507308,-46.6297230843116;-23.5950455 -46.6269057;-23.5931819 -46.6297171;368;46;41
65;Thu Mar 14 22:11:43 2019;-23.5950202045737,-46.6268998697663;-23.5931874507308,-46.6297230843116;-23.5950455 -46.6269057;-23.5931819 -46.6297171;368;46;40
66;Thu Mar 14 22:12:43 2019;-23.5950202045737,-46.6268998697663;-23.5931874507308,-46.6297230843116;-23.5950455 -46.6269057;-23.5931819 -46.6297171;368;46;40
67;Thu Mar 14 22:13:43 2019;-23.5950202045737,-46.6268998697663;-23.5931874507308,-46.6297230843116;-23.5950455 -46.6269057;-23.5931819 -46.6297171;368;46;41
68;Thu Mar 14 22:14:43 2019;-23.5950202045737,-46.6268998697663;-23.5931874507308,-46.6297230843116;-23.5950455 -46.6269057;-23.5931819 -46.6297171;368;46;40
69;Thu Mar 14 22:15:43 2019;-23.5950202045737,-46.6268998697663;-23.5931874507308,-46.6297230843116;-23.5950455 -46.6269057;-23.5931819 -46.6297171;368;46;41
70;Thu Mar 14 22:16:43 2019;-23.5950202045737,-46.6268998697663;-23.5931874507308,-46.6297230843116;-23.5950455 -46.6269057;-23.5931819 -46.6297171;368;46;41
71;Thu Mar 14 22:17:43 2019;-23.5950202045737,-46.6268998697663;-23.5931874507308,-46.6297230843116;-23.5950455 -46.6269057;-23.5931819 -46.6297171;368;46;41
72;Thu Mar 14 22:18:43 2019;-23.5950202045737,-46.6268998697663;-23.5931874507308,-46.6297230843116;-23.5950455 -46.6269057;-23.5931819 -46.6297171;368;46;41
73;Thu Mar 14 22:19:44 2019;-23.5950202045737,-46.6268998697663;-23.5931874507308,-46.6297230843116;-23.5950455 -46.6269057;-23.5931819 -46.6297171;368;46;41
74;Thu Mar 14 22:20:43 2019;-23.5950202045737,-46.6268998697663;-23.5931874507308,-46.6297230843116;-23.5950455 -46.6269057;-23.5931819 -46.6297171;368;46;41
75;Thu Mar 14 22:21:43 2019;-23.5950202045737,-46.6268998697663;-23.5931874507308,-46.6297230843116;-23.5950455 -46.6269057;-23.5931819 -46.6297171;368;46;41
76;Thu Mar 14 22:22:48 2019;-23.5950202045737,-46.6268998697663;-23.5931874507308,-46.6297230843116;-23.5950455 -46.6269057;-23.5931819 -46.6297171;368;46;45
77;Thu Mar 14 22:23:43 2019;-23.5950202045737,-46.6268998697663;-23.5931874507308,-46.6297230843116;-23.5950455 -46.6269057;-23.5931819 -46.6297171;368;46;44
78;Thu Mar 14 22:24:43 2019;-23.5950202045737,-46.6268998697663;-23.5931874507308,-46.6297230843116;-23.5950455 -46.6269057;-23.5931819 -46.6297171;368;46;44
79;Thu Mar 14 22:25:44 2019;-23.5950202045737,-46.6268998697663;-23.5931874507308,-46.6297230843116;-23.5950455 -46.6269057;-23.5931819 -46.6297171;368;46;39
80;Thu Mar 14 22:26:43 2019;-23.5950202045737,-46.6268998697663;-23.5931874507308,-46.6297230843116;-23.5950455 -46.6269057;-23.5931819 -46.6297171;368;46;39
81;Thu Mar 14 22:27:43 2019;-23.5950202045737,-46.6268998697663;-23.5931874507308,-46.6297230843116;-23.5950455 -46.6269057;-23.5931819 -46.6297171;368;46;38
82;Thu Mar 14 22:28:43 2019;-23.5950202045737,-46.6268998697663;-23.5931874507308,-46.6297230843116;-23.5950455 -46.6269057;-23.5931819 -46.6297171;368;46;38
83;Thu Mar 14 22:29:43 2019;-23.5950202045737,-46.6268998697663;-23.5931874507308,-46.6297230843116;-23.5950455 -46.6269057;-23.5931819 -46.6297171;368;46;38
84;Thu Mar 14 22:30:43 2019;-23.5950202045737,-46.6268998697663;-23.5931874507308,-46.6297230843116;-23.5950455 -46.6269057;-23.5931819 -46.6297171;368;46;38
85;Thu Mar 14 22:31:44 2019;-23.5950202045737,-46.6268998697663;-23.5931874507308,-46.6297230843116;-23.5950455 -46.6269057;-23.5931819 -46.6297171;368;46;38
86;Thu Mar 14 22:32:43 2019;-23.5950202045737,-46.6268998697663;-23.5931874507308,-46.6297230843116;-23.5950455 -46.6269057;-23.5931819 -46.6297171;368;46;38
87;Thu Mar 14 22:33:43 2019;-23.5950202045737,-46.6268998697663;-23.5931874507308,-46.6297230843116;-23.5950455 -46.6269057;-23.5931819 -46.6297171;368;46;37
88;Thu Mar 14 22:34:43 2019;-23.5950202045737,-46.6268998697663;-23.5931874507308,-46.6297230843116;-23.5950455 -46.6269057;-23.5931819 -46.6297171;368;46;38
89;Thu Mar 14 22:35:43 2019;-23.5950202045737,-46.6268998697663;-23.5931874507308,-46.6297230843116;-23.5950455 -46.6269057;-23.5931819 -46.6297171;368;46;39
90;Thu Mar 14 22:36:43 2019;-23.5950202045737,-46.6268998697663;-23.5931874507308,-46.6297230843116;-23.5950455 -46.6269057;-23.5931819 -46.6297171;368;46;39
91;Thu Mar 14 22:37:47 2019;-23.5950202045737,-46.6268998697663;-23.5931874507308,-46.6297230843116;-23.5950455 -46.6269057;-23.5931819 -46.6297171;368;46;40
92;Thu Mar 14 22:38:44 2019;-23.5950202045737,-46.6268998697663;-23.5931874507308,-46.6297230843116;-23.5950455 -46.6269057;-23.5931819 -46.6297171;368;46;40
93;Thu Mar 14 22:39:43 2019;-23.5950202045737,-46.6268998697663;-23.5931874507308,-46.6297230843116;-23.5950455 -46.6269057;-23.5931819 -46.6297171;368;46;41
94;Thu Mar 14 22:40:44 2019;-23.5950202045737,-46.6268998697663;-23.5931874507308,-46.6297230843116;-23.5950455 -46.6269057;-23.5931819 -46.6297171;368;46;40
95;Thu Mar 14 22:41:43 2019;-23.5950202045737,-46.6268998697663;-23.5931874507308,-46.6297230843116;-23.5950455 -46.6269057;-23.5931819 -46.6297171;368;46;40
96;Thu Mar 14 22:42:43 2019;-23.5950202045737,-46.6268998697663;-23.5931874507308,-46.6297230843116;-23.5950455 -46.6269057;-23.5931819 -46.6297171;368;46;42
97;Thu Mar 14 22:43:43 2019;-23.5950202045737,-46.6268998697663;-23.5931874507308,-46.6297230843116;-23.5950455 -46.6269057;-23.5931819 -46.6297171;368;46;40
98;Thu Mar 14 22:44:43 2019;-23.5950202045737,-46.6268998697663;-23.5931874507308,-46.6297230843116;-23.5950455 -46.6269057;-23.5931819 -46.6297171;368;46;39
99;Thu Mar 14 22:45:43 2019;-23.5950202045737,-46.6268998697663;-23.5931874507308,-46.6297230843116;-23.5950455 -46.6269057;-23.5931819 -46.6297171;368;46;38
100;Thu Mar 14 22:46:44 2019;-23.5950202045737,-46.6268998697663;-23.5931874507308,-46.6297230843116;-23.5950455 -46.6269057;-23.5931819 -46.6297171;368;46;38
101;Thu Mar 14 22:47:43 2019;-23.5950202045737,-46.6268998697663;-23.5931874507308,-46.6297230843116;-23.5950455 -46.6269057;-23.5931819 -46.6297171;368;46;37
102;Thu Mar 14 22:48:43 2019;-23.5950202045737,-46.6268998697663;-23.5931874507308,-46.6297230843116;-23.5950455 -46.6269057;-23.5931819 -46.6297171;368;46;36
103;Thu Mar 14 22:49:44 2019;-23.5950202045737,-46.6268998697663;-23.5931874507308,-46.6297230843116;-23.5950455 -46.6269057;-23.5931819 -46.6297171;368;46;37
104;Thu Mar 14 22:50:44 2019;-23.5950202045737,-46.6268998697663;-23.5931874507308,-46.6297230843116;-23.5950455 -46.6269057;-23.5931819 -46.6297171;368;46;37
105;Thu Mar 14 22:51:43 2019;-23.5950202045737,-46.6268998697663;-23.5931874507308,-46.6297230843116;-23.5950455 -46.6269057;-23.5931819 -46.6297171;368;46;37
106;Thu Mar 14 22:52:48 2019;-23.5950202045737,-46.6268998697663;-23.5931874507308,-46.6297230843116;-23.5950455 -46.6269057;-23.5931819 -46.6297171;368;46;39
107;Thu Mar 14 22:53:43 2019;-23.5950202045737,-46.6268998697663;-23.5931874507308,-46.6297230843116;-23.5950455 -46.6269057;-23.5931819 -46.6297171;368;46;39
108;Thu Mar 14 22:54:43 2019;-23.5950202045737,-46.6268998697663;-23.5931874507308,-46.6297230843116;-23.5950455 -46.6269057;-23.5931819 -46.6297171;368;46;39
109;Thu Mar 14 22:55:43 2019;-23.5950202045737,-46.6268998697663;-23.5931874507308,-46.6297230843116;-23.5950455 -46.6269057;-23.5931819 -46.6297171;368;46;39
110;Thu Mar 14 22:56:43 2019;-23.5950202045737,-46.6268998697663;-23.5931874507308,-46.6297230843116;-23.5950455 -46.6269057;-23.5931819 -46.6297171;368;46;40
111;Thu Mar 14 22:57:44 2019;-23.5950202045737,-46.6268998697663;-23.5931874507308,-46.6297230843116;-23.5950455 -46.6269057;-23.5931819 -46.6297171;368;46;40
112;Thu Mar 14 22:58:43 2019;-23.5950202045737,-46.6268998697663;-23.5931874507308,-46.6297230843116;-23.5950455 -46.6269057;-23.5931819 -46.6297171;368;46;39
113;Thu Mar 14 22:59:44 2019;-23.5950202045737,-46.6268998697663;-23.5931874507308,-46.6297230843116;-23.5950455 -46.6269057;-23.5931819 -46.6297171;368;46;39
114;Thu Mar 14 23:00:43 2019;-23.5950202045737,-46.6268998697663;-23.5931874507308,-46.6297230843116;-23.5950455 -46.6269057;-23.5931819 -46.6297171;368;46;39
115;Thu Mar 14 23:01:43 2019;-23.5950202045737,-46.6268998697663;-23.5931874507308,-46.6297230843116;-23.5950455 -46.6269057;-23.5931819 -46.6297171;368;46;39
116;Thu Mar 14 23:02:43 2019;-23.5950202045737,-46.6268998697663;-23.5931874507308,-46.6297230843116;-23.5950455 -46.6269057;-23.5931819 -46.6297171;368;46;39
117;Thu Mar 14 23:03:43 2019;-23.5950202045737,-46.6268998697663;-23.5931874507308,-46.6297230843116;-23.5950455 -46.6269057;-23.5931819 -46.6297171;368;46;38
118;Thu Mar 14 23:04:43 2019;-23.5950202045737,-46.6268998697663;-23.5931874507308,-46.6297230843116;-23.5950455 -46.6269057;-23.5931819 -46.6297171;368;46;38
119;Thu Mar 14 23:05:43 2019;-23.5950202045737,-46.6268998697663;-23.5931874507308,-46.6297230843116;-23.5950455 -46.6269057;-23.5931819 -46.6297171;368;46;38
120;Thu Mar 14 23:06:43 2019;-23.5950202045737,-46.6268998697663;-23.5931874507308,-46.6297230843116;-23.5950455 -46.6269057;-23.5931819 -46.6297171;368;46;38
121;Thu Mar 14 23:07:47 2019;-23.5950202045737,-46.6268998697663;-23.5931874507308,-46.6297230843116;-23.5950455 -46.6269057;-23.5931819 -46.6297171;368;46;37
122;Thu Mar 14 23:08:43 2019;-23.5950202045737,-46.6268998697663;-23.5931874507308,-46.6297230843116;-23.5950455 -46.6269057;-23.5931819 -46.6297171;368;46;38
123;Thu Mar 14 23:09:43 2019;-23.5950202045737,-46.6268998697663;-23.5931874507308,-46.6297230843116;-23.5950455 -46.6269057;-23.5931819 -46.6297171;368;46;38
124;Thu Mar 14 23:10:43 2019;-23.5950202045737,-46.6268998697663;-23.5931874507308,-46.6297230843116;-23.5950455 -46.6269057;-23.5931819 -46.6297171;368;46;38
125;Thu Mar 14 23:11:43 2019;-23.5950202045737,-46.6268998697663;-23.5931874507308,-46.6297230843116;-23.5950455 -46.6269057;-23.5931819 -46.6297171;368;46;38
126;Thu Mar 14 23:12:43 2019;-23.5950202045737,-46.6268998697663;-23.5931874507308,-46.6297230843116;-23.5950455 -46.6269057;-23.5931819 -46.6297171;368;46;39
127;Thu Mar 14 23:13:42 2019;-23.5950202045737,-46.6268998697663;-23.5931874507308,-46.6297230843116;-23.5950455 -46.6269057;-23.5931819 -46.6297171;368;46;38
128;Thu Mar 14 23:14:43 2019;-23.5950202045737,-46.6268998697663;-23.5931874507308,-46.6297230843116;-23.5950455 -46.6269057;-23.5931819 -46.6297171;368;46;37
129;Thu Mar 14 23:15:43 2019;-23.5950202045737,-46.6268998697663;-23.5931874507308,-46.6297230843116;-23.5950455 -46.6269057;-23.5931819 -46.6297171;368;46;37
130;Thu Mar 14 23:16:43 2019;-23.5950202045737,-46.6268998697663;-23.5931874507308,-46.6297230843116;-23.5950455 -46.6269057;-23.5931819 -46.6297171;368;46;37
131;Thu Mar 14 23:17:43 2019;-23.5950202045737,-46.6268998697663;-23.5931874507308,-46.6297230843116;-23.5950455 -46.6269057;-23.5931819 -46.6297171;368;46;37
132;Thu Mar 14 23:18:43 2019;-23.5950202045737,-46.6268998697663;-23.5931874507308,-46.6297230843116;-23.5950455 -46.6269057;-23.5931819 -46.6297171;368;46;37
133;Thu Mar 14 23:19:43 2019;-23.5950202045737,-46.6268998697663;-23.5931874507308,-46.6297230843116;-23.5950455 -46.6269057;-23.5931819 -46.6297171;368;46;37
134;Thu Mar 14 23:20:43 2019;-23.5950202045737,-46.6268998697663;-23.5931874507308,-46.6297230843116;-23.5950455 -46.6269057;-23.5931819 -46.6297171;368;46;37
135;Thu Mar 14 23:21:43 2019;-23.5950202045737,-46.6268998697663;-23.5931874507308,-46.6297230843116;-23.5950455 -46.6269057;-23.5931819 -46.6297171;368;46;37
136;Thu Mar 14 23:22:46 2019;-23.5950202045737,-46.6268998697663;-23.5931874507308,-46.6297230843116;-23.5950455 -46.6269057;-23.5931819 -46.6297171;368;46;38
137;Thu Mar 14 23:23:43 2019;-23.5950202045737,-46.6268998697663;-23.5931874507308,-46.6297230843116;-23.5950455 -46.6269057;-23.5931819 -46.6297171;368;46;38
138;Thu Mar 14 23:24:43 2019;-23.5950202045737,-46.6268998697663;-23.5931874507308,-46.6297230843116;-23.5950455 -46.6269057;-23.5931819 -46.6297171;368;46;38
139;Thu Mar 14 23:25:43 2019;-23.5950202045737,-46.6268998697663;-23.5931874507308,-46.6297230843116;-23.5950455 -46.6269057;-23.5931819 -46.6297171;368;46;38
140;Thu Mar 14 23:26:43 2019;-23.5950202045737,-46.6268998697663;-23.5931874507308,-46.6297230843116;-23.5950455 -46.6269057;-23.5931819 -46.6297171;368;46;39
141;Thu Mar 14 23:27:43 2019;-23.5950202045737,-46.6268998697663;-23.5931874507308,-46.6297230843116;-23.5950455 -46.6269057;-23.5931819 -46.6297171;368;46;38
142;Thu Mar 14 23:28:43 2019;-23.5950202045737,-46.6268998697663;-23.5931874507308,-46.6297230843116;-23.5950455 -46.6269057;-23.5931819 -46.6297171;368;46;38
143;Thu Mar 14 23:29:42 2019;-23.5950202045737,-46.6268998697663;-23.5931874507308,-46.6297230843116;-23.5950455 -46.6269057;-23.5931819 -46.6297171;368;46;39
144;Thu Mar 14 23:30:43 2019;-23.5950202045737,-46.6268998697663;-23.5931874507308,-46.6297230843116;-23.5950455 -46.6269057;-23.5931819 -46.6297171;368;46;39
145;Thu Mar 14 23:31:43 2019;-23.5950202045737,-46.6268998697663;-23.5931874507308,-46.6297230843116;-23.5950455 -46.6269057;-23.5931819 -46.6297171;368;46;39
146;Thu Mar 14 23:32:43 2019;-23.5950202045737,-46.6268998697663;-23.5931874507308,-46.6297230843116;-23.5950455 -46.6269057;-23.5931819 -46.6297171;368;46;37
147;Thu Mar 14 23:33:43 2019;-23.5950202045737,-46.6268998697663;-23.5931874507308,-46.6297230843116;-23.5950455 -46.6269057;-23.5931819 -46.6297171;368;46;38
148;Thu Mar 14 23:34:43 2019;-23.5950202045737,-46.6268998697663;-23.5931874507308,-46.6297230843116;-23.5950455 -46.6269057;-23.5931819 -46.6297171;368;46;38
149;Thu Mar 14 23:35:43 2019;-23.5950202045737,-46.6268998697663;-23.5931874507308,-46.6297230843116;-23.5950455 -46.6269057;-23.5931819 -46.6297171;368;46;37
150;Thu Mar 14 23:36:43 2019;-23.5950202045737,-46.6268998697663;-23.5931874507308,-46.6297230843116;-23.5950455 -46.6269057;-23.5931819 -46.6297171;368;46;37
151;Thu Mar 14 23:37:46 2019;-23.5950202045737,-46.6268998697663;-23.5931874507308,-46.6297230843116;-23.5950455 -46.6269057;-23.5931819 -46.6297171;368;46;37
152;Thu Mar 14 23:38:43 2019;-23.5950202045737,-46.6268998697663;-23.5931874507308,-46.6297230843116;-23.5950455 -46.6269057;-23.5931819 -46.6297171;368;46;37
153;Thu Mar 14 23:39:43 2019;-23.5950202045737,-46.6268998697663;-23.5931874507308,-46.6297230843116;-23.5950455 -46.6269057;-23.5931819 -46.6297171;368;46;37
154;Thu Mar 14 23:40:43 2019;-23.5950202045737,-46.6268998697663;-23.5931874507308,-46.6297230843116;-23.5950455 -46.6269057;-23.5931819 -46.6297171;368;46;38
155;Thu Mar 14 23:41:43 2019;-23.5950202045737,-46.6268998697663;-23.5931874507308,-46.6297230843116;-23.5950455 -46.6269057;-23.5931819 -46.6297171;368;46;38
156;Thu Mar 14 23:42:43 2019;-23.5950202045737,-46.6268998697663;-23.5931874507308,-46.6297230843116;-23.5950455 -46.6269057;-23.5931819 -46.6297171;368;46;38
157;Thu Mar 14 23:43:43 2019;-23.5950202045737,-46.6268998697663;-23.5931874507308,-46.6297230843116;-23.5950455 -46.6269057;-23.5931819 -46.6297171;368;46;38
158;Thu Mar 14 23:44:43 2019;-23.5950202045737,-46.6268998697663;-23.5931874507308,-46.6297230843116;-23.5950455 -46.6269057;-23.5931819 -46.6297171;368;46;39
159;Thu Mar 14 23:45:43 2019;-23.5950202045737,-46.6268998697663;-23.5931874507308,-46.6297230843116;-23.5950455 -46.6269057;-23.5931819 -46.6297171;368;46;38
160;Thu Mar 14 23:46:43 2019;-23.5950202045737,-46.6268998697663;-23.5931874507308,-46.6297230843116;-23.5950455 -46.6269057;-23.5931819 -46.6297171;368;46;38
161;Thu Mar 14 23:47:43 2019;-23.5950202045737,-46.6268998697663;-23.5931874507308,-46.6297230843116;-23.5950455 -46.6269057;-23.5931819 -46.6297171;368;46;36
162;Thu Mar 14 23:48:44 2019;-23.5950202045737,-46.6268998697663;-23.5931874507308,-46.6297230843116;-23.5950455 -46.6269057;-23.5931819 -46.6297171;368;46;36
163;Thu Mar 14 23:49:43 2019;-23.5950202045737,-46.6268998697663;-23.5931874507308,-46.6297230843116;-23.5950455 -46.6269057;-23.5931819 -46.6297171;368;46;36
164;Thu Mar 14 23:50:43 2019;-23.5950202045737,-46.6268998697663;-23.5931874507308,-46.6297230843116;-23.5950455 -46.6269057;-23.5931819 -46.6297171;368;46;37
165;Thu Mar 14 23:51:43 2019;-23.5950202045737,-46.6268998697663;-23.5931874507308,-46.6297230843116;-23.5950455 -46.6269057;-23.5931819 -46.6297171;368;46;36
166;Thu Mar 14 23:52:46 2019;-23.5950202045737,-46.6268998697663;-23.5931874507308,-46.6297230843116;-23.5950455 -46.6269057;-23.5931819 -46.6297171;368;46;36
167;Thu Mar 14 23:53:44 2019;-23.5950202045737,-46.6268998697663;-23.5931874507308,-46.6297230843116;-23.5950455 -46.6269057;-23.5931819 -46.6297171;368;46;36
168;Thu Mar 14 23:54:43 2019;-23.5950202045737,-46.6268998697663;-23.5931874507308,-46.6297230843116;-23.5950455 -46.6269057;-23.5931819 -46.6297171;368;46;38
169;Thu Mar 14 23:55:43 2019;-23.5950202045737,-46.6268998697663;-23.5931874507308,-46.6297230843116;-23.5950455 -46.6269057;-23.5931819 -46.6297171;368;46;38
170;Thu Mar 14 23:56:43 2019;-23.5950202045737,-46.6268998697663;-23.5931874507308,-46.6297230843116;-23.5950455 -46.6269057;-23.5931819 -46.6297171;368;46;36
171;Thu Mar 14 23:57:43 2019;-23.5950202045737,-46.6268998697663;-23.5931874507308,-46.6297230843116;-23.5950455 -46.6269057;-23.5931819 -46.6297171;368;46;37
172;Thu Mar 14 23:58:43 2019;-23.5950202045737,-46.6268998697663;-23.5931874507308,-46.6297230843116;-23.5950455 -46.6269057;-23.5931819 -46.6297171;368;46;36
173;Thu Mar 14 23:59:43 2019;-23.5950202045737,-46.6268998697663;-23.5931874507308,-46.6297230843116;-23.5950455 -46.6269057;-23.5931819 -46.6297171;368;46;35
