38972;Thu Mar 14 00:00:08 2019;-23.6209552785041,-46.6082185361581;-23.6183546829382,-46.6094826699595;-23.6209574 -46.608227;-23.6183648 -46.6094947;322;80;51
39213;Thu Mar 14 04:01:10 2019;-23.6209552785041,-46.6082185361581;-23.6183546829382,-46.6094826699595;-23.6209574 -46.608227;-23.6183648 -46.6094947;322;80;44
39214;Thu Mar 14 04:02:08 2019;-23.6209552785041,-46.6082185361581;-23.6183546829382,-46.6094826699595;-23.6209574 -46.608227;-23.6183648 -46.6094947;322;80;44
39215;Thu Mar 14 04:03:08 2019;-23.6209552785041,-46.6082185361581;-23.6183546829382,-46.6094826699595;-23.6209574 -46.608227;-23.6183648 -46.6094947;322;80;44
39216;Thu Mar 14 04:04:08 2019;-23.6209552785041,-46.6082185361581;-23.6183546829382,-46.6094826699595;-23.6209574 -46.608227;-23.6183648 -46.6094947;322;80;44
39217;Thu Mar 14 04:05:08 2019;-23.6209552785041,-46.6082185361581;-23.6183546829382,-46.6094826699595;-23.6209574 -46.608227;-23.6183648 -46.6094947;322;80;44
39218;Thu Mar 14 04:06:08 2019;-23.6209552785041,-46.6082185361581;-23.6183546829382,-46.6094826699595;-23.6209574 -46.608227;-23.6183648 -46.6094947;322;80;44
39219;Thu Mar 14 04:07:08 2019;-23.6209552785041,-46.6082185361581;-23.6183546829382,-46.6094826699595;-23.6209574 -46.608227;-23.6183648 -46.6094947;322;80;43
39220;Thu Mar 14 04:08:08 2019;-23.6209552785041,-46.6082185361581;-23.6183546829382,-46.6094826699595;-23.6209574 -46.608227;-23.6183648 -46.6094947;322;80;43
39221;Thu Mar 14 04:09:08 2019;-23.6209552785041,-46.6082185361581;-23.6183546829382,-46.6094826699595;-23.6209574 -46.608227;-23.6183648 -46.6094947;322;80;44
39222;Thu Mar 14 04:10:08 2019;-23.6209552785041,-46.6082185361581;-23.6183546829382,-46.6094826699595;-23.6209574 -46.608227;-23.6183648 -46.6094947;322;80;44
1;Thu Mar 14 21:07:45 2019;-23.6209552785041,-46.6082185361581;-23.6183546829382,-46.6094826699595;-23.6209574 -46.608227;-23.6183648 -46.6094947;322;80;61
2;Thu Mar 14 21:08:44 2019;-23.6209552785041,-46.6082185361581;-23.6183546829382,-46.6094826699595;-23.6209574 -46.608227;-23.6183648 -46.6094947;322;80;63
3;Thu Mar 14 21:09:42 2019;-23.6209552785041,-46.6082185361581;-23.6183546829382,-46.6094826699595;-23.6209574 -46.608227;-23.6183648 -46.6094947;322;80;63
4;Thu Mar 14 21:10:41 2019;-23.6209552785041,-46.6082185361581;-23.6183546829382,-46.6094826699595;-23.6209574 -46.608227;-23.6183648 -46.6094947;322;80;62
5;Thu Mar 14 21:11:42 2019;-23.6209552785041,-46.6082185361581;-23.6183546829382,-46.6094826699595;-23.6209574 -46.608227;-23.6183648 -46.6094947;322;80;63
6;Thu Mar 14 21:12:41 2019;-23.6209552785041,-46.6082185361581;-23.6183546829382,-46.6094826699595;-23.6209574 -46.608227;-23.6183648 -46.6094947;322;80;63
7;Thu Mar 14 21:13:41 2019;-23.6209552785041,-46.6082185361581;-23.6183546829382,-46.6094826699595;-23.6209574 -46.608227;-23.6183648 -46.6094947;322;80;64
8;Thu Mar 14 21:14:42 2019;-23.6209552785041,-46.6082185361581;-23.6183546829382,-46.6094826699595;-23.6209574 -46.608227;-23.6183648 -46.6094947;322;80;65
9;Thu Mar 14 21:15:42 2019;-23.6209552785041,-46.6082185361581;-23.6183546829382,-46.6094826699595;-23.6209574 -46.608227;-23.6183648 -46.6094947;322;80;64
10;Thu Mar 14 21:16:42 2019;-23.6209552785041,-46.6082185361581;-23.6183546829382,-46.6094826699595;-23.6209574 -46.608227;-23.6183648 -46.6094947;322;80;66
11;Thu Mar 14 21:17:42 2019;-23.6209552785041,-46.6082185361581;-23.6183546829382,-46.6094826699595;-23.6209574 -46.608227;-23.6183648 -46.6094947;322;80;63
12;Thu Mar 14 21:18:42 2019;-23.6209552785041,-46.6082185361581;-23.6183546829382,-46.6094826699595;-23.6209574 -46.608227;-23.6183648 -46.6094947;322;80;63
13;Thu Mar 14 21:19:42 2019;-23.6209552785041,-46.6082185361581;-23.6183546829382,-46.6094826699595;-23.6209574 -46.608227;-23.6183648 -46.6094947;322;80;62
14;Thu Mar 14 21:20:42 2019;-23.6209552785041,-46.6082185361581;-23.6183546829382,-46.6094826699595;-23.6209574 -46.608227;-23.6183648 -46.6094947;322;80;59
15;Thu Mar 14 21:21:42 2019;-23.6209552785041,-46.6082185361581;-23.6183546829382,-46.6094826699595;-23.6209574 -46.608227;-23.6183648 -46.6094947;322;80;63
16;Thu Mar 14 21:22:43 2019;-23.6209552785041,-46.6082185361581;-23.6183546829382,-46.6094826699595;-23.6209574 -46.608227;-23.6183648 -46.6094947;322;80;65
17;Thu Mar 14 21:23:42 2019;-23.6209552785041,-46.6082185361581;-23.6183546829382,-46.6094826699595;-23.6209574 -46.608227;-23.6183648 -46.6094947;322;80;63
18;Thu Mar 14 21:24:42 2019;-23.6209552785041,-46.6082185361581;-23.6183546829382,-46.6094826699595;-23.6209574 -46.608227;-23.6183648 -46.6094947;322;80;64
19;Thu Mar 14 21:25:42 2019;-23.6209552785041,-46.6082185361581;-23.6183546829382,-46.6094826699595;-23.6209574 -46.608227;-23.6183648 -46.6094947;322;80;68
20;Thu Mar 14 21:26:41 2019;-23.6209552785041,-46.6082185361581;-23.6183546829382,-46.6094826699595;-23.6209574 -46.608227;-23.6183648 -46.6094947;322;80;65
21;Thu Mar 14 21:27:41 2019;-23.6209552785041,-46.6082185361581;-23.6183546829382,-46.6094826699595;-23.6209574 -46.608227;-23.6183648 -46.6094947;322;80;61
22;Thu Mar 14 21:28:42 2019;-23.6209552785041,-46.6082185361581;-23.6183546829382,-46.6094826699595;-23.6209574 -46.608227;-23.6183648 -46.6094947;322;80;59
23;Thu Mar 14 21:29:41 2019;-23.6209552785041,-46.6082185361581;-23.6183546829382,-46.6094826699595;-23.6209574 -46.608227;-23.6183648 -46.6094947;322;80;57
24;Thu Mar 14 21:30:41 2019;-23.6209552785041,-46.6082185361581;-23.6183546829382,-46.6094826699595;-23.6209574 -46.608227;-23.6183648 -46.6094947;322;80;59
25;Thu Mar 14 21:31:42 2019;-23.6209552785041,-46.6082185361581;-23.6183546829382,-46.6094826699595;-23.6209574 -46.608227;-23.6183648 -46.6094947;322;80;60
26;Thu Mar 14 21:32:41 2019;-23.6209552785041,-46.6082185361581;-23.6183546829382,-46.6094826699595;-23.6209574 -46.608227;-23.6183648 -46.6094947;322;80;62
27;Thu Mar 14 21:33:42 2019;-23.6209552785041,-46.6082185361581;-23.6183546829382,-46.6094826699595;-23.6209574 -46.608227;-23.6183648 -46.6094947;322;80;60
28;Thu Mar 14 21:34:41 2019;-23.6209552785041,-46.6082185361581;-23.6183546829382,-46.6094826699595;-23.6209574 -46.608227;-23.6183648 -46.6094947;322;80;57
29;Thu Mar 14 21:35:42 2019;-23.6209552785041,-46.6082185361581;-23.6183546829382,-46.6094826699595;-23.6209574 -46.608227;-23.6183648 -46.6094947;322;80;57
30;Thu Mar 14 21:36:41 2019;-23.6209552785041,-46.6082185361581;-23.6183546829382,-46.6094826699595;-23.6209574 -46.608227;-23.6183648 -46.6094947;322;80;57
31;Thu Mar 14 21:37:43 2019;-23.6209552785041,-46.6082185361581;-23.6183546829382,-46.6094826699595;-23.6209574 -46.608227;-23.6183648 -46.6094947;322;80;57
32;Thu Mar 14 21:38:41 2019;-23.6209552785041,-46.6082185361581;-23.6183546829382,-46.6094826699595;-23.6209574 -46.608227;-23.6183648 -46.6094947;322;80;57
33;Thu Mar 14 21:39:42 2019;-23.6209552785041,-46.6082185361581;-23.6183546829382,-46.6094826699595;-23.6209574 -46.608227;-23.6183648 -46.6094947;322;80;56
34;Thu Mar 14 21:40:41 2019;-23.6209552785041,-46.6082185361581;-23.6183546829382,-46.6094826699595;-23.6209574 -46.608227;-23.6183648 -46.6094947;322;80;57
35;Thu Mar 14 21:41:41 2019;-23.6209552785041,-46.6082185361581;-23.6183546829382,-46.6094826699595;-23.6209574 -46.608227;-23.6183648 -46.6094947;322;80;53
36;Thu Mar 14 21:42:41 2019;-23.6209552785041,-46.6082185361581;-23.6183546829382,-46.6094826699595;-23.6209574 -46.608227;-23.6183648 -46.6094947;322;80;53
37;Thu Mar 14 21:43:41 2019;-23.6209552785041,-46.6082185361581;-23.6183546829382,-46.6094826699595;-23.6209574 -46.608227;-23.6183648 -46.6094947;322;80;53
38;Thu Mar 14 21:44:42 2019;-23.6209552785041,-46.6082185361581;-23.6183546829382,-46.6094826699595;-23.6209574 -46.608227;-23.6183648 -46.6094947;322;80;57
39;Thu Mar 14 21:45:41 2019;-23.6209552785041,-46.6082185361581;-23.6183546829382,-46.6094826699595;-23.6209574 -46.608227;-23.6183648 -46.6094947;322;80;61
40;Thu Mar 14 21:46:41 2019;-23.6209552785041,-46.6082185361581;-23.6183546829382,-46.6094826699595;-23.6209574 -46.608227;-23.6183648 -46.6094947;322;80;62
41;Thu Mar 14 21:47:42 2019;-23.6209552785041,-46.6082185361581;-23.6183546829382,-46.6094826699595;-23.6209574 -46.608227;-23.6183648 -46.6094947;322;80;65
42;Thu Mar 14 21:48:42 2019;-23.6209552785041,-46.6082185361581;-23.6183546829382,-46.6094826699595;-23.6209574 -46.608227;-23.6183648 -46.6094947;322;80;60
43;Thu Mar 14 21:49:42 2019;-23.6209552785041,-46.6082185361581;-23.6183546829382,-46.6094826699595;-23.6209574 -46.608227;-23.6183648 -46.6094947;322;80;62
44;Thu Mar 14 21:50:42 2019;-23.6209552785041,-46.6082185361581;-23.6183546829382,-46.6094826699595;-23.6209574 -46.608227;-23.6183648 -46.6094947;322;80;62
45;Thu Mar 14 21:51:41 2019;-23.6209552785041,-46.6082185361581;-23.6183546829382,-46.6094826699595;-23.6209574 -46.608227;-23.6183648 -46.6094947;322;80;62
46;Thu Mar 14 21:52:43 2019;-23.6209552785041,-46.6082185361581;-23.6183546829382,-46.6094826699595;-23.6209574 -46.608227;-23.6183648 -46.6094947;322;80;67
47;Thu Mar 14 21:53:41 2019;-23.6209552785041,-46.6082185361581;-23.6183546829382,-46.6094826699595;-23.6209574 -46.608227;-23.6183648 -46.6094947;322;80;66
48;Thu Mar 14 21:54:42 2019;-23.6209552785041,-46.6082185361581;-23.6183546829382,-46.6094826699595;-23.6209574 -46.608227;-23.6183648 -46.6094947;322;80;67
49;Thu Mar 14 21:55:42 2019;-23.6209552785041,-46.6082185361581;-23.6183546829382,-46.6094826699595;-23.6209574 -46.608227;-23.6183648 -46.6094947;322;80;63
50;Thu Mar 14 21:56:41 2019;-23.6209552785041,-46.6082185361581;-23.6183546829382,-46.6094826699595;-23.6209574 -46.608227;-23.6183648 -46.6094947;322;80;62
51;Thu Mar 14 21:57:41 2019;-23.6209552785041,-46.6082185361581;-23.6183546829382,-46.6094826699595;-23.6209574 -46.608227;-23.6183648 -46.6094947;322;80;62
52;Thu Mar 14 21:58:42 2019;-23.6209552785041,-46.6082185361581;-23.6183546829382,-46.6094826699595;-23.6209574 -46.608227;-23.6183648 -46.6094947;322;80;62
53;Thu Mar 14 21:59:42 2019;-23.6209552785041,-46.6082185361581;-23.6183546829382,-46.6094826699595;-23.6209574 -46.608227;-23.6183648 -46.6094947;322;80;62
54;Thu Mar 14 22:00:42 2019;-23.6209552785041,-46.6082185361581;-23.6183546829382,-46.6094826699595;-23.6209574 -46.608227;-23.6183648 -46.6094947;322;80;60
55;Thu Mar 14 22:01:41 2019;-23.6209552785041,-46.6082185361581;-23.6183546829382,-46.6094826699595;-23.6209574 -46.608227;-23.6183648 -46.6094947;322;80;59
56;Thu Mar 14 22:02:42 2019;-23.6209552785041,-46.6082185361581;-23.6183546829382,-46.6094826699595;-23.6209574 -46.608227;-23.6183648 -46.6094947;322;80;59
57;Thu Mar 14 22:03:41 2019;-23.6209552785041,-46.6082185361581;-23.6183546829382,-46.6094826699595;-23.6209574 -46.608227;-23.6183648 -46.6094947;322;80;59
58;Thu Mar 14 22:04:41 2019;-23.6209552785041,-46.6082185361581;-23.6183546829382,-46.6094826699595;-23.6209574 -46.608227;-23.6183648 -46.6094947;322;80;59
59;Thu Mar 14 22:05:41 2019;-23.6209552785041,-46.6082185361581;-23.6183546829382,-46.6094826699595;-23.6209574 -46.608227;-23.6183648 -46.6094947;322;80;59
60;Thu Mar 14 22:06:42 2019;-23.6209552785041,-46.6082185361581;-23.6183546829382,-46.6094826699595;-23.6209574 -46.608227;-23.6183648 -46.6094947;322;80;59
61;Thu Mar 14 22:07:43 2019;-23.6209552785041,-46.6082185361581;-23.6183546829382,-46.6094826699595;-23.6209574 -46.608227;-23.6183648 -46.6094947;322;80;59
62;Thu Mar 14 22:08:41 2019;-23.6209552785041,-46.6082185361581;-23.6183546829382,-46.6094826699595;-23.6209574 -46.608227;-23.6183648 -46.6094947;322;80;60
63;Thu Mar 14 22:09:41 2019;-23.6209552785041,-46.6082185361581;-23.6183546829382,-46.6094826699595;-23.6209574 -46.608227;-23.6183648 -46.6094947;322;80;60
64;Thu Mar 14 22:10:41 2019;-23.6209552785041,-46.6082185361581;-23.6183546829382,-46.6094826699595;-23.6209574 -46.608227;-23.6183648 -46.6094947;322;80;60
65;Thu Mar 14 22:11:41 2019;-23.6209552785041,-46.6082185361581;-23.6183546829382,-46.6094826699595;-23.6209574 -46.608227;-23.6183648 -46.6094947;322;80;61
66;Thu Mar 14 22:12:41 2019;-23.6209552785041,-46.6082185361581;-23.6183546829382,-46.6094826699595;-23.6209574 -46.608227;-23.6183648 -46.6094947;322;80;62
67;Thu Mar 14 22:13:41 2019;-23.6209552785041,-46.6082185361581;-23.6183546829382,-46.6094826699595;-23.6209574 -46.608227;-23.6183648 -46.6094947;322;80;62
68;Thu Mar 14 22:14:42 2019;-23.6209552785041,-46.6082185361581;-23.6183546829382,-46.6094826699595;-23.6209574 -46.608227;-23.6183648 -46.6094947;322;80;66
69;Thu Mar 14 22:15:41 2019;-23.6209552785041,-46.6082185361581;-23.6183546829382,-46.6094826699595;-23.6209574 -46.608227;-23.6183648 -46.6094947;322;80;63
70;Thu Mar 14 22:16:41 2019;-23.6209552785041,-46.6082185361581;-23.6183546829382,-46.6094826699595;-23.6209574 -46.608227;-23.6183648 -46.6094947;322;80;64
71;Thu Mar 14 22:17:42 2019;-23.6209552785041,-46.6082185361581;-23.6183546829382,-46.6094826699595;-23.6209574 -46.608227;-23.6183648 -46.6094947;322;80;65
72;Thu Mar 14 22:18:41 2019;-23.6209552785041,-46.6082185361581;-23.6183546829382,-46.6094826699595;-23.6209574 -46.608227;-23.6183648 -46.6094947;322;80;63
73;Thu Mar 14 22:19:42 2019;-23.6209552785041,-46.6082185361581;-23.6183546829382,-46.6094826699595;-23.6209574 -46.608227;-23.6183648 -46.6094947;322;80;65
74;Thu Mar 14 22:20:42 2019;-23.6209552785041,-46.6082185361581;-23.6183546829382,-46.6094826699595;-23.6209574 -46.608227;-23.6183648 -46.6094947;322;80;65
75;Thu Mar 14 22:21:41 2019;-23.6209552785041,-46.6082185361581;-23.6183546829382,-46.6094826699595;-23.6209574 -46.608227;-23.6183648 -46.6094947;322;80;64
76;Thu Mar 14 22:22:43 2019;-23.6209552785041,-46.6082185361581;-23.6183546829382,-46.6094826699595;-23.6209574 -46.608227;-23.6183648 -46.6094947;322;80;63
77;Thu Mar 14 22:23:41 2019;-23.6209552785041,-46.6082185361581;-23.6183546829382,-46.6094826699595;-23.6209574 -46.608227;-23.6183648 -46.6094947;322;80;64
78;Thu Mar 14 22:24:41 2019;-23.6209552785041,-46.6082185361581;-23.6183546829382,-46.6094826699595;-23.6209574 -46.608227;-23.6183648 -46.6094947;322;80;64
79;Thu Mar 14 22:25:42 2019;-23.6209552785041,-46.6082185361581;-23.6183546829382,-46.6094826699595;-23.6209574 -46.608227;-23.6183648 -46.6094947;322;80;60
80;Thu Mar 14 22:26:42 2019;-23.6209552785041,-46.6082185361581;-23.6183546829382,-46.6094826699595;-23.6209574 -46.608227;-23.6183648 -46.6094947;322;80;60
81;Thu Mar 14 22:27:42 2019;-23.6209552785041,-46.6082185361581;-23.6183546829382,-46.6094826699595;-23.6209574 -46.608227;-23.6183648 -46.6094947;322;80;63
82;Thu Mar 14 22:28:41 2019;-23.6209552785041,-46.6082185361581;-23.6183546829382,-46.6094826699595;-23.6209574 -46.608227;-23.6183648 -46.6094947;322;80;63
83;Thu Mar 14 22:29:41 2019;-23.6209552785041,-46.6082185361581;-23.6183546829382,-46.6094826699595;-23.6209574 -46.608227;-23.6183648 -46.6094947;322;80;63
84;Thu Mar 14 22:30:41 2019;-23.6209552785041,-46.6082185361581;-23.6183546829382,-46.6094826699595;-23.6209574 -46.608227;-23.6183648 -46.6094947;322;80;65
85;Thu Mar 14 22:31:42 2019;-23.6209552785041,-46.6082185361581;-23.6183546829382,-46.6094826699595;-23.6209574 -46.608227;-23.6183648 -46.6094947;322;80;66
86;Thu Mar 14 22:32:41 2019;-23.6209552785041,-46.6082185361581;-23.6183546829382,-46.6094826699595;-23.6209574 -46.608227;-23.6183648 -46.6094947;322;80;67
87;Thu Mar 14 22:33:42 2019;-23.6209552785041,-46.6082185361581;-23.6183546829382,-46.6094826699595;-23.6209574 -46.608227;-23.6183648 -46.6094947;322;80;68
88;Thu Mar 14 22:34:41 2019;-23.6209552785041,-46.6082185361581;-23.6183546829382,-46.6094826699595;-23.6209574 -46.608227;-23.6183648 -46.6094947;322;80;68
89;Thu Mar 14 22:35:41 2019;-23.6209552785041,-46.6082185361581;-23.6183546829382,-46.6094826699595;-23.6209574 -46.608227;-23.6183648 -46.6094947;322;80;69
90;Thu Mar 14 22:36:41 2019;-23.6209552785041,-46.6082185361581;-23.6183546829382,-46.6094826699595;-23.6209574 -46.608227;-23.6183648 -46.6094947;322;80;70
91;Thu Mar 14 22:37:43 2019;-23.6209552785041,-46.6082185361581;-23.6183546829382,-46.6094826699595;-23.6209574 -46.608227;-23.6183648 -46.6094947;322;80;69
92;Thu Mar 14 22:38:42 2019;-23.6209552785041,-46.6082185361581;-23.6183546829382,-46.6094826699595;-23.6209574 -46.608227;-23.6183648 -46.6094947;322;80;69
93;Thu Mar 14 22:39:42 2019;-23.6209552785041,-46.6082185361581;-23.6183546829382,-46.6094826699595;-23.6209574 -46.608227;-23.6183648 -46.6094947;322;80;69
94;Thu Mar 14 22:40:42 2019;-23.6209552785041,-46.6082185361581;-23.6183546829382,-46.6094826699595;-23.6209574 -46.608227;-23.6183648 -46.6094947;322;80;69
95;Thu Mar 14 22:41:41 2019;-23.6209552785041,-46.6082185361581;-23.6183546829382,-46.6094826699595;-23.6209574 -46.608227;-23.6183648 -46.6094947;322;80;71
96;Thu Mar 14 22:42:41 2019;-23.6209552785041,-46.6082185361581;-23.6183546829382,-46.6094826699595;-23.6209574 -46.608227;-23.6183648 -46.6094947;322;80;76
97;Thu Mar 14 22:43:41 2019;-23.6209552785041,-46.6082185361581;-23.6183546829382,-46.6094826699595;-23.6209574 -46.608227;-23.6183648 -46.6094947;322;80;77
98;Thu Mar 14 22:44:42 2019;-23.6209552785041,-46.6082185361581;-23.6183546829382,-46.6094826699595;-23.6209574 -46.608227;-23.6183648 -46.6094947;322;80;77
99;Thu Mar 14 22:45:41 2019;-23.6209552785041,-46.6082185361581;-23.6183546829382,-46.6094826699595;-23.6209574 -46.608227;-23.6183648 -46.6094947;322;80;71
100;Thu Mar 14 22:46:42 2019;-23.6209552785041,-46.6082185361581;-23.6183546829382,-46.6094826699595;-23.6209574 -46.608227;-23.6183648 -46.6094947;322;80;70
101;Thu Mar 14 22:47:42 2019;-23.6209552785041,-46.6082185361581;-23.6183546829382,-46.6094826699595;-23.6209574 -46.608227;-23.6183648 -46.6094947;322;80;70
102;Thu Mar 14 22:48:41 2019;-23.6209552785041,-46.6082185361581;-23.6183546829382,-46.6094826699595;-23.6209574 -46.608227;-23.6183648 -46.6094947;322;80;69
103;Thu Mar 14 22:49:42 2019;-23.6209552785041,-46.6082185361581;-23.6183546829382,-46.6094826699595;-23.6209574 -46.608227;-23.6183648 -46.6094947;322;80;68
104;Thu Mar 14 22:50:42 2019;-23.6209552785041,-46.6082185361581;-23.6183546829382,-46.6094826699595;-23.6209574 -46.608227;-23.6183648 -46.6094947;322;80;68
105;Thu Mar 14 22:51:41 2019;-23.6209552785041,-46.6082185361581;-23.6183546829382,-46.6094826699595;-23.6209574 -46.608227;-23.6183648 -46.6094947;322;80;67
106;Thu Mar 14 22:52:43 2019;-23.6209552785041,-46.6082185361581;-23.6183546829382,-46.6094826699595;-23.6209574 -46.608227;-23.6183648 -46.6094947;322;80;66
107;Thu Mar 14 22:53:41 2019;-23.6209552785041,-46.6082185361581;-23.6183546829382,-46.6094826699595;-23.6209574 -46.608227;-23.6183648 -46.6094947;322;80;64
108;Thu Mar 14 22:54:42 2019;-23.6209552785041,-46.6082185361581;-23.6183546829382,-46.6094826699595;-23.6209574 -46.608227;-23.6183648 -46.6094947;322;80;64
109;Thu Mar 14 22:55:41 2019;-23.6209552785041,-46.6082185361581;-23.6183546829382,-46.6094826699595;-23.6209574 -46.608227;-23.6183648 -46.6094947;322;80;62
110;Thu Mar 14 22:56:41 2019;-23.6209552785041,-46.6082185361581;-23.6183546829382,-46.6094826699595;-23.6209574 -46.608227;-23.6183648 -46.6094947;322;80;63
111;Thu Mar 14 22:57:42 2019;-23.6209552785041,-46.6082185361581;-23.6183546829382,-46.6094826699595;-23.6209574 -46.608227;-23.6183648 -46.6094947;322;80;63
112;Thu Mar 14 22:58:41 2019;-23.6209552785041,-46.6082185361581;-23.6183546829382,-46.6094826699595;-23.6209574 -46.608227;-23.6183648 -46.6094947;322;80;63
113;Thu Mar 14 22:59:42 2019;-23.6209552785041,-46.6082185361581;-23.6183546829382,-46.6094826699595;-23.6209574 -46.608227;-23.6183648 -46.6094947;322;80;66
114;Thu Mar 14 23:00:42 2019;-23.6209552785041,-46.6082185361581;-23.6183546829382,-46.6094826699595;-23.6209574 -46.608227;-23.6183648 -46.6094947;322;80;66
115;Thu Mar 14 23:01:41 2019;-23.6209552785041,-46.6082185361581;-23.6183546829382,-46.6094826699595;-23.6209574 -46.608227;-23.6183648 -46.6094947;322;80;66
116;Thu Mar 14 23:02:41 2019;-23.6209552785041,-46.6082185361581;-23.6183546829382,-46.6094826699595;-23.6209574 -46.608227;-23.6183648 -46.6094947;322;80;64
117;Thu Mar 14 23:03:41 2019;-23.6209552785041,-46.6082185361581;-23.6183546829382,-46.6094826699595;-23.6209574 -46.608227;-23.6183648 -46.6094947;322;80;64
118;Thu Mar 14 23:04:41 2019;-23.6209552785041,-46.6082185361581;-23.6183546829382,-46.6094826699595;-23.6209574 -46.608227;-23.6183648 -46.6094947;322;80;66
119;Thu Mar 14 23:05:42 2019;-23.6209552785041,-46.6082185361581;-23.6183546829382,-46.6094826699595;-23.6209574 -46.608227;-23.6183648 -46.6094947;322;80;66
120;Thu Mar 14 23:06:41 2019;-23.6209552785041,-46.6082185361581;-23.6183546829382,-46.6094826699595;-23.6209574 -46.608227;-23.6183648 -46.6094947;322;80;68
121;Thu Mar 14 23:07:43 2019;-23.6209552785041,-46.6082185361581;-23.6183546829382,-46.6094826699595;-23.6209574 -46.608227;-23.6183648 -46.6094947;322;80;68
122;Thu Mar 14 23:08:41 2019;-23.6209552785041,-46.6082185361581;-23.6183546829382,-46.6094826699595;-23.6209574 -46.608227;-23.6183648 -46.6094947;322;80;68
123;Thu Mar 14 23:09:42 2019;-23.6209552785041,-46.6082185361581;-23.6183546829382,-46.6094826699595;-23.6209574 -46.608227;-23.6183648 -46.6094947;322;80;69
124;Thu Mar 14 23:10:41 2019;-23.6209552785041,-46.6082185361581;-23.6183546829382,-46.6094826699595;-23.6209574 -46.608227;-23.6183648 -46.6094947;322;80;65
125;Thu Mar 14 23:11:41 2019;-23.6209552785041,-46.6082185361581;-23.6183546829382,-46.6094826699595;-23.6209574 -46.608227;-23.6183648 -46.6094947;322;80;65
126;Thu Mar 14 23:12:41 2019;-23.6209552785041,-46.6082185361581;-23.6183546829382,-46.6094826699595;-23.6209574 -46.608227;-23.6183648 -46.6094947;322;80;64
127;Thu Mar 14 23:13:41 2019;-23.6209552785041,-46.6082185361581;-23.6183546829382,-46.6094826699595;-23.6209574 -46.608227;-23.6183648 -46.6094947;322;80;64
128;Thu Mar 14 23:14:41 2019;-23.6209552785041,-46.6082185361581;-23.6183546829382,-46.6094826699595;-23.6209574 -46.608227;-23.6183648 -46.6094947;322;80;65
129;Thu Mar 14 23:15:42 2019;-23.6209552785041,-46.6082185361581;-23.6183546829382,-46.6094826699595;-23.6209574 -46.608227;-23.6183648 -46.6094947;322;80;67
130;Thu Mar 14 23:16:42 2019;-23.6209552785041,-46.6082185361581;-23.6183546829382,-46.6094826699595;-23.6209574 -46.608227;-23.6183648 -46.6094947;322;80;71
131;Thu Mar 14 23:17:41 2019;-23.6209552785041,-46.6082185361581;-23.6183546829382,-46.6094826699595;-23.6209574 -46.608227;-23.6183648 -46.6094947;322;80;70
132;Thu Mar 14 23:18:42 2019;-23.6209552785041,-46.6082185361581;-23.6183546829382,-46.6094826699595;-23.6209574 -46.608227;-23.6183648 -46.6094947;322;80;68
133;Thu Mar 14 23:19:41 2019;-23.6209552785041,-46.6082185361581;-23.6183546829382,-46.6094826699595;-23.6209574 -46.608227;-23.6183648 -46.6094947;322;80;68
134;Thu Mar 14 23:20:41 2019;-23.6209552785041,-46.6082185361581;-23.6183546829382,-46.6094826699595;-23.6209574 -46.608227;-23.6183648 -46.6094947;322;80;67
135;Thu Mar 14 23:21:42 2019;-23.6209552785041,-46.6082185361581;-23.6183546829382,-46.6094826699595;-23.6209574 -46.608227;-23.6183648 -46.6094947;322;80;69
136;Thu Mar 14 23:22:43 2019;-23.6209552785041,-46.6082185361581;-23.6183546829382,-46.6094826699595;-23.6209574 -46.608227;-23.6183648 -46.6094947;322;80;63
137;Thu Mar 14 23:23:41 2019;-23.6209552785041,-46.6082185361581;-23.6183546829382,-46.6094826699595;-23.6209574 -46.608227;-23.6183648 -46.6094947;322;80;62
138;Thu Mar 14 23:24:41 2019;-23.6209552785041,-46.6082185361581;-23.6183546829382,-46.6094826699595;-23.6209574 -46.608227;-23.6183648 -46.6094947;322;80;63
139;Thu Mar 14 23:25:42 2019;-23.6209552785041,-46.6082185361581;-23.6183546829382,-46.6094826699595;-23.6209574 -46.608227;-23.6183648 -46.6094947;322;80;63
140;Thu Mar 14 23:26:41 2019;-23.6209552785041,-46.6082185361581;-23.6183546829382,-46.6094826699595;-23.6209574 -46.608227;-23.6183648 -46.6094947;322;80;60
141;Thu Mar 14 23:27:42 2019;-23.6209552785041,-46.6082185361581;-23.6183546829382,-46.6094826699595;-23.6209574 -46.608227;-23.6183648 -46.6094947;322;80;60
142;Thu Mar 14 23:28:41 2019;-23.6209552785041,-46.6082185361581;-23.6183546829382,-46.6094826699595;-23.6209574 -46.608227;-23.6183648 -46.6094947;322;80;60
143;Thu Mar 14 23:29:41 2019;-23.6209552785041,-46.6082185361581;-23.6183546829382,-46.6094826699595;-23.6209574 -46.608227;-23.6183648 -46.6094947;322;80;61
144;Thu Mar 14 23:30:42 2019;-23.6209552785041,-46.6082185361581;-23.6183546829382,-46.6094826699595;-23.6209574 -46.608227;-23.6183648 -46.6094947;322;80;63
145;Thu Mar 14 23:31:42 2019;-23.6209552785041,-46.6082185361581;-23.6183546829382,-46.6094826699595;-23.6209574 -46.608227;-23.6183648 -46.6094947;322;80;59
146;Thu Mar 14 23:32:41 2019;-23.6209552785041,-46.6082185361581;-23.6183546829382,-46.6094826699595;-23.6209574 -46.608227;-23.6183648 -46.6094947;322;80;59
147;Thu Mar 14 23:33:41 2019;-23.6209552785041,-46.6082185361581;-23.6183546829382,-46.6094826699595;-23.6209574 -46.608227;-23.6183648 -46.6094947;322;80;59
148;Thu Mar 14 23:34:41 2019;-23.6209552785041,-46.6082185361581;-23.6183546829382,-46.6094826699595;-23.6209574 -46.608227;-23.6183648 -46.6094947;322;80;59
149;Thu Mar 14 23:35:42 2019;-23.6209552785041,-46.6082185361581;-23.6183546829382,-46.6094826699595;-23.6209574 -46.608227;-23.6183648 -46.6094947;322;80;58
150;Thu Mar 14 23:36:41 2019;-23.6209552785041,-46.6082185361581;-23.6183546829382,-46.6094826699595;-23.6209574 -46.608227;-23.6183648 -46.6094947;322;80;58
151;Thu Mar 14 23:37:43 2019;-23.6209552785041,-46.6082185361581;-23.6183546829382,-46.6094826699595;-23.6209574 -46.608227;-23.6183648 -46.6094947;322;80;59
152;Thu Mar 14 23:38:41 2019;-23.6209552785041,-46.6082185361581;-23.6183546829382,-46.6094826699595;-23.6209574 -46.608227;-23.6183648 -46.6094947;322;80;60
153;Thu Mar 14 23:39:41 2019;-23.6209552785041,-46.6082185361581;-23.6183546829382,-46.6094826699595;-23.6209574 -46.608227;-23.6183648 -46.6094947;322;80;59
154;Thu Mar 14 23:40:41 2019;-23.6209552785041,-46.6082185361581;-23.6183546829382,-46.6094826699595;-23.6209574 -46.608227;-23.6183648 -46.6094947;322;80;58
155;Thu Mar 14 23:41:41 2019;-23.6209552785041,-46.6082185361581;-23.6183546829382,-46.6094826699595;-23.6209574 -46.608227;-23.6183648 -46.6094947;322;80;58
156;Thu Mar 14 23:42:42 2019;-23.6209552785041,-46.6082185361581;-23.6183546829382,-46.6094826699595;-23.6209574 -46.608227;-23.6183648 -46.6094947;322;80;57
157;Thu Mar 14 23:43:41 2019;-23.6209552785041,-46.6082185361581;-23.6183546829382,-46.6094826699595;-23.6209574 -46.608227;-23.6183648 -46.6094947;322;80;58
158;Thu Mar 14 23:44:42 2019;-23.6209552785041,-46.6082185361581;-23.6183546829382,-46.6094826699595;-23.6209574 -46.608227;-23.6183648 -46.6094947;322;80;57
159;Thu Mar 14 23:45:41 2019;-23.6209552785041,-46.6082185361581;-23.6183546829382,-46.6094826699595;-23.6209574 -46.608227;-23.6183648 -46.6094947;322;80;61
160;Thu Mar 14 23:46:42 2019;-23.6209552785041,-46.6082185361581;-23.6183546829382,-46.6094826699595;-23.6209574 -46.608227;-23.6183648 -46.6094947;322;80;61
161;Thu Mar 14 23:47:42 2019;-23.6209552785041,-46.6082185361581;-23.6183546829382,-46.6094826699595;-23.6209574 -46.608227;-23.6183648 -46.6094947;322;80;61
162;Thu Mar 14 23:48:42 2019;-23.6209552785041,-46.6082185361581;-23.6183546829382,-46.6094826699595;-23.6209574 -46.608227;-23.6183648 -46.6094947;322;80;60
163;Thu Mar 14 23:49:41 2019;-23.6209552785041,-46.6082185361581;-23.6183546829382,-46.6094826699595;-23.6209574 -46.608227;-23.6183648 -46.6094947;322;80;57
164;Thu Mar 14 23:50:42 2019;-23.6209552785041,-46.6082185361581;-23.6183546829382,-46.6094826699595;-23.6209574 -46.608227;-23.6183648 -46.6094947;322;80;58
165;Thu Mar 14 23:51:41 2019;-23.6209552785041,-46.6082185361581;-23.6183546829382,-46.6094826699595;-23.6209574 -46.608227;-23.6183648 -46.6094947;322;80;57
166;Thu Mar 14 23:52:43 2019;-23.6209552785041,-46.6082185361581;-23.6183546829382,-46.6094826699595;-23.6209574 -46.608227;-23.6183648 -46.6094947;322;80;61
167;Thu Mar 14 23:53:42 2019;-23.6209552785041,-46.6082185361581;-23.6183546829382,-46.6094826699595;-23.6209574 -46.608227;-23.6183648 -46.6094947;322;80;57
168;Thu Mar 14 23:54:41 2019;-23.6209552785041,-46.6082185361581;-23.6183546829382,-46.6094826699595;-23.6209574 -46.608227;-23.6183648 -46.6094947;322;80;55
169;Thu Mar 14 23:55:42 2019;-23.6209552785041,-46.6082185361581;-23.6183546829382,-46.6094826699595;-23.6209574 -46.608227;-23.6183648 -46.6094947;322;80;56
170;Thu Mar 14 23:56:42 2019;-23.6209552785041,-46.6082185361581;-23.6183546829382,-46.6094826699595;-23.6209574 -46.608227;-23.6183648 -46.6094947;322;80;58
171;Thu Mar 14 23:57:42 2019;-23.6209552785041,-46.6082185361581;-23.6183546829382,-46.6094826699595;-23.6209574 -46.608227;-23.6183648 -46.6094947;322;80;56
172;Thu Mar 14 23:58:41 2019;-23.6209552785041,-46.6082185361581;-23.6183546829382,-46.6094826699595;-23.6209574 -46.608227;-23.6183648 -46.6094947;322;80;54
173;Thu Mar 14 23:59:41 2019;-23.6209552785041,-46.6082185361581;-23.6183546829382,-46.6094826699595;-23.6209574 -46.608227;-23.6183648 -46.6094947;322;80;54
