38972;Thu Mar 14 00:00:09 2019;-23.5931874507308,-46.6297230843116;-23.5926269886946,-46.6305273188054;-23.5931819 -46.6297171;-23.5926323 -46.6305322;103;14;11
39213;Thu Mar 14 04:01:15 2019;-23.5931874507308,-46.6297230843116;-23.5926269886946,-46.6305273188054;-23.5931819 -46.6297171;-23.5926323 -46.6305322;103;14;10
39214;Thu Mar 14 04:02:09 2019;-23.5931874507308,-46.6297230843116;-23.5926269886946,-46.6305273188054;-23.5931819 -46.6297171;-23.5926323 -46.6305322;103;14;10
39215;Thu Mar 14 04:03:10 2019;-23.5931874507308,-46.6297230843116;-23.5926269886946,-46.6305273188054;-23.5931819 -46.6297171;-23.5926323 -46.6305322;103;14;10
39216;Thu Mar 14 04:04:10 2019;-23.5931874507308,-46.6297230843116;-23.5926269886946,-46.6305273188054;-23.5931819 -46.6297171;-23.5926323 -46.6305322;103;14;10
39217;Thu Mar 14 04:05:10 2019;-23.5931874507308,-46.6297230843116;-23.5926269886946,-46.6305273188054;-23.5931819 -46.6297171;-23.5926323 -46.6305322;103;14;10
39218;Thu Mar 14 04:06:09 2019;-23.5931874507308,-46.6297230843116;-23.5926269886946,-46.6305273188054;-23.5931819 -46.6297171;-23.5926323 -46.6305322;103;14;10
39219;Thu Mar 14 04:07:10 2019;-23.5931874507308,-46.6297230843116;-23.5926269886946,-46.6305273188054;-23.5931819 -46.6297171;-23.5926323 -46.6305322;103;14;10
39220;Thu Mar 14 04:08:10 2019;-23.5931874507308,-46.6297230843116;-23.5926269886946,-46.6305273188054;-23.5931819 -46.6297171;-23.5926323 -46.6305322;103;14;10
39221;Thu Mar 14 04:09:09 2019;-23.5931874507308,-46.6297230843116;-23.5926269886946,-46.6305273188054;-23.5931819 -46.6297171;-23.5926323 -46.6305322;103;14;10
39222;Thu Mar 14 04:10:10 2019;-23.5931874507308,-46.6297230843116;-23.5926269886946,-46.6305273188054;-23.5931819 -46.6297171;-23.5926323 -46.6305322;103;14;10
1;Thu Mar 14 21:07:47 2019;-23.5931874507308,-46.6297230843116;-23.5926269886946,-46.6305273188054;-23.5931819 -46.6297171;-23.5926323 -46.6305322;103;14;13
2;Thu Mar 14 21:08:46 2019;-23.5931874507308,-46.6297230843116;-23.5926269886946,-46.6305273188054;-23.5931819 -46.6297171;-23.5926323 -46.6305322;103;14;12
3;Thu Mar 14 21:09:43 2019;-23.5931874507308,-46.6297230843116;-23.5926269886946,-46.6305273188054;-23.5931819 -46.6297171;-23.5926323 -46.6305322;103;14;12
4;Thu Mar 14 21:10:43 2019;-23.5931874507308,-46.6297230843116;-23.5926269886946,-46.6305273188054;-23.5931819 -46.6297171;-23.5926323 -46.6305322;103;14;12
5;Thu Mar 14 21:11:43 2019;-23.5931874507308,-46.6297230843116;-23.5926269886946,-46.6305273188054;-23.5931819 -46.6297171;-23.5926323 -46.6305322;103;14;12
6;Thu Mar 14 21:12:42 2019;-23.5931874507308,-46.6297230843116;-23.5926269886946,-46.6305273188054;-23.5931819 -46.6297171;-23.5926323 -46.6305322;103;14;12
7;Thu Mar 14 21:13:43 2019;-23.5931874507308,-46.6297230843116;-23.5926269886946,-46.6305273188054;-23.5931819 -46.6297171;-23.5926323 -46.6305322;103;14;16
8;Thu Mar 14 21:14:44 2019;-23.5931874507308,-46.6297230843116;-23.5926269886946,-46.6305273188054;-23.5931819 -46.6297171;-23.5926323 -46.6305322;103;14;16
9;Thu Mar 14 21:15:43 2019;-23.5931874507308,-46.6297230843116;-23.5926269886946,-46.6305273188054;-23.5931819 -46.6297171;-23.5926323 -46.6305322;103;14;16
10;Thu Mar 14 21:16:44 2019;-23.5931874507308,-46.6297230843116;-23.5926269886946,-46.6305273188054;-23.5931819 -46.6297171;-23.5926323 -46.6305322;103;14;16
11;Thu Mar 14 21:17:44 2019;-23.5931874507308,-46.6297230843116;-23.5926269886946,-46.6305273188054;-23.5931819 -46.6297171;-23.5926323 -46.6305322;103;14;13
12;Thu Mar 14 21:18:44 2019;-23.5931874507308,-46.6297230843116;-23.5926269886946,-46.6305273188054;-23.5931819 -46.6297171;-23.5926323 -46.6305322;103;14;12
13;Thu Mar 14 21:19:44 2019;-23.5931874507308,-46.6297230843116;-23.5926269886946,-46.6305273188054;-23.5931819 -46.6297171;-23.5926323 -46.6305322;103;14;12
14;Thu Mar 14 21:20:44 2019;-23.5931874507308,-46.6297230843116;-23.5926269886946,-46.6305273188054;-23.5931819 -46.6297171;-23.5926323 -46.6305322;103;14;12
15;Thu Mar 14 21:21:44 2019;-23.5931874507308,-46.6297230843116;-23.5926269886946,-46.6305273188054;-23.5931819 -46.6297171;-23.5926323 -46.6305322;103;14;12
16;Thu Mar 14 21:22:48 2019;-23.5931874507308,-46.6297230843116;-23.5926269886946,-46.6305273188054;-23.5931819 -46.6297171;-23.5926323 -46.6305322;103;14;11
17;Thu Mar 14 21:23:43 2019;-23.5931874507308,-46.6297230843116;-23.5926269886946,-46.6305273188054;-23.5931819 -46.6297171;-23.5926323 -46.6305322;103;14;14
18;Thu Mar 14 21:24:44 2019;-23.5931874507308,-46.6297230843116;-23.5926269886946,-46.6305273188054;-23.5931819 -46.6297171;-23.5926323 -46.6305322;103;14;11
19;Thu Mar 14 21:25:43 2019;-23.5931874507308,-46.6297230843116;-23.5926269886946,-46.6305273188054;-23.5931819 -46.6297171;-23.5926323 -46.6305322;103;14;10
20;Thu Mar 14 21:26:43 2019;-23.5931874507308,-46.6297230843116;-23.5926269886946,-46.6305273188054;-23.5931819 -46.6297171;-23.5926323 -46.6305322;103;14;11
21;Thu Mar 14 21:27:43 2019;-23.5931874507308,-46.6297230843116;-23.5926269886946,-46.6305273188054;-23.5931819 -46.6297171;-23.5926323 -46.6305322;103;14;11
22;Thu Mar 14 21:28:43 2019;-23.5931874507308,-46.6297230843116;-23.5926269886946,-46.6305273188054;-23.5931819 -46.6297171;-23.5926323 -46.6305322;103;14;11
23;Thu Mar 14 21:29:43 2019;-23.5931874507308,-46.6297230843116;-23.5926269886946,-46.6305273188054;-23.5931819 -46.6297171;-23.5926323 -46.6305322;103;14;11
24;Thu Mar 14 21:30:43 2019;-23.5931874507308,-46.6297230843116;-23.5926269886946,-46.6305273188054;-23.5931819 -46.6297171;-23.5926323 -46.6305322;103;14;11
25;Thu Mar 14 21:31:43 2019;-23.5931874507308,-46.6297230843116;-23.5926269886946,-46.6305273188054;-23.5931819 -46.6297171;-23.5926323 -46.6305322;103;14;10
26;Thu Mar 14 21:32:43 2019;-23.5931874507308,-46.6297230843116;-23.5926269886946,-46.6305273188054;-23.5931819 -46.6297171;-23.5926323 -46.6305322;103;14;11
27;Thu Mar 14 21:33:44 2019;-23.5931874507308,-46.6297230843116;-23.5926269886946,-46.6305273188054;-23.5931819 -46.6297171;-23.5926323 -46.6305322;103;14;11
28;Thu Mar 14 21:34:43 2019;-23.5931874507308,-46.6297230843116;-23.5926269886946,-46.6305273188054;-23.5931819 -46.6297171;-23.5926323 -46.6305322;103;14;10
29;Thu Mar 14 21:35:44 2019;-23.5931874507308,-46.6297230843116;-23.5926269886946,-46.6305273188054;-23.5931819 -46.6297171;-23.5926323 -46.6305322;103;14;10
30;Thu Mar 14 21:36:43 2019;-23.5931874507308,-46.6297230843116;-23.5926269886946,-46.6305273188054;-23.5931819 -46.6297171;-23.5926323 -46.6305322;103;14;10
31;Thu Mar 14 21:37:49 2019;-23.5931874507308,-46.6297230843116;-23.5926269886946,-46.6305273188054;-23.5931819 -46.6297171;-23.5926323 -46.6305322;103;14;11
32;Thu Mar 14 21:38:43 2019;-23.5931874507308,-46.6297230843116;-23.5926269886946,-46.6305273188054;-23.5931819 -46.6297171;-23.5926323 -46.6305322;103;14;10
33;Thu Mar 14 21:39:43 2019;-23.5931874507308,-46.6297230843116;-23.5926269886946,-46.6305273188054;-23.5931819 -46.6297171;-23.5926323 -46.6305322;103;14;10
34;Thu Mar 14 21:40:43 2019;-23.5931874507308,-46.6297230843116;-23.5926269886946,-46.6305273188054;-23.5931819 -46.6297171;-23.5926323 -46.6305322;103;14;10
35;Thu Mar 14 21:41:43 2019;-23.5931874507308,-46.6297230843116;-23.5926269886946,-46.6305273188054;-23.5931819 -46.6297171;-23.5926323 -46.6305322;103;14;10
36;Thu Mar 14 21:42:43 2019;-23.5931874507308,-46.6297230843116;-23.5926269886946,-46.6305273188054;-23.5931819 -46.6297171;-23.5926323 -46.6305322;103;14;10
37;Thu Mar 14 21:43:43 2019;-23.5931874507308,-46.6297230843116;-23.5926269886946,-46.6305273188054;-23.5931819 -46.6297171;-23.5926323 -46.6305322;103;14;12
38;Thu Mar 14 21:44:43 2019;-23.5931874507308,-46.6297230843116;-23.5926269886946,-46.6305273188054;-23.5931819 -46.6297171;-23.5926323 -46.6305322;103;14;11
39;Thu Mar 14 21:45:43 2019;-23.5931874507308,-46.6297230843116;-23.5926269886946,-46.6305273188054;-23.5931819 -46.6297171;-23.5926323 -46.6305322;103;14;11
40;Thu Mar 14 21:46:43 2019;-23.5931874507308,-46.6297230843116;-23.5926269886946,-46.6305273188054;-23.5931819 -46.6297171;-23.5926323 -46.6305322;103;14;11
41;Thu Mar 14 21:47:43 2019;-23.5931874507308,-46.6297230843116;-23.5926269886946,-46.6305273188054;-23.5931819 -46.6297171;-23.5926323 -46.6305322;103;14;10
42;Thu Mar 14 21:48:43 2019;-23.5931874507308,-46.6297230843116;-23.5926269886946,-46.6305273188054;-23.5931819 -46.6297171;-23.5926323 -46.6305322;103;14;11
43;Thu Mar 14 21:49:43 2019;-23.5931874507308,-46.6297230843116;-23.5926269886946,-46.6305273188054;-23.5931819 -46.6297171;-23.5926323 -46.6305322;103;14;11
44;Thu Mar 14 21:50:44 2019;-23.5931874507308,-46.6297230843116;-23.5926269886946,-46.6305273188054;-23.5931819 -46.6297171;-23.5926323 -46.6305322;103;14;11
45;Thu Mar 14 21:51:43 2019;-23.5931874507308,-46.6297230843116;-23.5926269886946,-46.6305273188054;-23.5931819 -46.6297171;-23.5926323 -46.6305322;103;14;12
46;Thu Mar 14 21:52:47 2019;-23.5931874507308,-46.6297230843116;-23.5926269886946,-46.6305273188054;-23.5931819 -46.6297171;-23.5926323 -46.6305322;103;14;11
47;Thu Mar 14 21:53:44 2019;-23.5931874507308,-46.6297230843116;-23.5926269886946,-46.6305273188054;-23.5931819 -46.6297171;-23.5926323 -46.6305322;103;14;11
48;Thu Mar 14 21:54:43 2019;-23.5931874507308,-46.6297230843116;-23.5926269886946,-46.6305273188054;-23.5931819 -46.6297171;-23.5926323 -46.6305322;103;14;12
49;Thu Mar 14 21:55:43 2019;-23.5931874507308,-46.6297230843116;-23.5926269886946,-46.6305273188054;-23.5931819 -46.6297171;-23.5926323 -46.6305322;103;14;12
50;Thu Mar 14 21:56:43 2019;-23.5931874507308,-46.6297230843116;-23.5926269886946,-46.6305273188054;-23.5931819 -46.6297171;-23.5926323 -46.6305322;103;14;12
51;Thu Mar 14 21:57:43 2019;-23.5931874507308,-46.6297230843116;-23.5926269886946,-46.6305273188054;-23.5931819 -46.6297171;-23.5926323 -46.6305322;103;14;13
52;Thu Mar 14 21:58:43 2019;-23.5931874507308,-46.6297230843116;-23.5926269886946,-46.6305273188054;-23.5931819 -46.6297171;-23.5926323 -46.6305322;103;14;12
53;Thu Mar 14 21:59:43 2019;-23.5931874507308,-46.6297230843116;-23.5926269886946,-46.6305273188054;-23.5931819 -46.6297171;-23.5926323 -46.6305322;103;14;12
54;Thu Mar 14 22:00:43 2019;-23.5931874507308,-46.6297230843116;-23.5926269886946,-46.6305273188054;-23.5931819 -46.6297171;-23.5926323 -46.6305322;103;14;12
55;Thu Mar 14 22:01:43 2019;-23.5931874507308,-46.6297230843116;-23.5926269886946,-46.6305273188054;-23.5931819 -46.6297171;-23.5926323 -46.6305322;103;14;12
56;Thu Mar 14 22:02:44 2019;-23.5931874507308,-46.6297230843116;-23.5926269886946,-46.6305273188054;-23.5931819 -46.6297171;-23.5926323 -46.6305322;103;14;11
57;Thu Mar 14 22:03:43 2019;-23.5931874507308,-46.6297230843116;-23.5926269886946,-46.6305273188054;-23.5931819 -46.6297171;-23.5926323 -46.6305322;103;14;11
58;Thu Mar 14 22:04:43 2019;-23.5931874507308,-46.6297230843116;-23.5926269886946,-46.6305273188054;-23.5931819 -46.6297171;-23.5926323 -46.6305322;103;14;11
59;Thu Mar 14 22:05:43 2019;-23.5931874507308,-46.6297230843116;-23.5926269886946,-46.6305273188054;-23.5931819 -46.6297171;-23.5926323 -46.6305322;103;14;12
60;Thu Mar 14 22:06:44 2019;-23.5931874507308,-46.6297230843116;-23.5926269886946,-46.6305273188054;-23.5931819 -46.6297171;-23.5926323 -46.6305322;103;14;12
61;Thu Mar 14 22:07:47 2019;-23.5931874507308,-46.6297230843116;-23.5926269886946,-46.6305273188054;-23.5931819 -46.6297171;-23.5926323 -46.6305322;103;14;12
62;Thu Mar 14 22:08:43 2019;-23.5931874507308,-46.6297230843116;-23.5926269886946,-46.6305273188054;-23.5931819 -46.6297171;-23.5926323 -46.6305322;103;14;13
63;Thu Mar 14 22:09:43 2019;-23.5931874507308,-46.6297230843116;-23.5926269886946,-46.6305273188054;-23.5931819 -46.6297171;-23.5926323 -46.6305322;103;14;13
64;Thu Mar 14 22:10:43 2019;-23.5931874507308,-46.6297230843116;-23.5926269886946,-46.6305273188054;-23.5931819 -46.6297171;-23.5926323 -46.6305322;103;14;12
65;Thu Mar 14 22:11:43 2019;-23.5931874507308,-46.6297230843116;-23.5926269886946,-46.6305273188054;-23.5931819 -46.6297171;-23.5926323 -46.6305322;103;14;12
66;Thu Mar 14 22:12:43 2019;-23.5931874507308,-46.6297230843116;-23.5926269886946,-46.6305273188054;-23.5931819 -46.6297171;-23.5926323 -46.6305322;103;14;12
67;Thu Mar 14 22:13:43 2019;-23.5931874507308,-46.6297230843116;-23.5926269886946,-46.6305273188054;-23.5931819 -46.6297171;-23.5926323 -46.6305322;103;14;12
68;Thu Mar 14 22:14:43 2019;-23.5931874507308,-46.6297230843116;-23.5926269886946,-46.6305273188054;-23.5931819 -46.6297171;-23.5926323 -46.6305322;103;14;11
69;Thu Mar 14 22:15:43 2019;-23.5931874507308,-46.6297230843116;-23.5926269886946,-46.6305273188054;-23.5931819 -46.6297171;-23.5926323 -46.6305322;103;14;12
70;Thu Mar 14 22:16:43 2019;-23.5931874507308,-46.6297230843116;-23.5926269886946,-46.6305273188054;-23.5931819 -46.6297171;-23.5926323 -46.6305322;103;14;12
71;Thu Mar 14 22:17:43 2019;-23.5931874507308,-46.6297230843116;-23.5926269886946,-46.6305273188054;-23.5931819 -46.6297171;-23.5926323 -46.6305322;103;14;12
72;Thu Mar 14 22:18:43 2019;-23.5931874507308,-46.6297230843116;-23.5926269886946,-46.6305273188054;-23.5931819 -46.6297171;-23.5926323 -46.6305322;103;14;12
73;Thu Mar 14 22:19:44 2019;-23.5931874507308,-46.6297230843116;-23.5926269886946,-46.6305273188054;-23.5931819 -46.6297171;-23.5926323 -46.6305322;103;14;12
74;Thu Mar 14 22:20:43 2019;-23.5931874507308,-46.6297230843116;-23.5926269886946,-46.6305273188054;-23.5931819 -46.6297171;-23.5926323 -46.6305322;103;14;12
75;Thu Mar 14 22:21:43 2019;-23.5931874507308,-46.6297230843116;-23.5926269886946,-46.6305273188054;-23.5931819 -46.6297171;-23.5926323 -46.6305322;103;14;11
76;Thu Mar 14 22:22:48 2019;-23.5931874507308,-46.6297230843116;-23.5926269886946,-46.6305273188054;-23.5931819 -46.6297171;-23.5926323 -46.6305322;103;14;11
77;Thu Mar 14 22:23:44 2019;-23.5931874507308,-46.6297230843116;-23.5926269886946,-46.6305273188054;-23.5931819 -46.6297171;-23.5926323 -46.6305322;103;14;10
78;Thu Mar 14 22:24:43 2019;-23.5931874507308,-46.6297230843116;-23.5926269886946,-46.6305273188054;-23.5931819 -46.6297171;-23.5926323 -46.6305322;103;14;10
79;Thu Mar 14 22:25:44 2019;-23.5931874507308,-46.6297230843116;-23.5926269886946,-46.6305273188054;-23.5931819 -46.6297171;-23.5926323 -46.6305322;103;14;10
80;Thu Mar 14 22:26:43 2019;-23.5931874507308,-46.6297230843116;-23.5926269886946,-46.6305273188054;-23.5931819 -46.6297171;-23.5926323 -46.6305322;103;14;10
81;Thu Mar 14 22:27:43 2019;-23.5931874507308,-46.6297230843116;-23.5926269886946,-46.6305273188054;-23.5931819 -46.6297171;-23.5926323 -46.6305322;103;14;10
82;Thu Mar 14 22:28:43 2019;-23.5931874507308,-46.6297230843116;-23.5926269886946,-46.6305273188054;-23.5931819 -46.6297171;-23.5926323 -46.6305322;103;14;10
83;Thu Mar 14 22:29:43 2019;-23.5931874507308,-46.6297230843116;-23.5926269886946,-46.6305273188054;-23.5931819 -46.6297171;-23.5926323 -46.6305322;103;14;10
84;Thu Mar 14 22:30:43 2019;-23.5931874507308,-46.6297230843116;-23.5926269886946,-46.6305273188054;-23.5931819 -46.6297171;-23.5926323 -46.6305322;103;14;10
85;Thu Mar 14 22:31:44 2019;-23.5931874507308,-46.6297230843116;-23.5926269886946,-46.6305273188054;-23.5931819 -46.6297171;-23.5926323 -46.6305322;103;14;10
86;Thu Mar 14 22:32:43 2019;-23.5931874507308,-46.6297230843116;-23.5926269886946,-46.6305273188054;-23.5931819 -46.6297171;-23.5926323 -46.6305322;103;14;10
87;Thu Mar 14 22:33:43 2019;-23.5931874507308,-46.6297230843116;-23.5926269886946,-46.6305273188054;-23.5931819 -46.6297171;-23.5926323 -46.6305322;103;14;10
88;Thu Mar 14 22:34:43 2019;-23.5931874507308,-46.6297230843116;-23.5926269886946,-46.6305273188054;-23.5931819 -46.6297171;-23.5926323 -46.6305322;103;14;11
89;Thu Mar 14 22:35:43 2019;-23.5931874507308,-46.6297230843116;-23.5926269886946,-46.6305273188054;-23.5931819 -46.6297171;-23.5926323 -46.6305322;103;14;11
90;Thu Mar 14 22:36:43 2019;-23.5931874507308,-46.6297230843116;-23.5926269886946,-46.6305273188054;-23.5931819 -46.6297171;-23.5926323 -46.6305322;103;14;11
91;Thu Mar 14 22:37:47 2019;-23.5931874507308,-46.6297230843116;-23.5926269886946,-46.6305273188054;-23.5931819 -46.6297171;-23.5926323 -46.6305322;103;14;11
92;Thu Mar 14 22:38:44 2019;-23.5931874507308,-46.6297230843116;-23.5926269886946,-46.6305273188054;-23.5931819 -46.6297171;-23.5926323 -46.6305322;103;14;11
93;Thu Mar 14 22:39:43 2019;-23.5931874507308,-46.6297230843116;-23.5926269886946,-46.6305273188054;-23.5931819 -46.6297171;-23.5926323 -46.6305322;103;14;12
94;Thu Mar 14 22:40:44 2019;-23.5931874507308,-46.6297230843116;-23.5926269886946,-46.6305273188054;-23.5931819 -46.6297171;-23.5926323 -46.6305322;103;14;11
95;Thu Mar 14 22:41:43 2019;-23.5931874507308,-46.6297230843116;-23.5926269886946,-46.6305273188054;-23.5931819 -46.6297171;-23.5926323 -46.6305322;103;14;11
96;Thu Mar 14 22:42:43 2019;-23.5931874507308,-46.6297230843116;-23.5926269886946,-46.6305273188054;-23.5931819 -46.6297171;-23.5926323 -46.6305322;103;14;12
97;Thu Mar 14 22:43:43 2019;-23.5931874507308,-46.6297230843116;-23.5926269886946,-46.6305273188054;-23.5931819 -46.6297171;-23.5926323 -46.6305322;103;14;11
98;Thu Mar 14 22:44:44 2019;-23.5931874507308,-46.6297230843116;-23.5926269886946,-46.6305273188054;-23.5931819 -46.6297171;-23.5926323 -46.6305322;103;14;10
99;Thu Mar 14 22:45:43 2019;-23.5931874507308,-46.6297230843116;-23.5926269886946,-46.6305273188054;-23.5931819 -46.6297171;-23.5926323 -46.6305322;103;14;10
100;Thu Mar 14 22:46:44 2019;-23.5931874507308,-46.6297230843116;-23.5926269886946,-46.6305273188054;-23.5931819 -46.6297171;-23.5926323 -46.6305322;103;14;10
101;Thu Mar 14 22:47:43 2019;-23.5931874507308,-46.6297230843116;-23.5926269886946,-46.6305273188054;-23.5931819 -46.6297171;-23.5926323 -46.6305322;103;14;10
102;Thu Mar 14 22:48:43 2019;-23.5931874507308,-46.6297230843116;-23.5926269886946,-46.6305273188054;-23.5931819 -46.6297171;-23.5926323 -46.6305322;103;14;9
103;Thu Mar 14 22:49:44 2019;-23.5931874507308,-46.6297230843116;-23.5926269886946,-46.6305273188054;-23.5931819 -46.6297171;-23.5926323 -46.6305322;103;14;10
104;Thu Mar 14 22:50:44 2019;-23.5931874507308,-46.6297230843116;-23.5926269886946,-46.6305273188054;-23.5931819 -46.6297171;-23.5926323 -46.6305322;103;14;10
105;Thu Mar 14 22:51:43 2019;-23.5931874507308,-46.6297230843116;-23.5926269886946,-46.6305273188054;-23.5931819 -46.6297171;-23.5926323 -46.6305322;103;14;10
106;Thu Mar 14 22:52:49 2019;-23.5931874507308,-46.6297230843116;-23.5926269886946,-46.6305273188054;-23.5931819 -46.6297171;-23.5926323 -46.6305322;103;14;11
107;Thu Mar 14 22:53:43 2019;-23.5931874507308,-46.6297230843116;-23.5926269886946,-46.6305273188054;-23.5931819 -46.6297171;-23.5926323 -46.6305322;103;14;11
108;Thu Mar 14 22:54:43 2019;-23.5931874507308,-46.6297230843116;-23.5926269886946,-46.6305273188054;-23.5931819 -46.6297171;-23.5926323 -46.6305322;103;14;11
109;Thu Mar 14 22:55:43 2019;-23.5931874507308,-46.6297230843116;-23.5926269886946,-46.6305273188054;-23.5931819 -46.6297171;-23.5926323 -46.6305322;103;14;11
110;Thu Mar 14 22:56:43 2019;-23.5931874507308,-46.6297230843116;-23.5926269886946,-46.6305273188054;-23.5931819 -46.6297171;-23.5926323 -46.6305322;103;14;11
111;Thu Mar 14 22:57:44 2019;-23.5931874507308,-46.6297230843116;-23.5926269886946,-46.6305273188054;-23.5931819 -46.6297171;-23.5926323 -46.6305322;103;14;11
112;Thu Mar 14 22:58:43 2019;-23.5931874507308,-46.6297230843116;-23.5926269886946,-46.6305273188054;-23.5931819 -46.6297171;-23.5926323 -46.6305322;103;14;11
113;Thu Mar 14 22:59:44 2019;-23.5931874507308,-46.6297230843116;-23.5926269886946,-46.6305273188054;-23.5931819 -46.6297171;-23.5926323 -46.6305322;103;14;11
114;Thu Mar 14 23:00:43 2019;-23.5931874507308,-46.6297230843116;-23.5926269886946,-46.6305273188054;-23.5931819 -46.6297171;-23.5926323 -46.6305322;103;14;10
115;Thu Mar 14 23:01:43 2019;-23.5931874507308,-46.6297230843116;-23.5926269886946,-46.6305273188054;-23.5931819 -46.6297171;-23.5926323 -46.6305322;103;14;10
116;Thu Mar 14 23:02:43 2019;-23.5931874507308,-46.6297230843116;-23.5926269886946,-46.6305273188054;-23.5931819 -46.6297171;-23.5926323 -46.6305322;103;14;10
117;Thu Mar 14 23:03:43 2019;-23.5931874507308,-46.6297230843116;-23.5926269886946,-46.6305273188054;-23.5931819 -46.6297171;-23.5926323 -46.6305322;103;14;11
118;Thu Mar 14 23:04:43 2019;-23.5931874507308,-46.6297230843116;-23.5926269886946,-46.6305273188054;-23.5931819 -46.6297171;-23.5926323 -46.6305322;103;14;11
119;Thu Mar 14 23:05:43 2019;-23.5931874507308,-46.6297230843116;-23.5926269886946,-46.6305273188054;-23.5931819 -46.6297171;-23.5926323 -46.6305322;103;14;12
120;Thu Mar 14 23:06:43 2019;-23.5931874507308,-46.6297230843116;-23.5926269886946,-46.6305273188054;-23.5931819 -46.6297171;-23.5926323 -46.6305322;103;14;12
121;Thu Mar 14 23:07:47 2019;-23.5931874507308,-46.6297230843116;-23.5926269886946,-46.6305273188054;-23.5931819 -46.6297171;-23.5926323 -46.6305322;103;14;10
122;Thu Mar 14 23:08:43 2019;-23.5931874507308,-46.6297230843116;-23.5926269886946,-46.6305273188054;-23.5931819 -46.6297171;-23.5926323 -46.6305322;103;14;11
123;Thu Mar 14 23:09:43 2019;-23.5931874507308,-46.6297230843116;-23.5926269886946,-46.6305273188054;-23.5931819 -46.6297171;-23.5926323 -46.6305322;103;14;11
124;Thu Mar 14 23:10:43 2019;-23.5931874507308,-46.6297230843116;-23.5926269886946,-46.6305273188054;-23.5931819 -46.6297171;-23.5926323 -46.6305322;103;14;11
125;Thu Mar 14 23:11:43 2019;-23.5931874507308,-46.6297230843116;-23.5926269886946,-46.6305273188054;-23.5931819 -46.6297171;-23.5926323 -46.6305322;103;14;11
126;Thu Mar 14 23:12:43 2019;-23.5931874507308,-46.6297230843116;-23.5926269886946,-46.6305273188054;-23.5931819 -46.6297171;-23.5926323 -46.6305322;103;14;11
127;Thu Mar 14 23:13:42 2019;-23.5931874507308,-46.6297230843116;-23.5926269886946,-46.6305273188054;-23.5931819 -46.6297171;-23.5926323 -46.6305322;103;14;10
128;Thu Mar 14 23:14:43 2019;-23.5931874507308,-46.6297230843116;-23.5926269886946,-46.6305273188054;-23.5931819 -46.6297171;-23.5926323 -46.6305322;103;14;10
129;Thu Mar 14 23:15:43 2019;-23.5931874507308,-46.6297230843116;-23.5926269886946,-46.6305273188054;-23.5931819 -46.6297171;-23.5926323 -46.6305322;103;14;11
130;Thu Mar 14 23:16:43 2019;-23.5931874507308,-46.6297230843116;-23.5926269886946,-46.6305273188054;-23.5931819 -46.6297171;-23.5926323 -46.6305322;103;14;10
131;Thu Mar 14 23:17:43 2019;-23.5931874507308,-46.6297230843116;-23.5926269886946,-46.6305273188054;-23.5931819 -46.6297171;-23.5926323 -46.6305322;103;14;11
132;Thu Mar 14 23:18:43 2019;-23.5931874507308,-46.6297230843116;-23.5926269886946,-46.6305273188054;-23.5931819 -46.6297171;-23.5926323 -46.6305322;103;14;11
133;Thu Mar 14 23:19:43 2019;-23.5931874507308,-46.6297230843116;-23.5926269886946,-46.6305273188054;-23.5931819 -46.6297171;-23.5926323 -46.6305322;103;14;11
134;Thu Mar 14 23:20:43 2019;-23.5931874507308,-46.6297230843116;-23.5926269886946,-46.6305273188054;-23.5931819 -46.6297171;-23.5926323 -46.6305322;103;14;11
135;Thu Mar 14 23:21:44 2019;-23.5931874507308,-46.6297230843116;-23.5926269886946,-46.6305273188054;-23.5931819 -46.6297171;-23.5926323 -46.6305322;103;14;11
136;Thu Mar 14 23:22:46 2019;-23.5931874507308,-46.6297230843116;-23.5926269886946,-46.6305273188054;-23.5931819 -46.6297171;-23.5926323 -46.6305322;103;14;11
137;Thu Mar 14 23:23:43 2019;-23.5931874507308,-46.6297230843116;-23.5926269886946,-46.6305273188054;-23.5931819 -46.6297171;-23.5926323 -46.6305322;103;14;11
138;Thu Mar 14 23:24:43 2019;-23.5931874507308,-46.6297230843116;-23.5926269886946,-46.6305273188054;-23.5931819 -46.6297171;-23.5926323 -46.6305322;103;14;11
139;Thu Mar 14 23:25:43 2019;-23.5931874507308,-46.6297230843116;-23.5926269886946,-46.6305273188054;-23.5931819 -46.6297171;-23.5926323 -46.6305322;103;14;11
140;Thu Mar 14 23:26:43 2019;-23.5931874507308,-46.6297230843116;-23.5926269886946,-46.6305273188054;-23.5931819 -46.6297171;-23.5926323 -46.6305322;103;14;11
141;Thu Mar 14 23:27:43 2019;-23.5931874507308,-46.6297230843116;-23.5926269886946,-46.6305273188054;-23.5931819 -46.6297171;-23.5926323 -46.6305322;103;14;11
142;Thu Mar 14 23:28:43 2019;-23.5931874507308,-46.6297230843116;-23.5926269886946,-46.6305273188054;-23.5931819 -46.6297171;-23.5926323 -46.6305322;103;14;11
143;Thu Mar 14 23:29:42 2019;-23.5931874507308,-46.6297230843116;-23.5926269886946,-46.6305273188054;-23.5931819 -46.6297171;-23.5926323 -46.6305322;103;14;11
144;Thu Mar 14 23:30:43 2019;-23.5931874507308,-46.6297230843116;-23.5926269886946,-46.6305273188054;-23.5931819 -46.6297171;-23.5926323 -46.6305322;103;14;11
145;Thu Mar 14 23:31:44 2019;-23.5931874507308,-46.6297230843116;-23.5926269886946,-46.6305273188054;-23.5931819 -46.6297171;-23.5926323 -46.6305322;103;14;11
146;Thu Mar 14 23:32:43 2019;-23.5931874507308,-46.6297230843116;-23.5926269886946,-46.6305273188054;-23.5931819 -46.6297171;-23.5926323 -46.6305322;103;14;11
147;Thu Mar 14 23:33:43 2019;-23.5931874507308,-46.6297230843116;-23.5926269886946,-46.6305273188054;-23.5931819 -46.6297171;-23.5926323 -46.6305322;103;14;11
148;Thu Mar 14 23:34:43 2019;-23.5931874507308,-46.6297230843116;-23.5926269886946,-46.6305273188054;-23.5931819 -46.6297171;-23.5926323 -46.6305322;103;14;10
149;Thu Mar 14 23:35:44 2019;-23.5931874507308,-46.6297230843116;-23.5926269886946,-46.6305273188054;-23.5931819 -46.6297171;-23.5926323 -46.6305322;103;14;10
150;Thu Mar 14 23:36:43 2019;-23.5931874507308,-46.6297230843116;-23.5926269886946,-46.6305273188054;-23.5931819 -46.6297171;-23.5926323 -46.6305322;103;14;10
151;Thu Mar 14 23:37:46 2019;-23.5931874507308,-46.6297230843116;-23.5926269886946,-46.6305273188054;-23.5931819 -46.6297171;-23.5926323 -46.6305322;103;14;10
152;Thu Mar 14 23:38:43 2019;-23.5931874507308,-46.6297230843116;-23.5926269886946,-46.6305273188054;-23.5931819 -46.6297171;-23.5926323 -46.6305322;103;14;11
153;Thu Mar 14 23:39:43 2019;-23.5931874507308,-46.6297230843116;-23.5926269886946,-46.6305273188054;-23.5931819 -46.6297171;-23.5926323 -46.6305322;103;14;11
154;Thu Mar 14 23:40:43 2019;-23.5931874507308,-46.6297230843116;-23.5926269886946,-46.6305273188054;-23.5931819 -46.6297171;-23.5926323 -46.6305322;103;14;11
155;Thu Mar 14 23:41:43 2019;-23.5931874507308,-46.6297230843116;-23.5926269886946,-46.6305273188054;-23.5931819 -46.6297171;-23.5926323 -46.6305322;103;14;12
156;Thu Mar 14 23:42:43 2019;-23.5931874507308,-46.6297230843116;-23.5926269886946,-46.6305273188054;-23.5931819 -46.6297171;-23.5926323 -46.6305322;103;14;11
157;Thu Mar 14 23:43:43 2019;-23.5931874507308,-46.6297230843116;-23.5926269886946,-46.6305273188054;-23.5931819 -46.6297171;-23.5926323 -46.6305322;103;14;11
158;Thu Mar 14 23:44:43 2019;-23.5931874507308,-46.6297230843116;-23.5926269886946,-46.6305273188054;-23.5931819 -46.6297171;-23.5926323 -46.6305322;103;14;11
159;Thu Mar 14 23:45:43 2019;-23.5931874507308,-46.6297230843116;-23.5926269886946,-46.6305273188054;-23.5931819 -46.6297171;-23.5926323 -46.6305322;103;14;11
160;Thu Mar 14 23:46:44 2019;-23.5931874507308,-46.6297230843116;-23.5926269886946,-46.6305273188054;-23.5931819 -46.6297171;-23.5926323 -46.6305322;103;14;11
161;Thu Mar 14 23:47:43 2019;-23.5931874507308,-46.6297230843116;-23.5926269886946,-46.6305273188054;-23.5931819 -46.6297171;-23.5926323 -46.6305322;103;14;10
162;Thu Mar 14 23:48:44 2019;-23.5931874507308,-46.6297230843116;-23.5926269886946,-46.6305273188054;-23.5931819 -46.6297171;-23.5926323 -46.6305322;103;14;10
163;Thu Mar 14 23:49:43 2019;-23.5931874507308,-46.6297230843116;-23.5926269886946,-46.6305273188054;-23.5931819 -46.6297171;-23.5926323 -46.6305322;103;14;10
164;Thu Mar 14 23:50:43 2019;-23.5931874507308,-46.6297230843116;-23.5926269886946,-46.6305273188054;-23.5931819 -46.6297171;-23.5926323 -46.6305322;103;14;10
165;Thu Mar 14 23:51:43 2019;-23.5931874507308,-46.6297230843116;-23.5926269886946,-46.6305273188054;-23.5931819 -46.6297171;-23.5926323 -46.6305322;103;14;10
166;Thu Mar 14 23:52:46 2019;-23.5931874507308,-46.6297230843116;-23.5926269886946,-46.6305273188054;-23.5931819 -46.6297171;-23.5926323 -46.6305322;103;14;10
167;Thu Mar 14 23:53:44 2019;-23.5931874507308,-46.6297230843116;-23.5926269886946,-46.6305273188054;-23.5931819 -46.6297171;-23.5926323 -46.6305322;103;14;10
168;Thu Mar 14 23:54:43 2019;-23.5931874507308,-46.6297230843116;-23.5926269886946,-46.6305273188054;-23.5931819 -46.6297171;-23.5926323 -46.6305322;103;14;10
169;Thu Mar 14 23:55:43 2019;-23.5931874507308,-46.6297230843116;-23.5926269886946,-46.6305273188054;-23.5931819 -46.6297171;-23.5926323 -46.6305322;103;14;10
170;Thu Mar 14 23:56:43 2019;-23.5931874507308,-46.6297230843116;-23.5926269886946,-46.6305273188054;-23.5931819 -46.6297171;-23.5926323 -46.6305322;103;14;10
171;Thu Mar 14 23:57:44 2019;-23.5931874507308,-46.6297230843116;-23.5926269886946,-46.6305273188054;-23.5931819 -46.6297171;-23.5926323 -46.6305322;103;14;10
172;Thu Mar 14 23:58:43 2019;-23.5931874507308,-46.6297230843116;-23.5926269886946,-46.6305273188054;-23.5931819 -46.6297171;-23.5926323 -46.6305322;103;14;10
173;Thu Mar 14 23:59:43 2019;-23.5931874507308,-46.6297230843116;-23.5926269886946,-46.6305273188054;-23.5931819 -46.6297171;-23.5926323 -46.6305322;103;14;9
