38972;Thu Mar 14 00:00:09 2019;-23.5927969162167,-46.6198686148975;-23.592821821463,-46.6213078936006;-23.5928068 -46.6199011;-23.5927983 -46.6213146;167;70;95
39213;Thu Mar 14 04:01:14 2019;-23.5927969162167,-46.6198686148975;-23.592821821463,-46.6213078936006;-23.5928068 -46.6199011;-23.5927983 -46.6213146;167;70;142
39214;Thu Mar 14 04:02:09 2019;-23.5927969162167,-46.6198686148975;-23.592821821463,-46.6213078936006;-23.5928068 -46.6199011;-23.5927983 -46.6213146;167;70;142
39215;Thu Mar 14 04:03:09 2019;-23.5927969162167,-46.6198686148975;-23.592821821463,-46.6213078936006;-23.5928068 -46.6199011;-23.5927983 -46.6213146;167;70;142
39216;Thu Mar 14 04:04:09 2019;-23.5927969162167,-46.6198686148975;-23.592821821463,-46.6213078936006;-23.5928068 -46.6199011;-23.5927983 -46.6213146;167;70;142
39217;Thu Mar 14 04:05:09 2019;-23.5927969162167,-46.6198686148975;-23.592821821463,-46.6213078936006;-23.5928068 -46.6199011;-23.5927983 -46.6213146;167;70;131
39218;Thu Mar 14 04:06:09 2019;-23.5927969162167,-46.6198686148975;-23.592821821463,-46.6213078936006;-23.5928068 -46.6199011;-23.5927983 -46.6213146;167;70;130
39219;Thu Mar 14 04:07:09 2019;-23.5927969162167,-46.6198686148975;-23.592821821463,-46.6213078936006;-23.5928068 -46.6199011;-23.5927983 -46.6213146;167;70;130
39220;Thu Mar 14 04:08:09 2019;-23.5927969162167,-46.6198686148975;-23.592821821463,-46.6213078936006;-23.5928068 -46.6199011;-23.5927983 -46.6213146;167;70;130
39221;Thu Mar 14 04:09:09 2019;-23.5927969162167,-46.6198686148975;-23.592821821463,-46.6213078936006;-23.5928068 -46.6199011;-23.5927983 -46.6213146;167;70;130
39222;Thu Mar 14 04:10:09 2019;-23.5927969162167,-46.6198686148975;-23.592821821463,-46.6213078936006;-23.5928068 -46.6199011;-23.5927983 -46.6213146;167;70;120
1;Thu Mar 14 21:07:47 2019;-23.5927969162167,-46.6198686148975;-23.592821821463,-46.6213078936006;-23.5928068 -46.6199011;-23.5927983 -46.6213146;167;70;76
2;Thu Mar 14 21:08:46 2019;-23.5927969162167,-46.6198686148975;-23.592821821463,-46.6213078936006;-23.5928068 -46.6199011;-23.5927983 -46.6213146;167;70;75
3;Thu Mar 14 21:09:43 2019;-23.5927969162167,-46.6198686148975;-23.592821821463,-46.6213078936006;-23.5928068 -46.6199011;-23.5927983 -46.6213146;167;70;72
4;Thu Mar 14 21:10:43 2019;-23.5927969162167,-46.6198686148975;-23.592821821463,-46.6213078936006;-23.5928068 -46.6199011;-23.5927983 -46.6213146;167;70;76
5;Thu Mar 14 21:11:43 2019;-23.5927969162167,-46.6198686148975;-23.592821821463,-46.6213078936006;-23.5928068 -46.6199011;-23.5927983 -46.6213146;167;70;76
6;Thu Mar 14 21:12:42 2019;-23.5927969162167,-46.6198686148975;-23.592821821463,-46.6213078936006;-23.5928068 -46.6199011;-23.5927983 -46.6213146;167;70;77
7;Thu Mar 14 21:13:43 2019;-23.5927969162167,-46.6198686148975;-23.592821821463,-46.6213078936006;-23.5928068 -46.6199011;-23.5927983 -46.6213146;167;70;81
8;Thu Mar 14 21:14:43 2019;-23.5927969162167,-46.6198686148975;-23.592821821463,-46.6213078936006;-23.5928068 -46.6199011;-23.5927983 -46.6213146;167;70;83
9;Thu Mar 14 21:15:43 2019;-23.5927969162167,-46.6198686148975;-23.592821821463,-46.6213078936006;-23.5928068 -46.6199011;-23.5927983 -46.6213146;167;70;194
10;Thu Mar 14 21:16:43 2019;-23.5927969162167,-46.6198686148975;-23.592821821463,-46.6213078936006;-23.5928068 -46.6199011;-23.5927983 -46.6213146;167;70;130
11;Thu Mar 14 21:17:43 2019;-23.5927969162167,-46.6198686148975;-23.592821821463,-46.6213078936006;-23.5928068 -46.6199011;-23.5927983 -46.6213146;167;70;129
12;Thu Mar 14 21:18:43 2019;-23.5927969162167,-46.6198686148975;-23.592821821463,-46.6213078936006;-23.5928068 -46.6199011;-23.5927983 -46.6213146;167;70;129
13;Thu Mar 14 21:19:43 2019;-23.5927969162167,-46.6198686148975;-23.592821821463,-46.6213078936006;-23.5928068 -46.6199011;-23.5927983 -46.6213146;167;70;129
14;Thu Mar 14 21:20:43 2019;-23.5927969162167,-46.6198686148975;-23.592821821463,-46.6213078936006;-23.5928068 -46.6199011;-23.5927983 -46.6213146;167;70;128
15;Thu Mar 14 21:21:44 2019;-23.5927969162167,-46.6198686148975;-23.592821821463,-46.6213078936006;-23.5928068 -46.6199011;-23.5927983 -46.6213146;167;70;127
16;Thu Mar 14 21:22:47 2019;-23.5927969162167,-46.6198686148975;-23.592821821463,-46.6213078936006;-23.5928068 -46.6199011;-23.5927983 -46.6213146;167;70;127
17;Thu Mar 14 21:23:43 2019;-23.5927969162167,-46.6198686148975;-23.592821821463,-46.6213078936006;-23.5928068 -46.6199011;-23.5927983 -46.6213146;167;70;127
18;Thu Mar 14 21:24:43 2019;-23.5927969162167,-46.6198686148975;-23.592821821463,-46.6213078936006;-23.5928068 -46.6199011;-23.5927983 -46.6213146;167;70;75
19;Thu Mar 14 21:25:43 2019;-23.5927969162167,-46.6198686148975;-23.592821821463,-46.6213078936006;-23.5928068 -46.6199011;-23.5927983 -46.6213146;167;70;75
20;Thu Mar 14 21:26:43 2019;-23.5927969162167,-46.6198686148975;-23.592821821463,-46.6213078936006;-23.5928068 -46.6199011;-23.5927983 -46.6213146;167;70;74
21;Thu Mar 14 21:27:43 2019;-23.5927969162167,-46.6198686148975;-23.592821821463,-46.6213078936006;-23.5928068 -46.6199011;-23.5927983 -46.6213146;167;70;74
22;Thu Mar 14 21:28:43 2019;-23.5927969162167,-46.6198686148975;-23.592821821463,-46.6213078936006;-23.5928068 -46.6199011;-23.5927983 -46.6213146;167;70;72
23;Thu Mar 14 21:29:43 2019;-23.5927969162167,-46.6198686148975;-23.592821821463,-46.6213078936006;-23.5928068 -46.6199011;-23.5927983 -46.6213146;167;70;72
24;Thu Mar 14 21:30:43 2019;-23.5927969162167,-46.6198686148975;-23.592821821463,-46.6213078936006;-23.5928068 -46.6199011;-23.5927983 -46.6213146;167;70;72
25;Thu Mar 14 21:31:43 2019;-23.5927969162167,-46.6198686148975;-23.592821821463,-46.6213078936006;-23.5928068 -46.6199011;-23.5927983 -46.6213146;167;70;106
26;Thu Mar 14 21:32:43 2019;-23.5927969162167,-46.6198686148975;-23.592821821463,-46.6213078936006;-23.5928068 -46.6199011;-23.5927983 -46.6213146;167;70;106
27;Thu Mar 14 21:33:43 2019;-23.5927969162167,-46.6198686148975;-23.592821821463,-46.6213078936006;-23.5928068 -46.6199011;-23.5927983 -46.6213146;167;70;106
28;Thu Mar 14 21:34:43 2019;-23.5927969162167,-46.6198686148975;-23.592821821463,-46.6213078936006;-23.5928068 -46.6199011;-23.5927983 -46.6213146;167;70;106
29;Thu Mar 14 21:35:43 2019;-23.5927969162167,-46.6198686148975;-23.592821821463,-46.6213078936006;-23.5928068 -46.6199011;-23.5927983 -46.6213146;167;70;126
30;Thu Mar 14 21:36:43 2019;-23.5927969162167,-46.6198686148975;-23.592821821463,-46.6213078936006;-23.5928068 -46.6199011;-23.5927983 -46.6213146;167;70;126
31;Thu Mar 14 21:37:48 2019;-23.5927969162167,-46.6198686148975;-23.592821821463,-46.6213078936006;-23.5928068 -46.6199011;-23.5927983 -46.6213146;167;70;126
32;Thu Mar 14 21:38:43 2019;-23.5927969162167,-46.6198686148975;-23.592821821463,-46.6213078936006;-23.5928068 -46.6199011;-23.5927983 -46.6213146;167;70;126
33;Thu Mar 14 21:39:43 2019;-23.5927969162167,-46.6198686148975;-23.592821821463,-46.6213078936006;-23.5928068 -46.6199011;-23.5927983 -46.6213146;167;70;126
34;Thu Mar 14 21:40:42 2019;-23.5927969162167,-46.6198686148975;-23.592821821463,-46.6213078936006;-23.5928068 -46.6199011;-23.5927983 -46.6213146;167;70;126
35;Thu Mar 14 21:41:43 2019;-23.5927969162167,-46.6198686148975;-23.592821821463,-46.6213078936006;-23.5928068 -46.6199011;-23.5927983 -46.6213146;167;70;120
36;Thu Mar 14 21:42:43 2019;-23.5927969162167,-46.6198686148975;-23.592821821463,-46.6213078936006;-23.5928068 -46.6199011;-23.5927983 -46.6213146;167;70;120
37;Thu Mar 14 21:43:43 2019;-23.5927969162167,-46.6198686148975;-23.592821821463,-46.6213078936006;-23.5928068 -46.6199011;-23.5927983 -46.6213146;167;70;120
38;Thu Mar 14 21:44:43 2019;-23.5927969162167,-46.6198686148975;-23.592821821463,-46.6213078936006;-23.5928068 -46.6199011;-23.5927983 -46.6213146;167;70;120
39;Thu Mar 14 21:45:43 2019;-23.5927969162167,-46.6198686148975;-23.592821821463,-46.6213078936006;-23.5928068 -46.6199011;-23.5927983 -46.6213146;167;70;130
40;Thu Mar 14 21:46:43 2019;-23.5927969162167,-46.6198686148975;-23.592821821463,-46.6213078936006;-23.5928068 -46.6199011;-23.5927983 -46.6213146;167;70;130
41;Thu Mar 14 21:47:43 2019;-23.5927969162167,-46.6198686148975;-23.592821821463,-46.6213078936006;-23.5928068 -46.6199011;-23.5927983 -46.6213146;167;70;126
42;Thu Mar 14 21:48:43 2019;-23.5927969162167,-46.6198686148975;-23.592821821463,-46.6213078936006;-23.5928068 -46.6199011;-23.5927983 -46.6213146;167;70;149
43;Thu Mar 14 21:49:43 2019;-23.5927969162167,-46.6198686148975;-23.592821821463,-46.6213078936006;-23.5928068 -46.6199011;-23.5927983 -46.6213146;167;70;68
44;Thu Mar 14 21:50:43 2019;-23.5927969162167,-46.6198686148975;-23.592821821463,-46.6213078936006;-23.5928068 -46.6199011;-23.5927983 -46.6213146;167;70;71
45;Thu Mar 14 21:51:43 2019;-23.5927969162167,-46.6198686148975;-23.592821821463,-46.6213078936006;-23.5928068 -46.6199011;-23.5927983 -46.6213146;167;70;64
46;Thu Mar 14 21:52:46 2019;-23.5927969162167,-46.6198686148975;-23.592821821463,-46.6213078936006;-23.5928068 -46.6199011;-23.5927983 -46.6213146;167;70;64
47;Thu Mar 14 21:53:43 2019;-23.5927969162167,-46.6198686148975;-23.592821821463,-46.6213078936006;-23.5928068 -46.6199011;-23.5927983 -46.6213146;167;70;62
48;Thu Mar 14 21:54:43 2019;-23.5927969162167,-46.6198686148975;-23.592821821463,-46.6213078936006;-23.5928068 -46.6199011;-23.5927983 -46.6213146;167;70;60
49;Thu Mar 14 21:55:43 2019;-23.5927969162167,-46.6198686148975;-23.592821821463,-46.6213078936006;-23.5928068 -46.6199011;-23.5927983 -46.6213146;167;70;61
50;Thu Mar 14 21:56:43 2019;-23.5927969162167,-46.6198686148975;-23.592821821463,-46.6213078936006;-23.5928068 -46.6199011;-23.5927983 -46.6213146;167;70;62
51;Thu Mar 14 21:57:43 2019;-23.5927969162167,-46.6198686148975;-23.592821821463,-46.6213078936006;-23.5928068 -46.6199011;-23.5927983 -46.6213146;167;70;63
52;Thu Mar 14 21:58:43 2019;-23.5927969162167,-46.6198686148975;-23.592821821463,-46.6213078936006;-23.5928068 -46.6199011;-23.5927983 -46.6213146;167;70;60
53;Thu Mar 14 21:59:43 2019;-23.5927969162167,-46.6198686148975;-23.592821821463,-46.6213078936006;-23.5928068 -46.6199011;-23.5927983 -46.6213146;167;70;60
54;Thu Mar 14 22:00:43 2019;-23.5927969162167,-46.6198686148975;-23.592821821463,-46.6213078936006;-23.5928068 -46.6199011;-23.5927983 -46.6213146;167;70;60
55;Thu Mar 14 22:01:43 2019;-23.5927969162167,-46.6198686148975;-23.592821821463,-46.6213078936006;-23.5928068 -46.6199011;-23.5927983 -46.6213146;167;70;60
56;Thu Mar 14 22:02:44 2019;-23.5927969162167,-46.6198686148975;-23.592821821463,-46.6213078936006;-23.5928068 -46.6199011;-23.5927983 -46.6213146;167;70;63
57;Thu Mar 14 22:03:43 2019;-23.5927969162167,-46.6198686148975;-23.592821821463,-46.6213078936006;-23.5928068 -46.6199011;-23.5927983 -46.6213146;167;70;63
58;Thu Mar 14 22:04:43 2019;-23.5927969162167,-46.6198686148975;-23.592821821463,-46.6213078936006;-23.5928068 -46.6199011;-23.5927983 -46.6213146;167;70;63
59;Thu Mar 14 22:05:43 2019;-23.5927969162167,-46.6198686148975;-23.592821821463,-46.6213078936006;-23.5928068 -46.6199011;-23.5927983 -46.6213146;167;70;62
60;Thu Mar 14 22:06:44 2019;-23.5927969162167,-46.6198686148975;-23.592821821463,-46.6213078936006;-23.5928068 -46.6199011;-23.5927983 -46.6213146;167;70;61
61;Thu Mar 14 22:07:46 2019;-23.5927969162167,-46.6198686148975;-23.592821821463,-46.6213078936006;-23.5928068 -46.6199011;-23.5927983 -46.6213146;167;70;60
62;Thu Mar 14 22:08:43 2019;-23.5927969162167,-46.6198686148975;-23.592821821463,-46.6213078936006;-23.5928068 -46.6199011;-23.5927983 -46.6213146;167;70;60
63;Thu Mar 14 22:09:43 2019;-23.5927969162167,-46.6198686148975;-23.592821821463,-46.6213078936006;-23.5928068 -46.6199011;-23.5927983 -46.6213146;167;70;60
64;Thu Mar 14 22:10:43 2019;-23.5927969162167,-46.6198686148975;-23.592821821463,-46.6213078936006;-23.5928068 -46.6199011;-23.5927983 -46.6213146;167;70;63
65;Thu Mar 14 22:11:43 2019;-23.5927969162167,-46.6198686148975;-23.592821821463,-46.6213078936006;-23.5928068 -46.6199011;-23.5927983 -46.6213146;167;70;63
66;Thu Mar 14 22:12:43 2019;-23.5927969162167,-46.6198686148975;-23.592821821463,-46.6213078936006;-23.5928068 -46.6199011;-23.5927983 -46.6213146;167;70;63
67;Thu Mar 14 22:13:43 2019;-23.5927969162167,-46.6198686148975;-23.592821821463,-46.6213078936006;-23.5928068 -46.6199011;-23.5927983 -46.6213146;167;70;79
68;Thu Mar 14 22:14:43 2019;-23.5927969162167,-46.6198686148975;-23.592821821463,-46.6213078936006;-23.5928068 -46.6199011;-23.5927983 -46.6213146;167;70;79
69;Thu Mar 14 22:15:43 2019;-23.5927969162167,-46.6198686148975;-23.592821821463,-46.6213078936006;-23.5928068 -46.6199011;-23.5927983 -46.6213146;167;70;87
70;Thu Mar 14 22:16:43 2019;-23.5927969162167,-46.6198686148975;-23.592821821463,-46.6213078936006;-23.5928068 -46.6199011;-23.5927983 -46.6213146;167;70;67
71;Thu Mar 14 22:17:43 2019;-23.5927969162167,-46.6198686148975;-23.592821821463,-46.6213078936006;-23.5928068 -46.6199011;-23.5927983 -46.6213146;167;70;88
72;Thu Mar 14 22:18:43 2019;-23.5927969162167,-46.6198686148975;-23.592821821463,-46.6213078936006;-23.5928068 -46.6199011;-23.5927983 -46.6213146;167;70;88
73;Thu Mar 14 22:19:43 2019;-23.5927969162167,-46.6198686148975;-23.592821821463,-46.6213078936006;-23.5928068 -46.6199011;-23.5927983 -46.6213146;167;70;85
74;Thu Mar 14 22:20:43 2019;-23.5927969162167,-46.6198686148975;-23.592821821463,-46.6213078936006;-23.5928068 -46.6199011;-23.5927983 -46.6213146;167;70;93
75;Thu Mar 14 22:21:43 2019;-23.5927969162167,-46.6198686148975;-23.592821821463,-46.6213078936006;-23.5928068 -46.6199011;-23.5927983 -46.6213146;167;70;106
76;Thu Mar 14 22:22:47 2019;-23.5927969162167,-46.6198686148975;-23.592821821463,-46.6213078936006;-23.5928068 -46.6199011;-23.5927983 -46.6213146;167;70;106
77;Thu Mar 14 22:23:43 2019;-23.5927969162167,-46.6198686148975;-23.592821821463,-46.6213078936006;-23.5928068 -46.6199011;-23.5927983 -46.6213146;167;70;126
78;Thu Mar 14 22:24:42 2019;-23.5927969162167,-46.6198686148975;-23.592821821463,-46.6213078936006;-23.5928068 -46.6199011;-23.5927983 -46.6213146;167;70;126
79;Thu Mar 14 22:25:43 2019;-23.5927969162167,-46.6198686148975;-23.592821821463,-46.6213078936006;-23.5928068 -46.6199011;-23.5927983 -46.6213146;167;70;119
80;Thu Mar 14 22:26:43 2019;-23.5927969162167,-46.6198686148975;-23.592821821463,-46.6213078936006;-23.5928068 -46.6199011;-23.5927983 -46.6213146;167;70;105
81;Thu Mar 14 22:27:43 2019;-23.5927969162167,-46.6198686148975;-23.592821821463,-46.6213078936006;-23.5928068 -46.6199011;-23.5927983 -46.6213146;167;70;94
82;Thu Mar 14 22:28:43 2019;-23.5927969162167,-46.6198686148975;-23.592821821463,-46.6213078936006;-23.5928068 -46.6199011;-23.5927983 -46.6213146;167;70;97
83;Thu Mar 14 22:29:43 2019;-23.5927969162167,-46.6198686148975;-23.592821821463,-46.6213078936006;-23.5928068 -46.6199011;-23.5927983 -46.6213146;167;70;97
84;Thu Mar 14 22:30:43 2019;-23.5927969162167,-46.6198686148975;-23.592821821463,-46.6213078936006;-23.5928068 -46.6199011;-23.5927983 -46.6213146;167;70;95
85;Thu Mar 14 22:31:44 2019;-23.5927969162167,-46.6198686148975;-23.592821821463,-46.6213078936006;-23.5928068 -46.6199011;-23.5927983 -46.6213146;167;70;109
86;Thu Mar 14 22:32:43 2019;-23.5927969162167,-46.6198686148975;-23.592821821463,-46.6213078936006;-23.5928068 -46.6199011;-23.5927983 -46.6213146;167;70;76
87;Thu Mar 14 22:33:43 2019;-23.5927969162167,-46.6198686148975;-23.592821821463,-46.6213078936006;-23.5928068 -46.6199011;-23.5927983 -46.6213146;167;70;76
88;Thu Mar 14 22:34:43 2019;-23.5927969162167,-46.6198686148975;-23.592821821463,-46.6213078936006;-23.5928068 -46.6199011;-23.5927983 -46.6213146;167;70;74
89;Thu Mar 14 22:35:42 2019;-23.5927969162167,-46.6198686148975;-23.592821821463,-46.6213078936006;-23.5928068 -46.6199011;-23.5927983 -46.6213146;167;70;74
90;Thu Mar 14 22:36:43 2019;-23.5927969162167,-46.6198686148975;-23.592821821463,-46.6213078936006;-23.5928068 -46.6199011;-23.5927983 -46.6213146;167;70;114
91;Thu Mar 14 22:37:47 2019;-23.5927969162167,-46.6198686148975;-23.592821821463,-46.6213078936006;-23.5928068 -46.6199011;-23.5927983 -46.6213146;167;70;114
92;Thu Mar 14 22:38:43 2019;-23.5927969162167,-46.6198686148975;-23.592821821463,-46.6213078936006;-23.5928068 -46.6199011;-23.5927983 -46.6213146;167;70;114
93;Thu Mar 14 22:39:43 2019;-23.5927969162167,-46.6198686148975;-23.592821821463,-46.6213078936006;-23.5928068 -46.6199011;-23.5927983 -46.6213146;167;70;94
94;Thu Mar 14 22:40:44 2019;-23.5927969162167,-46.6198686148975;-23.592821821463,-46.6213078936006;-23.5928068 -46.6199011;-23.5927983 -46.6213146;167;70;60
95;Thu Mar 14 22:41:43 2019;-23.5927969162167,-46.6198686148975;-23.592821821463,-46.6213078936006;-23.5928068 -46.6199011;-23.5927983 -46.6213146;167;70;61
96;Thu Mar 14 22:42:43 2019;-23.5927969162167,-46.6198686148975;-23.592821821463,-46.6213078936006;-23.5928068 -46.6199011;-23.5927983 -46.6213146;167;70;60
97;Thu Mar 14 22:43:43 2019;-23.5927969162167,-46.6198686148975;-23.592821821463,-46.6213078936006;-23.5928068 -46.6199011;-23.5927983 -46.6213146;167;70;95
98;Thu Mar 14 22:44:43 2019;-23.5927969162167,-46.6198686148975;-23.592821821463,-46.6213078936006;-23.5928068 -46.6199011;-23.5927983 -46.6213146;167;70;93
99;Thu Mar 14 22:45:43 2019;-23.5927969162167,-46.6198686148975;-23.592821821463,-46.6213078936006;-23.5928068 -46.6199011;-23.5927983 -46.6213146;167;70;93
100;Thu Mar 14 22:46:43 2019;-23.5927969162167,-46.6198686148975;-23.592821821463,-46.6213078936006;-23.5928068 -46.6199011;-23.5927983 -46.6213146;167;70;62
101;Thu Mar 14 22:47:43 2019;-23.5927969162167,-46.6198686148975;-23.592821821463,-46.6213078936006;-23.5928068 -46.6199011;-23.5927983 -46.6213146;167;70;87
102;Thu Mar 14 22:48:43 2019;-23.5927969162167,-46.6198686148975;-23.592821821463,-46.6213078936006;-23.5928068 -46.6199011;-23.5927983 -46.6213146;167;70;87
103;Thu Mar 14 22:49:44 2019;-23.5927969162167,-46.6198686148975;-23.592821821463,-46.6213078936006;-23.5928068 -46.6199011;-23.5927983 -46.6213146;167;70;87
104;Thu Mar 14 22:50:43 2019;-23.5927969162167,-46.6198686148975;-23.592821821463,-46.6213078936006;-23.5928068 -46.6199011;-23.5927983 -46.6213146;167;70;62
105;Thu Mar 14 22:51:43 2019;-23.5927969162167,-46.6198686148975;-23.592821821463,-46.6213078936006;-23.5928068 -46.6199011;-23.5927983 -46.6213146;167;70;62
106;Thu Mar 14 22:52:48 2019;-23.5927969162167,-46.6198686148975;-23.592821821463,-46.6213078936006;-23.5928068 -46.6199011;-23.5927983 -46.6213146;167;70;63
107;Thu Mar 14 22:53:43 2019;-23.5927969162167,-46.6198686148975;-23.592821821463,-46.6213078936006;-23.5928068 -46.6199011;-23.5927983 -46.6213146;167;70;63
108;Thu Mar 14 22:54:43 2019;-23.5927969162167,-46.6198686148975;-23.592821821463,-46.6213078936006;-23.5928068 -46.6199011;-23.5927983 -46.6213146;167;70;62
109;Thu Mar 14 22:55:43 2019;-23.5927969162167,-46.6198686148975;-23.592821821463,-46.6213078936006;-23.5928068 -46.6199011;-23.5927983 -46.6213146;167;70;67
110;Thu Mar 14 22:56:43 2019;-23.5927969162167,-46.6198686148975;-23.592821821463,-46.6213078936006;-23.5928068 -46.6199011;-23.5927983 -46.6213146;167;70;66
111;Thu Mar 14 22:57:44 2019;-23.5927969162167,-46.6198686148975;-23.592821821463,-46.6213078936006;-23.5928068 -46.6199011;-23.5927983 -46.6213146;167;70;66
112;Thu Mar 14 22:58:43 2019;-23.5927969162167,-46.6198686148975;-23.592821821463,-46.6213078936006;-23.5928068 -46.6199011;-23.5927983 -46.6213146;167;70;66
113;Thu Mar 14 22:59:43 2019;-23.5927969162167,-46.6198686148975;-23.592821821463,-46.6213078936006;-23.5928068 -46.6199011;-23.5927983 -46.6213146;167;70;66
114;Thu Mar 14 23:00:43 2019;-23.5927969162167,-46.6198686148975;-23.592821821463,-46.6213078936006;-23.5928068 -46.6199011;-23.5927983 -46.6213146;167;70;66
115;Thu Mar 14 23:01:43 2019;-23.5927969162167,-46.6198686148975;-23.592821821463,-46.6213078936006;-23.5928068 -46.6199011;-23.5927983 -46.6213146;167;70;66
116;Thu Mar 14 23:02:43 2019;-23.5927969162167,-46.6198686148975;-23.592821821463,-46.6213078936006;-23.5928068 -46.6199011;-23.5927983 -46.6213146;167;70;62
117;Thu Mar 14 23:03:42 2019;-23.5927969162167,-46.6198686148975;-23.592821821463,-46.6213078936006;-23.5928068 -46.6199011;-23.5927983 -46.6213146;167;70;64
118;Thu Mar 14 23:04:43 2019;-23.5927969162167,-46.6198686148975;-23.592821821463,-46.6213078936006;-23.5928068 -46.6199011;-23.5927983 -46.6213146;167;70;63
119;Thu Mar 14 23:05:43 2019;-23.5927969162167,-46.6198686148975;-23.592821821463,-46.6213078936006;-23.5928068 -46.6199011;-23.5927983 -46.6213146;167;70;76
120;Thu Mar 14 23:06:42 2019;-23.5927969162167,-46.6198686148975;-23.592821821463,-46.6213078936006;-23.5928068 -46.6199011;-23.5927983 -46.6213146;167;70;63
121;Thu Mar 14 23:07:47 2019;-23.5927969162167,-46.6198686148975;-23.592821821463,-46.6213078936006;-23.5928068 -46.6199011;-23.5927983 -46.6213146;167;70;63
122;Thu Mar 14 23:08:43 2019;-23.5927969162167,-46.6198686148975;-23.592821821463,-46.6213078936006;-23.5928068 -46.6199011;-23.5927983 -46.6213146;167;70;62
123;Thu Mar 14 23:09:43 2019;-23.5927969162167,-46.6198686148975;-23.592821821463,-46.6213078936006;-23.5928068 -46.6199011;-23.5927983 -46.6213146;167;70;60
124;Thu Mar 14 23:10:43 2019;-23.5927969162167,-46.6198686148975;-23.592821821463,-46.6213078936006;-23.5928068 -46.6199011;-23.5927983 -46.6213146;167;70;65
125;Thu Mar 14 23:11:43 2019;-23.5927969162167,-46.6198686148975;-23.592821821463,-46.6213078936006;-23.5928068 -46.6199011;-23.5927983 -46.6213146;167;70;65
126;Thu Mar 14 23:12:43 2019;-23.5927969162167,-46.6198686148975;-23.592821821463,-46.6213078936006;-23.5928068 -46.6199011;-23.5927983 -46.6213146;167;70;65
127;Thu Mar 14 23:13:42 2019;-23.5927969162167,-46.6198686148975;-23.592821821463,-46.6213078936006;-23.5928068 -46.6199011;-23.5927983 -46.6213146;167;70;64
128;Thu Mar 14 23:14:43 2019;-23.5927969162167,-46.6198686148975;-23.592821821463,-46.6213078936006;-23.5928068 -46.6199011;-23.5927983 -46.6213146;167;70;63
129;Thu Mar 14 23:15:43 2019;-23.5927969162167,-46.6198686148975;-23.592821821463,-46.6213078936006;-23.5928068 -46.6199011;-23.5927983 -46.6213146;167;70;63
130;Thu Mar 14 23:16:43 2019;-23.5927969162167,-46.6198686148975;-23.592821821463,-46.6213078936006;-23.5928068 -46.6199011;-23.5927983 -46.6213146;167;70;63
131;Thu Mar 14 23:17:43 2019;-23.5927969162167,-46.6198686148975;-23.592821821463,-46.6213078936006;-23.5928068 -46.6199011;-23.5927983 -46.6213146;167;70;105
132;Thu Mar 14 23:18:43 2019;-23.5927969162167,-46.6198686148975;-23.592821821463,-46.6213078936006;-23.5928068 -46.6199011;-23.5927983 -46.6213146;167;70;105
133;Thu Mar 14 23:19:42 2019;-23.5927969162167,-46.6198686148975;-23.592821821463,-46.6213078936006;-23.5928068 -46.6199011;-23.5927983 -46.6213146;167;70;86
134;Thu Mar 14 23:20:43 2019;-23.5927969162167,-46.6198686148975;-23.592821821463,-46.6213078936006;-23.5928068 -46.6199011;-23.5927983 -46.6213146;167;70;63
135;Thu Mar 14 23:21:43 2019;-23.5927969162167,-46.6198686148975;-23.592821821463,-46.6213078936006;-23.5928068 -46.6199011;-23.5927983 -46.6213146;167;70;64
136;Thu Mar 14 23:22:46 2019;-23.5927969162167,-46.6198686148975;-23.592821821463,-46.6213078936006;-23.5928068 -46.6199011;-23.5927983 -46.6213146;167;70;67
137;Thu Mar 14 23:23:43 2019;-23.5927969162167,-46.6198686148975;-23.592821821463,-46.6213078936006;-23.5928068 -46.6199011;-23.5927983 -46.6213146;167;70;67
138;Thu Mar 14 23:24:43 2019;-23.5927969162167,-46.6198686148975;-23.592821821463,-46.6213078936006;-23.5928068 -46.6199011;-23.5927983 -46.6213146;167;70;65
139;Thu Mar 14 23:25:43 2019;-23.5927969162167,-46.6198686148975;-23.592821821463,-46.6213078936006;-23.5928068 -46.6199011;-23.5927983 -46.6213146;167;70;65
140;Thu Mar 14 23:26:43 2019;-23.5927969162167,-46.6198686148975;-23.592821821463,-46.6213078936006;-23.5928068 -46.6199011;-23.5927983 -46.6213146;167;70;66
141;Thu Mar 14 23:27:43 2019;-23.5927969162167,-46.6198686148975;-23.592821821463,-46.6213078936006;-23.5928068 -46.6199011;-23.5927983 -46.6213146;167;70;63
142;Thu Mar 14 23:28:43 2019;-23.5927969162167,-46.6198686148975;-23.592821821463,-46.6213078936006;-23.5928068 -46.6199011;-23.5927983 -46.6213146;167;70;64
143;Thu Mar 14 23:29:42 2019;-23.5927969162167,-46.6198686148975;-23.592821821463,-46.6213078936006;-23.5928068 -46.6199011;-23.5927983 -46.6213146;167;70;64
144;Thu Mar 14 23:30:43 2019;-23.5927969162167,-46.6198686148975;-23.592821821463,-46.6213078936006;-23.5928068 -46.6199011;-23.5927983 -46.6213146;167;70;64
145;Thu Mar 14 23:31:43 2019;-23.5927969162167,-46.6198686148975;-23.592821821463,-46.6213078936006;-23.5928068 -46.6199011;-23.5927983 -46.6213146;167;70;63
146;Thu Mar 14 23:32:43 2019;-23.5927969162167,-46.6198686148975;-23.592821821463,-46.6213078936006;-23.5928068 -46.6199011;-23.5927983 -46.6213146;167;70;61
147;Thu Mar 14 23:33:43 2019;-23.5927969162167,-46.6198686148975;-23.592821821463,-46.6213078936006;-23.5928068 -46.6199011;-23.5927983 -46.6213146;167;70;62
148;Thu Mar 14 23:34:42 2019;-23.5927969162167,-46.6198686148975;-23.592821821463,-46.6213078936006;-23.5928068 -46.6199011;-23.5927983 -46.6213146;167;70;64
149;Thu Mar 14 23:35:43 2019;-23.5927969162167,-46.6198686148975;-23.592821821463,-46.6213078936006;-23.5928068 -46.6199011;-23.5927983 -46.6213146;167;70;64
150;Thu Mar 14 23:36:43 2019;-23.5927969162167,-46.6198686148975;-23.592821821463,-46.6213078936006;-23.5928068 -46.6199011;-23.5927983 -46.6213146;167;70;64
151;Thu Mar 14 23:37:46 2019;-23.5927969162167,-46.6198686148975;-23.592821821463,-46.6213078936006;-23.5928068 -46.6199011;-23.5927983 -46.6213146;167;70;64
152;Thu Mar 14 23:38:43 2019;-23.5927969162167,-46.6198686148975;-23.592821821463,-46.6213078936006;-23.5928068 -46.6199011;-23.5927983 -46.6213146;167;70;64
153;Thu Mar 14 23:39:43 2019;-23.5927969162167,-46.6198686148975;-23.592821821463,-46.6213078936006;-23.5928068 -46.6199011;-23.5927983 -46.6213146;167;70;64
154;Thu Mar 14 23:40:42 2019;-23.5927969162167,-46.6198686148975;-23.592821821463,-46.6213078936006;-23.5928068 -46.6199011;-23.5927983 -46.6213146;167;70;64
155;Thu Mar 14 23:41:43 2019;-23.5927969162167,-46.6198686148975;-23.592821821463,-46.6213078936006;-23.5928068 -46.6199011;-23.5927983 -46.6213146;167;70;66
156;Thu Mar 14 23:42:43 2019;-23.5927969162167,-46.6198686148975;-23.592821821463,-46.6213078936006;-23.5928068 -46.6199011;-23.5927983 -46.6213146;167;70;66
157;Thu Mar 14 23:43:43 2019;-23.5927969162167,-46.6198686148975;-23.592821821463,-46.6213078936006;-23.5928068 -46.6199011;-23.5927983 -46.6213146;167;70;68
158;Thu Mar 14 23:44:43 2019;-23.5927969162167,-46.6198686148975;-23.592821821463,-46.6213078936006;-23.5928068 -46.6199011;-23.5927983 -46.6213146;167;70;85
159;Thu Mar 14 23:45:42 2019;-23.5927969162167,-46.6198686148975;-23.592821821463,-46.6213078936006;-23.5928068 -46.6199011;-23.5927983 -46.6213146;167;70;85
160;Thu Mar 14 23:46:43 2019;-23.5927969162167,-46.6198686148975;-23.592821821463,-46.6213078936006;-23.5928068 -46.6199011;-23.5927983 -46.6213146;167;70;84
161;Thu Mar 14 23:47:43 2019;-23.5927969162167,-46.6198686148975;-23.592821821463,-46.6213078936006;-23.5928068 -46.6199011;-23.5927983 -46.6213146;167;70;84
162;Thu Mar 14 23:48:43 2019;-23.5927969162167,-46.6198686148975;-23.592821821463,-46.6213078936006;-23.5928068 -46.6199011;-23.5927983 -46.6213146;167;70;84
163;Thu Mar 14 23:49:43 2019;-23.5927969162167,-46.6198686148975;-23.592821821463,-46.6213078936006;-23.5928068 -46.6199011;-23.5927983 -46.6213146;167;70;84
164;Thu Mar 14 23:50:43 2019;-23.5927969162167,-46.6198686148975;-23.592821821463,-46.6213078936006;-23.5928068 -46.6199011;-23.5927983 -46.6213146;167;70;84
165;Thu Mar 14 23:51:43 2019;-23.5927969162167,-46.6198686148975;-23.592821821463,-46.6213078936006;-23.5928068 -46.6199011;-23.5927983 -46.6213146;167;70;61
166;Thu Mar 14 23:52:46 2019;-23.5927969162167,-46.6198686148975;-23.592821821463,-46.6213078936006;-23.5928068 -46.6199011;-23.5927983 -46.6213146;167;70;61
167;Thu Mar 14 23:53:43 2019;-23.5927969162167,-46.6198686148975;-23.592821821463,-46.6213078936006;-23.5928068 -46.6199011;-23.5927983 -46.6213146;167;70;61
168;Thu Mar 14 23:54:42 2019;-23.5927969162167,-46.6198686148975;-23.592821821463,-46.6213078936006;-23.5928068 -46.6199011;-23.5927983 -46.6213146;167;70;59
169;Thu Mar 14 23:55:43 2019;-23.5927969162167,-46.6198686148975;-23.592821821463,-46.6213078936006;-23.5928068 -46.6199011;-23.5927983 -46.6213146;167;70;59
170;Thu Mar 14 23:56:43 2019;-23.5927969162167,-46.6198686148975;-23.592821821463,-46.6213078936006;-23.5928068 -46.6199011;-23.5927983 -46.6213146;167;70;59
171;Thu Mar 14 23:57:43 2019;-23.5927969162167,-46.6198686148975;-23.592821821463,-46.6213078936006;-23.5928068 -46.6199011;-23.5927983 -46.6213146;167;70;59
172;Thu Mar 14 23:58:43 2019;-23.5927969162167,-46.6198686148975;-23.592821821463,-46.6213078936006;-23.5928068 -46.6199011;-23.5927983 -46.6213146;167;70;59
173;Thu Mar 14 23:59:43 2019;-23.5927969162167,-46.6198686148975;-23.592821821463,-46.6213078936006;-23.5928068 -46.6199011;-23.5927983 -46.6213146;167;70;59
