38972;Thu Mar 14 00:00:08 2019;-23.6137285082604,-46.6103523570251;-23.6121143257974,-46.6106921074617;-23.6137299 -46.6103525;-23.6121163 -46.6107074;204;25;22
39213;Thu Mar 14 04:01:11 2019;-23.6137285082604,-46.6103523570251;-23.6121143257974,-46.6106921074617;-23.6137299 -46.6103525;-23.6121163 -46.6107074;204;25;22
39214;Thu Mar 14 04:02:08 2019;-23.6137285082604,-46.6103523570251;-23.6121143257974,-46.6106921074617;-23.6137299 -46.6103525;-23.6121163 -46.6107074;204;25;22
39215;Thu Mar 14 04:03:09 2019;-23.6137285082604,-46.6103523570251;-23.6121143257974,-46.6106921074617;-23.6137299 -46.6103525;-23.6121163 -46.6107074;204;25;22
39216;Thu Mar 14 04:04:08 2019;-23.6137285082604,-46.6103523570251;-23.6121143257974,-46.6106921074617;-23.6137299 -46.6103525;-23.6121163 -46.6107074;204;25;22
39217;Thu Mar 14 04:05:08 2019;-23.6137285082604,-46.6103523570251;-23.6121143257974,-46.6106921074617;-23.6137299 -46.6103525;-23.6121163 -46.6107074;204;25;22
39218;Thu Mar 14 04:06:08 2019;-23.6137285082604,-46.6103523570251;-23.6121143257974,-46.6106921074617;-23.6137299 -46.6103525;-23.6121163 -46.6107074;204;25;22
39219;Thu Mar 14 04:07:09 2019;-23.6137285082604,-46.6103523570251;-23.6121143257974,-46.6106921074617;-23.6137299 -46.6103525;-23.6121163 -46.6107074;204;25;22
39220;Thu Mar 14 04:08:08 2019;-23.6137285082604,-46.6103523570251;-23.6121143257974,-46.6106921074617;-23.6137299 -46.6103525;-23.6121163 -46.6107074;204;25;22
39221;Thu Mar 14 04:09:08 2019;-23.6137285082604,-46.6103523570251;-23.6121143257974,-46.6106921074617;-23.6137299 -46.6103525;-23.6121163 -46.6107074;204;25;22
39222;Thu Mar 14 04:10:09 2019;-23.6137285082604,-46.6103523570251;-23.6121143257974,-46.6106921074617;-23.6137299 -46.6103525;-23.6121163 -46.6107074;204;25;22
1;Thu Mar 14 21:07:46 2019;-23.6137285082604,-46.6103523570251;-23.6121143257974,-46.6106921074617;-23.6137299 -46.6103525;-23.6121163 -46.6107074;204;25;25
2;Thu Mar 14 21:08:45 2019;-23.6137285082604,-46.6103523570251;-23.6121143257974,-46.6106921074617;-23.6137299 -46.6103525;-23.6121163 -46.6107074;204;25;25
3;Thu Mar 14 21:09:42 2019;-23.6137285082604,-46.6103523570251;-23.6121143257974,-46.6106921074617;-23.6137299 -46.6103525;-23.6121163 -46.6107074;204;25;25
4;Thu Mar 14 21:10:42 2019;-23.6137285082604,-46.6103523570251;-23.6121143257974,-46.6106921074617;-23.6137299 -46.6103525;-23.6121163 -46.6107074;204;25;25
5;Thu Mar 14 21:11:42 2019;-23.6137285082604,-46.6103523570251;-23.6121143257974,-46.6106921074617;-23.6137299 -46.6103525;-23.6121163 -46.6107074;204;25;25
6;Thu Mar 14 21:12:41 2019;-23.6137285082604,-46.6103523570251;-23.6121143257974,-46.6106921074617;-23.6137299 -46.6103525;-23.6121163 -46.6107074;204;25;25
7;Thu Mar 14 21:13:42 2019;-23.6137285082604,-46.6103523570251;-23.6121143257974,-46.6106921074617;-23.6137299 -46.6103525;-23.6121163 -46.6107074;204;25;25
8;Thu Mar 14 21:14:42 2019;-23.6137285082604,-46.6103523570251;-23.6121143257974,-46.6106921074617;-23.6137299 -46.6103525;-23.6121163 -46.6107074;204;25;25
9;Thu Mar 14 21:15:42 2019;-23.6137285082604,-46.6103523570251;-23.6121143257974,-46.6106921074617;-23.6137299 -46.6103525;-23.6121163 -46.6107074;204;25;25
10;Thu Mar 14 21:16:42 2019;-23.6137285082604,-46.6103523570251;-23.6121143257974,-46.6106921074617;-23.6137299 -46.6103525;-23.6121163 -46.6107074;204;25;25
11;Thu Mar 14 21:17:42 2019;-23.6137285082604,-46.6103523570251;-23.6121143257974,-46.6106921074617;-23.6137299 -46.6103525;-23.6121163 -46.6107074;204;25;25
12;Thu Mar 14 21:18:42 2019;-23.6137285082604,-46.6103523570251;-23.6121143257974,-46.6106921074617;-23.6137299 -46.6103525;-23.6121163 -46.6107074;204;25;25
13;Thu Mar 14 21:19:42 2019;-23.6137285082604,-46.6103523570251;-23.6121143257974,-46.6106921074617;-23.6137299 -46.6103525;-23.6121163 -46.6107074;204;25;25
14;Thu Mar 14 21:20:42 2019;-23.6137285082604,-46.6103523570251;-23.6121143257974,-46.6106921074617;-23.6137299 -46.6103525;-23.6121163 -46.6107074;204;25;25
15;Thu Mar 14 21:21:43 2019;-23.6137285082604,-46.6103523570251;-23.6121143257974,-46.6106921074617;-23.6137299 -46.6103525;-23.6121163 -46.6107074;204;25;25
16;Thu Mar 14 21:22:44 2019;-23.6137285082604,-46.6103523570251;-23.6121143257974,-46.6106921074617;-23.6137299 -46.6103525;-23.6121163 -46.6107074;204;25;25
17;Thu Mar 14 21:23:42 2019;-23.6137285082604,-46.6103523570251;-23.6121143257974,-46.6106921074617;-23.6137299 -46.6103525;-23.6121163 -46.6107074;204;25;25
18;Thu Mar 14 21:24:42 2019;-23.6137285082604,-46.6103523570251;-23.6121143257974,-46.6106921074617;-23.6137299 -46.6103525;-23.6121163 -46.6107074;204;25;25
19;Thu Mar 14 21:25:42 2019;-23.6137285082604,-46.6103523570251;-23.6121143257974,-46.6106921074617;-23.6137299 -46.6103525;-23.6121163 -46.6107074;204;25;25
20;Thu Mar 14 21:26:42 2019;-23.6137285082604,-46.6103523570251;-23.6121143257974,-46.6106921074617;-23.6137299 -46.6103525;-23.6121163 -46.6107074;204;25;25
21;Thu Mar 14 21:27:42 2019;-23.6137285082604,-46.6103523570251;-23.6121143257974,-46.6106921074617;-23.6137299 -46.6103525;-23.6121163 -46.6107074;204;25;24
22;Thu Mar 14 21:28:42 2019;-23.6137285082604,-46.6103523570251;-23.6121143257974,-46.6106921074617;-23.6137299 -46.6103525;-23.6121163 -46.6107074;204;25;24
23;Thu Mar 14 21:29:42 2019;-23.6137285082604,-46.6103523570251;-23.6121143257974,-46.6106921074617;-23.6137299 -46.6103525;-23.6121163 -46.6107074;204;25;25
24;Thu Mar 14 21:30:42 2019;-23.6137285082604,-46.6103523570251;-23.6121143257974,-46.6106921074617;-23.6137299 -46.6103525;-23.6121163 -46.6107074;204;25;25
25;Thu Mar 14 21:31:42 2019;-23.6137285082604,-46.6103523570251;-23.6121143257974,-46.6106921074617;-23.6137299 -46.6103525;-23.6121163 -46.6107074;204;25;25
26;Thu Mar 14 21:32:42 2019;-23.6137285082604,-46.6103523570251;-23.6121143257974,-46.6106921074617;-23.6137299 -46.6103525;-23.6121163 -46.6107074;204;25;25
27;Thu Mar 14 21:33:42 2019;-23.6137285082604,-46.6103523570251;-23.6121143257974,-46.6106921074617;-23.6137299 -46.6103525;-23.6121163 -46.6107074;204;25;25
28;Thu Mar 14 21:34:42 2019;-23.6137285082604,-46.6103523570251;-23.6121143257974,-46.6106921074617;-23.6137299 -46.6103525;-23.6121163 -46.6107074;204;25;25
29;Thu Mar 14 21:35:42 2019;-23.6137285082604,-46.6103523570251;-23.6121143257974,-46.6106921074617;-23.6137299 -46.6103525;-23.6121163 -46.6107074;204;25;25
30;Thu Mar 14 21:36:42 2019;-23.6137285082604,-46.6103523570251;-23.6121143257974,-46.6106921074617;-23.6137299 -46.6103525;-23.6121163 -46.6107074;204;25;25
31;Thu Mar 14 21:37:45 2019;-23.6137285082604,-46.6103523570251;-23.6121143257974,-46.6106921074617;-23.6137299 -46.6103525;-23.6121163 -46.6107074;204;25;24
32;Thu Mar 14 21:38:42 2019;-23.6137285082604,-46.6103523570251;-23.6121143257974,-46.6106921074617;-23.6137299 -46.6103525;-23.6121163 -46.6107074;204;25;24
33;Thu Mar 14 21:39:42 2019;-23.6137285082604,-46.6103523570251;-23.6121143257974,-46.6106921074617;-23.6137299 -46.6103525;-23.6121163 -46.6107074;204;25;24
34;Thu Mar 14 21:40:42 2019;-23.6137285082604,-46.6103523570251;-23.6121143257974,-46.6106921074617;-23.6137299 -46.6103525;-23.6121163 -46.6107074;204;25;24
35;Thu Mar 14 21:41:42 2019;-23.6137285082604,-46.6103523570251;-23.6121143257974,-46.6106921074617;-23.6137299 -46.6103525;-23.6121163 -46.6107074;204;25;24
36;Thu Mar 14 21:42:42 2019;-23.6137285082604,-46.6103523570251;-23.6121143257974,-46.6106921074617;-23.6137299 -46.6103525;-23.6121163 -46.6107074;204;25;24
37;Thu Mar 14 21:43:42 2019;-23.6137285082604,-46.6103523570251;-23.6121143257974,-46.6106921074617;-23.6137299 -46.6103525;-23.6121163 -46.6107074;204;25;24
38;Thu Mar 14 21:44:42 2019;-23.6137285082604,-46.6103523570251;-23.6121143257974,-46.6106921074617;-23.6137299 -46.6103525;-23.6121163 -46.6107074;204;25;24
39;Thu Mar 14 21:45:42 2019;-23.6137285082604,-46.6103523570251;-23.6121143257974,-46.6106921074617;-23.6137299 -46.6103525;-23.6121163 -46.6107074;204;25;24
40;Thu Mar 14 21:46:42 2019;-23.6137285082604,-46.6103523570251;-23.6121143257974,-46.6106921074617;-23.6137299 -46.6103525;-23.6121163 -46.6107074;204;25;24
41;Thu Mar 14 21:47:42 2019;-23.6137285082604,-46.6103523570251;-23.6121143257974,-46.6106921074617;-23.6137299 -46.6103525;-23.6121163 -46.6107074;204;25;24
42;Thu Mar 14 21:48:42 2019;-23.6137285082604,-46.6103523570251;-23.6121143257974,-46.6106921074617;-23.6137299 -46.6103525;-23.6121163 -46.6107074;204;25;24
43;Thu Mar 14 21:49:42 2019;-23.6137285082604,-46.6103523570251;-23.6121143257974,-46.6106921074617;-23.6137299 -46.6103525;-23.6121163 -46.6107074;204;25;24
44;Thu Mar 14 21:50:42 2019;-23.6137285082604,-46.6103523570251;-23.6121143257974,-46.6106921074617;-23.6137299 -46.6103525;-23.6121163 -46.6107074;204;25;24
45;Thu Mar 14 21:51:42 2019;-23.6137285082604,-46.6103523570251;-23.6121143257974,-46.6106921074617;-23.6137299 -46.6103525;-23.6121163 -46.6107074;204;25;24
46;Thu Mar 14 21:52:44 2019;-23.6137285082604,-46.6103523570251;-23.6121143257974,-46.6106921074617;-23.6137299 -46.6103525;-23.6121163 -46.6107074;204;25;25
47;Thu Mar 14 21:53:42 2019;-23.6137285082604,-46.6103523570251;-23.6121143257974,-46.6106921074617;-23.6137299 -46.6103525;-23.6121163 -46.6107074;204;25;25
48;Thu Mar 14 21:54:42 2019;-23.6137285082604,-46.6103523570251;-23.6121143257974,-46.6106921074617;-23.6137299 -46.6103525;-23.6121163 -46.6107074;204;25;25
49;Thu Mar 14 21:55:42 2019;-23.6137285082604,-46.6103523570251;-23.6121143257974,-46.6106921074617;-23.6137299 -46.6103525;-23.6121163 -46.6107074;204;25;24
50;Thu Mar 14 21:56:42 2019;-23.6137285082604,-46.6103523570251;-23.6121143257974,-46.6106921074617;-23.6137299 -46.6103525;-23.6121163 -46.6107074;204;25;24
51;Thu Mar 14 21:57:42 2019;-23.6137285082604,-46.6103523570251;-23.6121143257974,-46.6106921074617;-23.6137299 -46.6103525;-23.6121163 -46.6107074;204;25;24
52;Thu Mar 14 21:58:42 2019;-23.6137285082604,-46.6103523570251;-23.6121143257974,-46.6106921074617;-23.6137299 -46.6103525;-23.6121163 -46.6107074;204;25;24
53;Thu Mar 14 21:59:42 2019;-23.6137285082604,-46.6103523570251;-23.6121143257974,-46.6106921074617;-23.6137299 -46.6103525;-23.6121163 -46.6107074;204;25;24
54;Thu Mar 14 22:00:42 2019;-23.6137285082604,-46.6103523570251;-23.6121143257974,-46.6106921074617;-23.6137299 -46.6103525;-23.6121163 -46.6107074;204;25;24
55;Thu Mar 14 22:01:42 2019;-23.6137285082604,-46.6103523570251;-23.6121143257974,-46.6106921074617;-23.6137299 -46.6103525;-23.6121163 -46.6107074;204;25;24
56;Thu Mar 14 22:02:42 2019;-23.6137285082604,-46.6103523570251;-23.6121143257974,-46.6106921074617;-23.6137299 -46.6103525;-23.6121163 -46.6107074;204;25;24
57;Thu Mar 14 22:03:42 2019;-23.6137285082604,-46.6103523570251;-23.6121143257974,-46.6106921074617;-23.6137299 -46.6103525;-23.6121163 -46.6107074;204;25;23
58;Thu Mar 14 22:04:42 2019;-23.6137285082604,-46.6103523570251;-23.6121143257974,-46.6106921074617;-23.6137299 -46.6103525;-23.6121163 -46.6107074;204;25;23
59;Thu Mar 14 22:05:42 2019;-23.6137285082604,-46.6103523570251;-23.6121143257974,-46.6106921074617;-23.6137299 -46.6103525;-23.6121163 -46.6107074;204;25;23
60;Thu Mar 14 22:06:43 2019;-23.6137285082604,-46.6103523570251;-23.6121143257974,-46.6106921074617;-23.6137299 -46.6103525;-23.6121163 -46.6107074;204;25;23
61;Thu Mar 14 22:07:44 2019;-23.6137285082604,-46.6103523570251;-23.6121143257974,-46.6106921074617;-23.6137299 -46.6103525;-23.6121163 -46.6107074;204;25;23
62;Thu Mar 14 22:08:42 2019;-23.6137285082604,-46.6103523570251;-23.6121143257974,-46.6106921074617;-23.6137299 -46.6103525;-23.6121163 -46.6107074;204;25;24
63;Thu Mar 14 22:09:42 2019;-23.6137285082604,-46.6103523570251;-23.6121143257974,-46.6106921074617;-23.6137299 -46.6103525;-23.6121163 -46.6107074;204;25;24
64;Thu Mar 14 22:10:42 2019;-23.6137285082604,-46.6103523570251;-23.6121143257974,-46.6106921074617;-23.6137299 -46.6103525;-23.6121163 -46.6107074;204;25;23
65;Thu Mar 14 22:11:42 2019;-23.6137285082604,-46.6103523570251;-23.6121143257974,-46.6106921074617;-23.6137299 -46.6103525;-23.6121163 -46.6107074;204;25;24
66;Thu Mar 14 22:12:42 2019;-23.6137285082604,-46.6103523570251;-23.6121143257974,-46.6106921074617;-23.6137299 -46.6103525;-23.6121163 -46.6107074;204;25;24
67;Thu Mar 14 22:13:42 2019;-23.6137285082604,-46.6103523570251;-23.6121143257974,-46.6106921074617;-23.6137299 -46.6103525;-23.6121163 -46.6107074;204;25;24
68;Thu Mar 14 22:14:42 2019;-23.6137285082604,-46.6103523570251;-23.6121143257974,-46.6106921074617;-23.6137299 -46.6103525;-23.6121163 -46.6107074;204;25;24
69;Thu Mar 14 22:15:42 2019;-23.6137285082604,-46.6103523570251;-23.6121143257974,-46.6106921074617;-23.6137299 -46.6103525;-23.6121163 -46.6107074;204;25;24
70;Thu Mar 14 22:16:42 2019;-23.6137285082604,-46.6103523570251;-23.6121143257974,-46.6106921074617;-23.6137299 -46.6103525;-23.6121163 -46.6107074;204;25;24
71;Thu Mar 14 22:17:42 2019;-23.6137285082604,-46.6103523570251;-23.6121143257974,-46.6106921074617;-23.6137299 -46.6103525;-23.6121163 -46.6107074;204;25;24
72;Thu Mar 14 22:18:42 2019;-23.6137285082604,-46.6103523570251;-23.6121143257974,-46.6106921074617;-23.6137299 -46.6103525;-23.6121163 -46.6107074;204;25;23
73;Thu Mar 14 22:19:42 2019;-23.6137285082604,-46.6103523570251;-23.6121143257974,-46.6106921074617;-23.6137299 -46.6103525;-23.6121163 -46.6107074;204;25;24
74;Thu Mar 14 22:20:42 2019;-23.6137285082604,-46.6103523570251;-23.6121143257974,-46.6106921074617;-23.6137299 -46.6103525;-23.6121163 -46.6107074;204;25;24
75;Thu Mar 14 22:21:42 2019;-23.6137285082604,-46.6103523570251;-23.6121143257974,-46.6106921074617;-23.6137299 -46.6103525;-23.6121163 -46.6107074;204;25;24
76;Thu Mar 14 22:22:44 2019;-23.6137285082604,-46.6103523570251;-23.6121143257974,-46.6106921074617;-23.6137299 -46.6103525;-23.6121163 -46.6107074;204;25;23
77;Thu Mar 14 22:23:42 2019;-23.6137285082604,-46.6103523570251;-23.6121143257974,-46.6106921074617;-23.6137299 -46.6103525;-23.6121163 -46.6107074;204;25;23
78;Thu Mar 14 22:24:42 2019;-23.6137285082604,-46.6103523570251;-23.6121143257974,-46.6106921074617;-23.6137299 -46.6103525;-23.6121163 -46.6107074;204;25;25
79;Thu Mar 14 22:25:42 2019;-23.6137285082604,-46.6103523570251;-23.6121143257974,-46.6106921074617;-23.6137299 -46.6103525;-23.6121163 -46.6107074;204;25;25
80;Thu Mar 14 22:26:42 2019;-23.6137285082604,-46.6103523570251;-23.6121143257974,-46.6106921074617;-23.6137299 -46.6103525;-23.6121163 -46.6107074;204;25;25
81;Thu Mar 14 22:27:42 2019;-23.6137285082604,-46.6103523570251;-23.6121143257974,-46.6106921074617;-23.6137299 -46.6103525;-23.6121163 -46.6107074;204;25;25
82;Thu Mar 14 22:28:42 2019;-23.6137285082604,-46.6103523570251;-23.6121143257974,-46.6106921074617;-23.6137299 -46.6103525;-23.6121163 -46.6107074;204;25;24
83;Thu Mar 14 22:29:42 2019;-23.6137285082604,-46.6103523570251;-23.6121143257974,-46.6106921074617;-23.6137299 -46.6103525;-23.6121163 -46.6107074;204;25;24
84;Thu Mar 14 22:30:42 2019;-23.6137285082604,-46.6103523570251;-23.6121143257974,-46.6106921074617;-23.6137299 -46.6103525;-23.6121163 -46.6107074;204;25;24
85;Thu Mar 14 22:31:42 2019;-23.6137285082604,-46.6103523570251;-23.6121143257974,-46.6106921074617;-23.6137299 -46.6103525;-23.6121163 -46.6107074;204;25;24
86;Thu Mar 14 22:32:42 2019;-23.6137285082604,-46.6103523570251;-23.6121143257974,-46.6106921074617;-23.6137299 -46.6103525;-23.6121163 -46.6107074;204;25;24
87;Thu Mar 14 22:33:42 2019;-23.6137285082604,-46.6103523570251;-23.6121143257974,-46.6106921074617;-23.6137299 -46.6103525;-23.6121163 -46.6107074;204;25;24
88;Thu Mar 14 22:34:42 2019;-23.6137285082604,-46.6103523570251;-23.6121143257974,-46.6106921074617;-23.6137299 -46.6103525;-23.6121163 -46.6107074;204;25;24
89;Thu Mar 14 22:35:41 2019;-23.6137285082604,-46.6103523570251;-23.6121143257974,-46.6106921074617;-23.6137299 -46.6103525;-23.6121163 -46.6107074;204;25;24
90;Thu Mar 14 22:36:42 2019;-23.6137285082604,-46.6103523570251;-23.6121143257974,-46.6106921074617;-23.6137299 -46.6103525;-23.6121163 -46.6107074;204;25;24
91;Thu Mar 14 22:37:44 2019;-23.6137285082604,-46.6103523570251;-23.6121143257974,-46.6106921074617;-23.6137299 -46.6103525;-23.6121163 -46.6107074;204;25;24
92;Thu Mar 14 22:38:42 2019;-23.6137285082604,-46.6103523570251;-23.6121143257974,-46.6106921074617;-23.6137299 -46.6103525;-23.6121163 -46.6107074;204;25;24
93;Thu Mar 14 22:39:42 2019;-23.6137285082604,-46.6103523570251;-23.6121143257974,-46.6106921074617;-23.6137299 -46.6103525;-23.6121163 -46.6107074;204;25;24
94;Thu Mar 14 22:40:43 2019;-23.6137285082604,-46.6103523570251;-23.6121143257974,-46.6106921074617;-23.6137299 -46.6103525;-23.6121163 -46.6107074;204;25;24
95;Thu Mar 14 22:41:42 2019;-23.6137285082604,-46.6103523570251;-23.6121143257974,-46.6106921074617;-23.6137299 -46.6103525;-23.6121163 -46.6107074;204;25;24
96;Thu Mar 14 22:42:42 2019;-23.6137285082604,-46.6103523570251;-23.6121143257974,-46.6106921074617;-23.6137299 -46.6103525;-23.6121163 -46.6107074;204;25;24
97;Thu Mar 14 22:43:42 2019;-23.6137285082604,-46.6103523570251;-23.6121143257974,-46.6106921074617;-23.6137299 -46.6103525;-23.6121163 -46.6107074;204;25;24
98;Thu Mar 14 22:44:42 2019;-23.6137285082604,-46.6103523570251;-23.6121143257974,-46.6106921074617;-23.6137299 -46.6103525;-23.6121163 -46.6107074;204;25;24
99;Thu Mar 14 22:45:42 2019;-23.6137285082604,-46.6103523570251;-23.6121143257974,-46.6106921074617;-23.6137299 -46.6103525;-23.6121163 -46.6107074;204;25;24
100;Thu Mar 14 22:46:42 2019;-23.6137285082604,-46.6103523570251;-23.6121143257974,-46.6106921074617;-23.6137299 -46.6103525;-23.6121163 -46.6107074;204;25;24
101;Thu Mar 14 22:47:42 2019;-23.6137285082604,-46.6103523570251;-23.6121143257974,-46.6106921074617;-23.6137299 -46.6103525;-23.6121163 -46.6107074;204;25;24
102;Thu Mar 14 22:48:42 2019;-23.6137285082604,-46.6103523570251;-23.6121143257974,-46.6106921074617;-23.6137299 -46.6103525;-23.6121163 -46.6107074;204;25;24
103;Thu Mar 14 22:49:43 2019;-23.6137285082604,-46.6103523570251;-23.6121143257974,-46.6106921074617;-23.6137299 -46.6103525;-23.6121163 -46.6107074;204;25;24
104;Thu Mar 14 22:50:42 2019;-23.6137285082604,-46.6103523570251;-23.6121143257974,-46.6106921074617;-23.6137299 -46.6103525;-23.6121163 -46.6107074;204;25;24
105;Thu Mar 14 22:51:42 2019;-23.6137285082604,-46.6103523570251;-23.6121143257974,-46.6106921074617;-23.6137299 -46.6103525;-23.6121163 -46.6107074;204;25;24
106;Thu Mar 14 22:52:45 2019;-23.6137285082604,-46.6103523570251;-23.6121143257974,-46.6106921074617;-23.6137299 -46.6103525;-23.6121163 -46.6107074;204;25;24
107;Thu Mar 14 22:53:42 2019;-23.6137285082604,-46.6103523570251;-23.6121143257974,-46.6106921074617;-23.6137299 -46.6103525;-23.6121163 -46.6107074;204;25;24
108;Thu Mar 14 22:54:42 2019;-23.6137285082604,-46.6103523570251;-23.6121143257974,-46.6106921074617;-23.6137299 -46.6103525;-23.6121163 -46.6107074;204;25;24
109;Thu Mar 14 22:55:42 2019;-23.6137285082604,-46.6103523570251;-23.6121143257974,-46.6106921074617;-23.6137299 -46.6103525;-23.6121163 -46.6107074;204;25;24
110;Thu Mar 14 22:56:42 2019;-23.6137285082604,-46.6103523570251;-23.6121143257974,-46.6106921074617;-23.6137299 -46.6103525;-23.6121163 -46.6107074;204;25;24
111;Thu Mar 14 22:57:43 2019;-23.6137285082604,-46.6103523570251;-23.6121143257974,-46.6106921074617;-23.6137299 -46.6103525;-23.6121163 -46.6107074;204;25;24
112;Thu Mar 14 22:58:42 2019;-23.6137285082604,-46.6103523570251;-23.6121143257974,-46.6106921074617;-23.6137299 -46.6103525;-23.6121163 -46.6107074;204;25;24
113;Thu Mar 14 22:59:42 2019;-23.6137285082604,-46.6103523570251;-23.6121143257974,-46.6106921074617;-23.6137299 -46.6103525;-23.6121163 -46.6107074;204;25;24
114;Thu Mar 14 23:00:42 2019;-23.6137285082604,-46.6103523570251;-23.6121143257974,-46.6106921074617;-23.6137299 -46.6103525;-23.6121163 -46.6107074;204;25;24
115;Thu Mar 14 23:01:42 2019;-23.6137285082604,-46.6103523570251;-23.6121143257974,-46.6106921074617;-23.6137299 -46.6103525;-23.6121163 -46.6107074;204;25;32
116;Thu Mar 14 23:02:42 2019;-23.6137285082604,-46.6103523570251;-23.6121143257974,-46.6106921074617;-23.6137299 -46.6103525;-23.6121163 -46.6107074;204;25;32
117;Thu Mar 14 23:03:42 2019;-23.6137285082604,-46.6103523570251;-23.6121143257974,-46.6106921074617;-23.6137299 -46.6103525;-23.6121163 -46.6107074;204;25;32
118;Thu Mar 14 23:04:42 2019;-23.6137285082604,-46.6103523570251;-23.6121143257974,-46.6106921074617;-23.6137299 -46.6103525;-23.6121163 -46.6107074;204;25;25
119;Thu Mar 14 23:05:42 2019;-23.6137285082604,-46.6103523570251;-23.6121143257974,-46.6106921074617;-23.6137299 -46.6103525;-23.6121163 -46.6107074;204;25;25
120;Thu Mar 14 23:06:41 2019;-23.6137285082604,-46.6103523570251;-23.6121143257974,-46.6106921074617;-23.6137299 -46.6103525;-23.6121163 -46.6107074;204;25;25
121;Thu Mar 14 23:07:44 2019;-23.6137285082604,-46.6103523570251;-23.6121143257974,-46.6106921074617;-23.6137299 -46.6103525;-23.6121163 -46.6107074;204;25;24
122;Thu Mar 14 23:08:42 2019;-23.6137285082604,-46.6103523570251;-23.6121143257974,-46.6106921074617;-23.6137299 -46.6103525;-23.6121163 -46.6107074;204;25;24
123;Thu Mar 14 23:09:42 2019;-23.6137285082604,-46.6103523570251;-23.6121143257974,-46.6106921074617;-23.6137299 -46.6103525;-23.6121163 -46.6107074;204;25;24
124;Thu Mar 14 23:10:42 2019;-23.6137285082604,-46.6103523570251;-23.6121143257974,-46.6106921074617;-23.6137299 -46.6103525;-23.6121163 -46.6107074;204;25;24
125;Thu Mar 14 23:11:42 2019;-23.6137285082604,-46.6103523570251;-23.6121143257974,-46.6106921074617;-23.6137299 -46.6103525;-23.6121163 -46.6107074;204;25;24
126;Thu Mar 14 23:12:42 2019;-23.6137285082604,-46.6103523570251;-23.6121143257974,-46.6106921074617;-23.6137299 -46.6103525;-23.6121163 -46.6107074;204;25;24
127;Thu Mar 14 23:13:41 2019;-23.6137285082604,-46.6103523570251;-23.6121143257974,-46.6106921074617;-23.6137299 -46.6103525;-23.6121163 -46.6107074;204;25;24
128;Thu Mar 14 23:14:42 2019;-23.6137285082604,-46.6103523570251;-23.6121143257974,-46.6106921074617;-23.6137299 -46.6103525;-23.6121163 -46.6107074;204;25;24
129;Thu Mar 14 23:15:42 2019;-23.6137285082604,-46.6103523570251;-23.6121143257974,-46.6106921074617;-23.6137299 -46.6103525;-23.6121163 -46.6107074;204;25;24
130;Thu Mar 14 23:16:42 2019;-23.6137285082604,-46.6103523570251;-23.6121143257974,-46.6106921074617;-23.6137299 -46.6103525;-23.6121163 -46.6107074;204;25;24
131;Thu Mar 14 23:17:42 2019;-23.6137285082604,-46.6103523570251;-23.6121143257974,-46.6106921074617;-23.6137299 -46.6103525;-23.6121163 -46.6107074;204;25;24
132;Thu Mar 14 23:18:42 2019;-23.6137285082604,-46.6103523570251;-23.6121143257974,-46.6106921074617;-23.6137299 -46.6103525;-23.6121163 -46.6107074;204;25;24
133;Thu Mar 14 23:19:41 2019;-23.6137285082604,-46.6103523570251;-23.6121143257974,-46.6106921074617;-23.6137299 -46.6103525;-23.6121163 -46.6107074;204;25;24
134;Thu Mar 14 23:20:42 2019;-23.6137285082604,-46.6103523570251;-23.6121143257974,-46.6106921074617;-23.6137299 -46.6103525;-23.6121163 -46.6107074;204;25;24
135;Thu Mar 14 23:21:42 2019;-23.6137285082604,-46.6103523570251;-23.6121143257974,-46.6106921074617;-23.6137299 -46.6103525;-23.6121163 -46.6107074;204;25;24
136;Thu Mar 14 23:22:43 2019;-23.6137285082604,-46.6103523570251;-23.6121143257974,-46.6106921074617;-23.6137299 -46.6103525;-23.6121163 -46.6107074;204;25;24
137;Thu Mar 14 23:23:42 2019;-23.6137285082604,-46.6103523570251;-23.6121143257974,-46.6106921074617;-23.6137299 -46.6103525;-23.6121163 -46.6107074;204;25;24
138;Thu Mar 14 23:24:42 2019;-23.6137285082604,-46.6103523570251;-23.6121143257974,-46.6106921074617;-23.6137299 -46.6103525;-23.6121163 -46.6107074;204;25;24
139;Thu Mar 14 23:25:42 2019;-23.6137285082604,-46.6103523570251;-23.6121143257974,-46.6106921074617;-23.6137299 -46.6103525;-23.6121163 -46.6107074;204;25;24
140;Thu Mar 14 23:26:42 2019;-23.6137285082604,-46.6103523570251;-23.6121143257974,-46.6106921074617;-23.6137299 -46.6103525;-23.6121163 -46.6107074;204;25;24
141;Thu Mar 14 23:27:42 2019;-23.6137285082604,-46.6103523570251;-23.6121143257974,-46.6106921074617;-23.6137299 -46.6103525;-23.6121163 -46.6107074;204;25;24
142;Thu Mar 14 23:28:41 2019;-23.6137285082604,-46.6103523570251;-23.6121143257974,-46.6106921074617;-23.6137299 -46.6103525;-23.6121163 -46.6107074;204;25;24
143;Thu Mar 14 23:29:41 2019;-23.6137285082604,-46.6103523570251;-23.6121143257974,-46.6106921074617;-23.6137299 -46.6103525;-23.6121163 -46.6107074;204;25;24
144;Thu Mar 14 23:30:42 2019;-23.6137285082604,-46.6103523570251;-23.6121143257974,-46.6106921074617;-23.6137299 -46.6103525;-23.6121163 -46.6107074;204;25;24
145;Thu Mar 14 23:31:42 2019;-23.6137285082604,-46.6103523570251;-23.6121143257974,-46.6106921074617;-23.6137299 -46.6103525;-23.6121163 -46.6107074;204;25;24
146;Thu Mar 14 23:32:42 2019;-23.6137285082604,-46.6103523570251;-23.6121143257974,-46.6106921074617;-23.6137299 -46.6103525;-23.6121163 -46.6107074;204;25;24
147;Thu Mar 14 23:33:42 2019;-23.6137285082604,-46.6103523570251;-23.6121143257974,-46.6106921074617;-23.6137299 -46.6103525;-23.6121163 -46.6107074;204;25;24
148;Thu Mar 14 23:34:42 2019;-23.6137285082604,-46.6103523570251;-23.6121143257974,-46.6106921074617;-23.6137299 -46.6103525;-23.6121163 -46.6107074;204;25;24
149;Thu Mar 14 23:35:42 2019;-23.6137285082604,-46.6103523570251;-23.6121143257974,-46.6106921074617;-23.6137299 -46.6103525;-23.6121163 -46.6107074;204;25;24
150;Thu Mar 14 23:36:42 2019;-23.6137285082604,-46.6103523570251;-23.6121143257974,-46.6106921074617;-23.6137299 -46.6103525;-23.6121163 -46.6107074;204;25;24
151;Thu Mar 14 23:37:43 2019;-23.6137285082604,-46.6103523570251;-23.6121143257974,-46.6106921074617;-23.6137299 -46.6103525;-23.6121163 -46.6107074;204;25;25
152;Thu Mar 14 23:38:42 2019;-23.6137285082604,-46.6103523570251;-23.6121143257974,-46.6106921074617;-23.6137299 -46.6103525;-23.6121163 -46.6107074;204;25;24
153;Thu Mar 14 23:39:42 2019;-23.6137285082604,-46.6103523570251;-23.6121143257974,-46.6106921074617;-23.6137299 -46.6103525;-23.6121163 -46.6107074;204;25;24
154;Thu Mar 14 23:40:42 2019;-23.6137285082604,-46.6103523570251;-23.6121143257974,-46.6106921074617;-23.6137299 -46.6103525;-23.6121163 -46.6107074;204;25;24
155;Thu Mar 14 23:41:42 2019;-23.6137285082604,-46.6103523570251;-23.6121143257974,-46.6106921074617;-23.6137299 -46.6103525;-23.6121163 -46.6107074;204;25;24
156;Thu Mar 14 23:42:42 2019;-23.6137285082604,-46.6103523570251;-23.6121143257974,-46.6106921074617;-23.6137299 -46.6103525;-23.6121163 -46.6107074;204;25;24
157;Thu Mar 14 23:43:42 2019;-23.6137285082604,-46.6103523570251;-23.6121143257974,-46.6106921074617;-23.6137299 -46.6103525;-23.6121163 -46.6107074;204;25;24
158;Thu Mar 14 23:44:42 2019;-23.6137285082604,-46.6103523570251;-23.6121143257974,-46.6106921074617;-23.6137299 -46.6103525;-23.6121163 -46.6107074;204;25;24
159;Thu Mar 14 23:45:42 2019;-23.6137285082604,-46.6103523570251;-23.6121143257974,-46.6106921074617;-23.6137299 -46.6103525;-23.6121163 -46.6107074;204;25;25
160;Thu Mar 14 23:46:42 2019;-23.6137285082604,-46.6103523570251;-23.6121143257974,-46.6106921074617;-23.6137299 -46.6103525;-23.6121163 -46.6107074;204;25;25
161;Thu Mar 14 23:47:42 2019;-23.6137285082604,-46.6103523570251;-23.6121143257974,-46.6106921074617;-23.6137299 -46.6103525;-23.6121163 -46.6107074;204;25;25
162;Thu Mar 14 23:48:42 2019;-23.6137285082604,-46.6103523570251;-23.6121143257974,-46.6106921074617;-23.6137299 -46.6103525;-23.6121163 -46.6107074;204;25;25
163;Thu Mar 14 23:49:42 2019;-23.6137285082604,-46.6103523570251;-23.6121143257974,-46.6106921074617;-23.6137299 -46.6103525;-23.6121163 -46.6107074;204;25;25
164;Thu Mar 14 23:50:42 2019;-23.6137285082604,-46.6103523570251;-23.6121143257974,-46.6106921074617;-23.6137299 -46.6103525;-23.6121163 -46.6107074;204;25;25
165;Thu Mar 14 23:51:42 2019;-23.6137285082604,-46.6103523570251;-23.6121143257974,-46.6106921074617;-23.6137299 -46.6103525;-23.6121163 -46.6107074;204;25;25
166;Thu Mar 14 23:52:43 2019;-23.6137285082604,-46.6103523570251;-23.6121143257974,-46.6106921074617;-23.6137299 -46.6103525;-23.6121163 -46.6107074;204;25;25
167;Thu Mar 14 23:53:42 2019;-23.6137285082604,-46.6103523570251;-23.6121143257974,-46.6106921074617;-23.6137299 -46.6103525;-23.6121163 -46.6107074;204;25;25
168;Thu Mar 14 23:54:41 2019;-23.6137285082604,-46.6103523570251;-23.6121143257974,-46.6106921074617;-23.6137299 -46.6103525;-23.6121163 -46.6107074;204;25;24
169;Thu Mar 14 23:55:42 2019;-23.6137285082604,-46.6103523570251;-23.6121143257974,-46.6106921074617;-23.6137299 -46.6103525;-23.6121163 -46.6107074;204;25;24
170;Thu Mar 14 23:56:42 2019;-23.6137285082604,-46.6103523570251;-23.6121143257974,-46.6106921074617;-23.6137299 -46.6103525;-23.6121163 -46.6107074;204;25;24
171;Thu Mar 14 23:57:42 2019;-23.6137285082604,-46.6103523570251;-23.6121143257974,-46.6106921074617;-23.6137299 -46.6103525;-23.6121163 -46.6107074;204;25;24
172;Thu Mar 14 23:58:42 2019;-23.6137285082604,-46.6103523570251;-23.6121143257974,-46.6106921074617;-23.6137299 -46.6103525;-23.6121163 -46.6107074;204;25;24
173;Thu Mar 14 23:59:42 2019;-23.6137285082604,-46.6103523570251;-23.6121143257974,-46.6106921074617;-23.6137299 -46.6103525;-23.6121163 -46.6107074;204;25;24
