38972;Thu Mar 14 00:00:09 2019;-23.6085093702536,-46.6134921187606;-23.6051821025611,-46.6144398611718;-23.6085157 -46.6134971;-23.6051836 -46.6144532;394;67;50
39213;Thu Mar 14 04:01:12 2019;-23.6085093702536,-46.6134921187606;-23.6051821025611,-46.6144398611718;-23.6085157 -46.6134971;-23.6051836 -46.6144532;394;67;43
39214;Thu Mar 14 04:02:08 2019;-23.6085093702536,-46.6134921187606;-23.6051821025611,-46.6144398611718;-23.6085157 -46.6134971;-23.6051836 -46.6144532;394;67;44
39215;Thu Mar 14 04:03:09 2019;-23.6085093702536,-46.6134921187606;-23.6051821025611,-46.6144398611718;-23.6085157 -46.6134971;-23.6051836 -46.6144532;394;67;43
39216;Thu Mar 14 04:04:09 2019;-23.6085093702536,-46.6134921187606;-23.6051821025611,-46.6144398611718;-23.6085157 -46.6134971;-23.6051836 -46.6144532;394;67;43
39217;Thu Mar 14 04:05:09 2019;-23.6085093702536,-46.6134921187606;-23.6051821025611,-46.6144398611718;-23.6085157 -46.6134971;-23.6051836 -46.6144532;394;67;44
39218;Thu Mar 14 04:06:08 2019;-23.6085093702536,-46.6134921187606;-23.6051821025611,-46.6144398611718;-23.6085157 -46.6134971;-23.6051836 -46.6144532;394;67;44
39219;Thu Mar 14 04:07:09 2019;-23.6085093702536,-46.6134921187606;-23.6051821025611,-46.6144398611718;-23.6085157 -46.6134971;-23.6051836 -46.6144532;394;67;44
39220;Thu Mar 14 04:08:09 2019;-23.6085093702536,-46.6134921187606;-23.6051821025611,-46.6144398611718;-23.6085157 -46.6134971;-23.6051836 -46.6144532;394;67;44
39221;Thu Mar 14 04:09:09 2019;-23.6085093702536,-46.6134921187606;-23.6051821025611,-46.6144398611718;-23.6085157 -46.6134971;-23.6051836 -46.6144532;394;67;41
39222;Thu Mar 14 04:10:09 2019;-23.6085093702536,-46.6134921187606;-23.6051821025611,-46.6144398611718;-23.6085157 -46.6134971;-23.6051836 -46.6144532;394;67;41
1;Thu Mar 14 21:07:46 2019;-23.6085093702536,-46.6134921187606;-23.6051821025611,-46.6144398611718;-23.6085157 -46.6134971;-23.6051836 -46.6144532;394;67;61
2;Thu Mar 14 21:08:45 2019;-23.6085093702536,-46.6134921187606;-23.6051821025611,-46.6144398611718;-23.6085157 -46.6134971;-23.6051836 -46.6144532;394;67;60
3;Thu Mar 14 21:09:42 2019;-23.6085093702536,-46.6134921187606;-23.6051821025611,-46.6144398611718;-23.6085157 -46.6134971;-23.6051836 -46.6144532;394;67;61
4;Thu Mar 14 21:10:42 2019;-23.6085093702536,-46.6134921187606;-23.6051821025611,-46.6144398611718;-23.6085157 -46.6134971;-23.6051836 -46.6144532;394;67;62
5;Thu Mar 14 21:11:42 2019;-23.6085093702536,-46.6134921187606;-23.6051821025611,-46.6144398611718;-23.6085157 -46.6134971;-23.6051836 -46.6144532;394;67;62
6;Thu Mar 14 21:12:41 2019;-23.6085093702536,-46.6134921187606;-23.6051821025611,-46.6144398611718;-23.6085157 -46.6134971;-23.6051836 -46.6144532;394;67;61
7;Thu Mar 14 21:13:42 2019;-23.6085093702536,-46.6134921187606;-23.6051821025611,-46.6144398611718;-23.6085157 -46.6134971;-23.6051836 -46.6144532;394;67;65
8;Thu Mar 14 21:14:43 2019;-23.6085093702536,-46.6134921187606;-23.6051821025611,-46.6144398611718;-23.6085157 -46.6134971;-23.6051836 -46.6144532;394;67;63
9;Thu Mar 14 21:15:42 2019;-23.6085093702536,-46.6134921187606;-23.6051821025611,-46.6144398611718;-23.6085157 -46.6134971;-23.6051836 -46.6144532;394;67;64
10;Thu Mar 14 21:16:43 2019;-23.6085093702536,-46.6134921187606;-23.6051821025611,-46.6144398611718;-23.6085157 -46.6134971;-23.6051836 -46.6144532;394;67;64
11;Thu Mar 14 21:17:42 2019;-23.6085093702536,-46.6134921187606;-23.6051821025611,-46.6144398611718;-23.6085157 -46.6134971;-23.6051836 -46.6144532;394;67;61
12;Thu Mar 14 21:18:43 2019;-23.6085093702536,-46.6134921187606;-23.6051821025611,-46.6144398611718;-23.6085157 -46.6134971;-23.6051836 -46.6144532;394;67;63
13;Thu Mar 14 21:19:42 2019;-23.6085093702536,-46.6134921187606;-23.6051821025611,-46.6144398611718;-23.6085157 -46.6134971;-23.6051836 -46.6144532;394;67;61
14;Thu Mar 14 21:20:43 2019;-23.6085093702536,-46.6134921187606;-23.6051821025611,-46.6144398611718;-23.6085157 -46.6134971;-23.6051836 -46.6144532;394;67;61
15;Thu Mar 14 21:21:43 2019;-23.6085093702536,-46.6134921187606;-23.6051821025611,-46.6144398611718;-23.6085157 -46.6134971;-23.6051836 -46.6144532;394;67;66
16;Thu Mar 14 21:22:45 2019;-23.6085093702536,-46.6134921187606;-23.6051821025611,-46.6144398611718;-23.6085157 -46.6134971;-23.6051836 -46.6144532;394;67;65
17;Thu Mar 14 21:23:42 2019;-23.6085093702536,-46.6134921187606;-23.6051821025611,-46.6144398611718;-23.6085157 -46.6134971;-23.6051836 -46.6144532;394;67;63
18;Thu Mar 14 21:24:43 2019;-23.6085093702536,-46.6134921187606;-23.6051821025611,-46.6144398611718;-23.6085157 -46.6134971;-23.6051836 -46.6144532;394;67;64
19;Thu Mar 14 21:25:42 2019;-23.6085093702536,-46.6134921187606;-23.6051821025611,-46.6144398611718;-23.6085157 -46.6134971;-23.6051836 -46.6144532;394;67;63
20;Thu Mar 14 21:26:42 2019;-23.6085093702536,-46.6134921187606;-23.6051821025611,-46.6144398611718;-23.6085157 -46.6134971;-23.6051836 -46.6144532;394;67;64
21;Thu Mar 14 21:27:42 2019;-23.6085093702536,-46.6134921187606;-23.6051821025611,-46.6144398611718;-23.6085157 -46.6134971;-23.6051836 -46.6144532;394;67;63
22;Thu Mar 14 21:28:42 2019;-23.6085093702536,-46.6134921187606;-23.6051821025611,-46.6144398611718;-23.6085157 -46.6134971;-23.6051836 -46.6144532;394;67;63
23;Thu Mar 14 21:29:42 2019;-23.6085093702536,-46.6134921187606;-23.6051821025611,-46.6144398611718;-23.6085157 -46.6134971;-23.6051836 -46.6144532;394;67;63
24;Thu Mar 14 21:30:42 2019;-23.6085093702536,-46.6134921187606;-23.6051821025611,-46.6144398611718;-23.6085157 -46.6134971;-23.6051836 -46.6144532;394;67;60
25;Thu Mar 14 21:31:42 2019;-23.6085093702536,-46.6134921187606;-23.6051821025611,-46.6144398611718;-23.6085157 -46.6134971;-23.6051836 -46.6144532;394;67;57
26;Thu Mar 14 21:32:42 2019;-23.6085093702536,-46.6134921187606;-23.6051821025611,-46.6144398611718;-23.6085157 -46.6134971;-23.6051836 -46.6144532;394;67;58
27;Thu Mar 14 21:33:42 2019;-23.6085093702536,-46.6134921187606;-23.6051821025611,-46.6144398611718;-23.6085157 -46.6134971;-23.6051836 -46.6144532;394;67;57
28;Thu Mar 14 21:34:42 2019;-23.6085093702536,-46.6134921187606;-23.6051821025611,-46.6144398611718;-23.6085157 -46.6134971;-23.6051836 -46.6144532;394;67;57
29;Thu Mar 14 21:35:42 2019;-23.6085093702536,-46.6134921187606;-23.6051821025611,-46.6144398611718;-23.6085157 -46.6134971;-23.6051836 -46.6144532;394;67;57
30;Thu Mar 14 21:36:42 2019;-23.6085093702536,-46.6134921187606;-23.6051821025611,-46.6144398611718;-23.6085157 -46.6134971;-23.6051836 -46.6144532;394;67;58
31;Thu Mar 14 21:37:45 2019;-23.6085093702536,-46.6134921187606;-23.6051821025611,-46.6144398611718;-23.6085157 -46.6134971;-23.6051836 -46.6144532;394;67;59
32;Thu Mar 14 21:38:42 2019;-23.6085093702536,-46.6134921187606;-23.6051821025611,-46.6144398611718;-23.6085157 -46.6134971;-23.6051836 -46.6144532;394;67;60
33;Thu Mar 14 21:39:42 2019;-23.6085093702536,-46.6134921187606;-23.6051821025611,-46.6144398611718;-23.6085157 -46.6134971;-23.6051836 -46.6144532;394;67;60
34;Thu Mar 14 21:40:42 2019;-23.6085093702536,-46.6134921187606;-23.6051821025611,-46.6144398611718;-23.6085157 -46.6134971;-23.6051836 -46.6144532;394;67;60
35;Thu Mar 14 21:41:42 2019;-23.6085093702536,-46.6134921187606;-23.6051821025611,-46.6144398611718;-23.6085157 -46.6134971;-23.6051836 -46.6144532;394;67;57
36;Thu Mar 14 21:42:42 2019;-23.6085093702536,-46.6134921187606;-23.6051821025611,-46.6144398611718;-23.6085157 -46.6134971;-23.6051836 -46.6144532;394;67;57
37;Thu Mar 14 21:43:42 2019;-23.6085093702536,-46.6134921187606;-23.6051821025611,-46.6144398611718;-23.6085157 -46.6134971;-23.6051836 -46.6144532;394;67;57
38;Thu Mar 14 21:44:42 2019;-23.6085093702536,-46.6134921187606;-23.6051821025611,-46.6144398611718;-23.6085157 -46.6134971;-23.6051836 -46.6144532;394;67;57
39;Thu Mar 14 21:45:42 2019;-23.6085093702536,-46.6134921187606;-23.6051821025611,-46.6144398611718;-23.6085157 -46.6134971;-23.6051836 -46.6144532;394;67;57
40;Thu Mar 14 21:46:42 2019;-23.6085093702536,-46.6134921187606;-23.6051821025611,-46.6144398611718;-23.6085157 -46.6134971;-23.6051836 -46.6144532;394;67;57
41;Thu Mar 14 21:47:42 2019;-23.6085093702536,-46.6134921187606;-23.6051821025611,-46.6144398611718;-23.6085157 -46.6134971;-23.6051836 -46.6144532;394;67;57
42;Thu Mar 14 21:48:42 2019;-23.6085093702536,-46.6134921187606;-23.6051821025611,-46.6144398611718;-23.6085157 -46.6134971;-23.6051836 -46.6144532;394;67;57
43;Thu Mar 14 21:49:42 2019;-23.6085093702536,-46.6134921187606;-23.6051821025611,-46.6144398611718;-23.6085157 -46.6134971;-23.6051836 -46.6144532;394;67;65
44;Thu Mar 14 21:50:43 2019;-23.6085093702536,-46.6134921187606;-23.6051821025611,-46.6144398611718;-23.6085157 -46.6134971;-23.6051836 -46.6144532;394;67;66
45;Thu Mar 14 21:51:42 2019;-23.6085093702536,-46.6134921187606;-23.6051821025611,-46.6144398611718;-23.6085157 -46.6134971;-23.6051836 -46.6144532;394;67;69
46;Thu Mar 14 21:52:44 2019;-23.6085093702536,-46.6134921187606;-23.6051821025611,-46.6144398611718;-23.6085157 -46.6134971;-23.6051836 -46.6144532;394;67;69
47;Thu Mar 14 21:53:42 2019;-23.6085093702536,-46.6134921187606;-23.6051821025611,-46.6144398611718;-23.6085157 -46.6134971;-23.6051836 -46.6144532;394;67;69
48;Thu Mar 14 21:54:42 2019;-23.6085093702536,-46.6134921187606;-23.6051821025611,-46.6144398611718;-23.6085157 -46.6134971;-23.6051836 -46.6144532;394;67;61
49;Thu Mar 14 21:55:42 2019;-23.6085093702536,-46.6134921187606;-23.6051821025611,-46.6144398611718;-23.6085157 -46.6134971;-23.6051836 -46.6144532;394;67;64
50;Thu Mar 14 21:56:42 2019;-23.6085093702536,-46.6134921187606;-23.6051821025611,-46.6144398611718;-23.6085157 -46.6134971;-23.6051836 -46.6144532;394;67;64
51;Thu Mar 14 21:57:42 2019;-23.6085093702536,-46.6134921187606;-23.6051821025611,-46.6144398611718;-23.6085157 -46.6134971;-23.6051836 -46.6144532;394;67;64
52;Thu Mar 14 21:58:42 2019;-23.6085093702536,-46.6134921187606;-23.6051821025611,-46.6144398611718;-23.6085157 -46.6134971;-23.6051836 -46.6144532;394;67;61
53;Thu Mar 14 21:59:42 2019;-23.6085093702536,-46.6134921187606;-23.6051821025611,-46.6144398611718;-23.6085157 -46.6134971;-23.6051836 -46.6144532;394;67;61
54;Thu Mar 14 22:00:42 2019;-23.6085093702536,-46.6134921187606;-23.6051821025611,-46.6144398611718;-23.6085157 -46.6134971;-23.6051836 -46.6144532;394;67;60
55;Thu Mar 14 22:01:42 2019;-23.6085093702536,-46.6134921187606;-23.6051821025611,-46.6144398611718;-23.6085157 -46.6134971;-23.6051836 -46.6144532;394;67;56
56;Thu Mar 14 22:02:43 2019;-23.6085093702536,-46.6134921187606;-23.6051821025611,-46.6144398611718;-23.6085157 -46.6134971;-23.6051836 -46.6144532;394;67;56
57;Thu Mar 14 22:03:42 2019;-23.6085093702536,-46.6134921187606;-23.6051821025611,-46.6144398611718;-23.6085157 -46.6134971;-23.6051836 -46.6144532;394;67;59
58;Thu Mar 14 22:04:42 2019;-23.6085093702536,-46.6134921187606;-23.6051821025611,-46.6144398611718;-23.6085157 -46.6134971;-23.6051836 -46.6144532;394;67;56
59;Thu Mar 14 22:05:42 2019;-23.6085093702536,-46.6134921187606;-23.6051821025611,-46.6144398611718;-23.6085157 -46.6134971;-23.6051836 -46.6144532;394;67;56
60;Thu Mar 14 22:06:43 2019;-23.6085093702536,-46.6134921187606;-23.6051821025611,-46.6144398611718;-23.6085157 -46.6134971;-23.6051836 -46.6144532;394;67;55
61;Thu Mar 14 22:07:44 2019;-23.6085093702536,-46.6134921187606;-23.6051821025611,-46.6144398611718;-23.6085157 -46.6134971;-23.6051836 -46.6144532;394;67;55
62;Thu Mar 14 22:08:42 2019;-23.6085093702536,-46.6134921187606;-23.6051821025611,-46.6144398611718;-23.6085157 -46.6134971;-23.6051836 -46.6144532;394;67;57
63;Thu Mar 14 22:09:42 2019;-23.6085093702536,-46.6134921187606;-23.6051821025611,-46.6144398611718;-23.6085157 -46.6134971;-23.6051836 -46.6144532;394;67;58
64;Thu Mar 14 22:10:42 2019;-23.6085093702536,-46.6134921187606;-23.6051821025611,-46.6144398611718;-23.6085157 -46.6134971;-23.6051836 -46.6144532;394;67;58
65;Thu Mar 14 22:11:42 2019;-23.6085093702536,-46.6134921187606;-23.6051821025611,-46.6144398611718;-23.6085157 -46.6134971;-23.6051836 -46.6144532;394;67;60
66;Thu Mar 14 22:12:42 2019;-23.6085093702536,-46.6134921187606;-23.6051821025611,-46.6144398611718;-23.6085157 -46.6134971;-23.6051836 -46.6144532;394;67;59
67;Thu Mar 14 22:13:42 2019;-23.6085093702536,-46.6134921187606;-23.6051821025611,-46.6144398611718;-23.6085157 -46.6134971;-23.6051836 -46.6144532;394;67;59
68;Thu Mar 14 22:14:42 2019;-23.6085093702536,-46.6134921187606;-23.6051821025611,-46.6144398611718;-23.6085157 -46.6134971;-23.6051836 -46.6144532;394;67;59
69;Thu Mar 14 22:15:42 2019;-23.6085093702536,-46.6134921187606;-23.6051821025611,-46.6144398611718;-23.6085157 -46.6134971;-23.6051836 -46.6144532;394;67;60
70;Thu Mar 14 22:16:42 2019;-23.6085093702536,-46.6134921187606;-23.6051821025611,-46.6144398611718;-23.6085157 -46.6134971;-23.6051836 -46.6144532;394;67;61
71;Thu Mar 14 22:17:42 2019;-23.6085093702536,-46.6134921187606;-23.6051821025611,-46.6144398611718;-23.6085157 -46.6134971;-23.6051836 -46.6144532;394;67;60
72;Thu Mar 14 22:18:42 2019;-23.6085093702536,-46.6134921187606;-23.6051821025611,-46.6144398611718;-23.6085157 -46.6134971;-23.6051836 -46.6144532;394;67;61
73;Thu Mar 14 22:19:42 2019;-23.6085093702536,-46.6134921187606;-23.6051821025611,-46.6144398611718;-23.6085157 -46.6134971;-23.6051836 -46.6144532;394;67;58
74;Thu Mar 14 22:20:42 2019;-23.6085093702536,-46.6134921187606;-23.6051821025611,-46.6144398611718;-23.6085157 -46.6134971;-23.6051836 -46.6144532;394;67;60
75;Thu Mar 14 22:21:42 2019;-23.6085093702536,-46.6134921187606;-23.6051821025611,-46.6144398611718;-23.6085157 -46.6134971;-23.6051836 -46.6144532;394;67;58
76;Thu Mar 14 22:22:45 2019;-23.6085093702536,-46.6134921187606;-23.6051821025611,-46.6144398611718;-23.6085157 -46.6134971;-23.6051836 -46.6144532;394;67;56
77;Thu Mar 14 22:23:42 2019;-23.6085093702536,-46.6134921187606;-23.6051821025611,-46.6144398611718;-23.6085157 -46.6134971;-23.6051836 -46.6144532;394;67;56
78;Thu Mar 14 22:24:42 2019;-23.6085093702536,-46.6134921187606;-23.6051821025611,-46.6144398611718;-23.6085157 -46.6134971;-23.6051836 -46.6144532;394;67;56
79;Thu Mar 14 22:25:43 2019;-23.6085093702536,-46.6134921187606;-23.6051821025611,-46.6144398611718;-23.6085157 -46.6134971;-23.6051836 -46.6144532;394;67;56
80;Thu Mar 14 22:26:42 2019;-23.6085093702536,-46.6134921187606;-23.6051821025611,-46.6144398611718;-23.6085157 -46.6134971;-23.6051836 -46.6144532;394;67;56
81;Thu Mar 14 22:27:42 2019;-23.6085093702536,-46.6134921187606;-23.6051821025611,-46.6144398611718;-23.6085157 -46.6134971;-23.6051836 -46.6144532;394;67;56
82;Thu Mar 14 22:28:42 2019;-23.6085093702536,-46.6134921187606;-23.6051821025611,-46.6144398611718;-23.6085157 -46.6134971;-23.6051836 -46.6144532;394;67;58
83;Thu Mar 14 22:29:42 2019;-23.6085093702536,-46.6134921187606;-23.6051821025611,-46.6144398611718;-23.6085157 -46.6134971;-23.6051836 -46.6144532;394;67;58
84;Thu Mar 14 22:30:42 2019;-23.6085093702536,-46.6134921187606;-23.6051821025611,-46.6144398611718;-23.6085157 -46.6134971;-23.6051836 -46.6144532;394;67;59
85;Thu Mar 14 22:31:43 2019;-23.6085093702536,-46.6134921187606;-23.6051821025611,-46.6144398611718;-23.6085157 -46.6134971;-23.6051836 -46.6144532;394;67;59
86;Thu Mar 14 22:32:42 2019;-23.6085093702536,-46.6134921187606;-23.6051821025611,-46.6144398611718;-23.6085157 -46.6134971;-23.6051836 -46.6144532;394;67;61
87;Thu Mar 14 22:33:42 2019;-23.6085093702536,-46.6134921187606;-23.6051821025611,-46.6144398611718;-23.6085157 -46.6134971;-23.6051836 -46.6144532;394;67;61
88;Thu Mar 14 22:34:42 2019;-23.6085093702536,-46.6134921187606;-23.6051821025611,-46.6144398611718;-23.6085157 -46.6134971;-23.6051836 -46.6144532;394;67;62
89;Thu Mar 14 22:35:42 2019;-23.6085093702536,-46.6134921187606;-23.6051821025611,-46.6144398611718;-23.6085157 -46.6134971;-23.6051836 -46.6144532;394;67;62
90;Thu Mar 14 22:36:42 2019;-23.6085093702536,-46.6134921187606;-23.6051821025611,-46.6144398611718;-23.6085157 -46.6134971;-23.6051836 -46.6144532;394;67;63
91;Thu Mar 14 22:37:45 2019;-23.6085093702536,-46.6134921187606;-23.6051821025611,-46.6144398611718;-23.6085157 -46.6134971;-23.6051836 -46.6144532;394;67;63
92;Thu Mar 14 22:38:43 2019;-23.6085093702536,-46.6134921187606;-23.6051821025611,-46.6144398611718;-23.6085157 -46.6134971;-23.6051836 -46.6144532;394;67;62
93;Thu Mar 14 22:39:42 2019;-23.6085093702536,-46.6134921187606;-23.6051821025611,-46.6144398611718;-23.6085157 -46.6134971;-23.6051836 -46.6144532;394;67;62
94;Thu Mar 14 22:40:43 2019;-23.6085093702536,-46.6134921187606;-23.6051821025611,-46.6144398611718;-23.6085157 -46.6134971;-23.6051836 -46.6144532;394;67;63
95;Thu Mar 14 22:41:42 2019;-23.6085093702536,-46.6134921187606;-23.6051821025611,-46.6144398611718;-23.6085157 -46.6134971;-23.6051836 -46.6144532;394;67;63
96;Thu Mar 14 22:42:42 2019;-23.6085093702536,-46.6134921187606;-23.6051821025611,-46.6144398611718;-23.6085157 -46.6134971;-23.6051836 -46.6144532;394;67;62
97;Thu Mar 14 22:43:42 2019;-23.6085093702536,-46.6134921187606;-23.6051821025611,-46.6144398611718;-23.6085157 -46.6134971;-23.6051836 -46.6144532;394;67;59
98;Thu Mar 14 22:44:42 2019;-23.6085093702536,-46.6134921187606;-23.6051821025611,-46.6144398611718;-23.6085157 -46.6134971;-23.6051836 -46.6144532;394;67;58
99;Thu Mar 14 22:45:42 2019;-23.6085093702536,-46.6134921187606;-23.6051821025611,-46.6144398611718;-23.6085157 -46.6134971;-23.6051836 -46.6144532;394;67;59
100;Thu Mar 14 22:46:42 2019;-23.6085093702536,-46.6134921187606;-23.6051821025611,-46.6144398611718;-23.6085157 -46.6134971;-23.6051836 -46.6144532;394;67;58
101;Thu Mar 14 22:47:42 2019;-23.6085093702536,-46.6134921187606;-23.6051821025611,-46.6144398611718;-23.6085157 -46.6134971;-23.6051836 -46.6144532;394;67;60
102;Thu Mar 14 22:48:42 2019;-23.6085093702536,-46.6134921187606;-23.6051821025611,-46.6144398611718;-23.6085157 -46.6134971;-23.6051836 -46.6144532;394;67;60
103;Thu Mar 14 22:49:43 2019;-23.6085093702536,-46.6134921187606;-23.6051821025611,-46.6144398611718;-23.6085157 -46.6134971;-23.6051836 -46.6144532;394;67;59
104;Thu Mar 14 22:50:43 2019;-23.6085093702536,-46.6134921187606;-23.6051821025611,-46.6144398611718;-23.6085157 -46.6134971;-23.6051836 -46.6144532;394;67;59
105;Thu Mar 14 22:51:42 2019;-23.6085093702536,-46.6134921187606;-23.6051821025611,-46.6144398611718;-23.6085157 -46.6134971;-23.6051836 -46.6144532;394;67;58
106;Thu Mar 14 22:52:45 2019;-23.6085093702536,-46.6134921187606;-23.6051821025611,-46.6144398611718;-23.6085157 -46.6134971;-23.6051836 -46.6144532;394;67;58
107;Thu Mar 14 22:53:42 2019;-23.6085093702536,-46.6134921187606;-23.6051821025611,-46.6144398611718;-23.6085157 -46.6134971;-23.6051836 -46.6144532;394;67;58
108;Thu Mar 14 22:54:42 2019;-23.6085093702536,-46.6134921187606;-23.6051821025611,-46.6144398611718;-23.6085157 -46.6134971;-23.6051836 -46.6144532;394;67;58
109;Thu Mar 14 22:55:42 2019;-23.6085093702536,-46.6134921187606;-23.6051821025611,-46.6144398611718;-23.6085157 -46.6134971;-23.6051836 -46.6144532;394;67;58
110;Thu Mar 14 22:56:42 2019;-23.6085093702536,-46.6134921187606;-23.6051821025611,-46.6144398611718;-23.6085157 -46.6134971;-23.6051836 -46.6144532;394;67;57
111;Thu Mar 14 22:57:43 2019;-23.6085093702536,-46.6134921187606;-23.6051821025611,-46.6144398611718;-23.6085157 -46.6134971;-23.6051836 -46.6144532;394;67;57
112;Thu Mar 14 22:58:42 2019;-23.6085093702536,-46.6134921187606;-23.6051821025611,-46.6144398611718;-23.6085157 -46.6134971;-23.6051836 -46.6144532;394;67;58
113;Thu Mar 14 22:59:42 2019;-23.6085093702536,-46.6134921187606;-23.6051821025611,-46.6144398611718;-23.6085157 -46.6134971;-23.6051836 -46.6144532;394;67;58
114;Thu Mar 14 23:00:42 2019;-23.6085093702536,-46.6134921187606;-23.6051821025611,-46.6144398611718;-23.6085157 -46.6134971;-23.6051836 -46.6144532;394;67;57
115;Thu Mar 14 23:01:42 2019;-23.6085093702536,-46.6134921187606;-23.6051821025611,-46.6144398611718;-23.6085157 -46.6134971;-23.6051836 -46.6144532;394;67;56
116;Thu Mar 14 23:02:42 2019;-23.6085093702536,-46.6134921187606;-23.6051821025611,-46.6144398611718;-23.6085157 -46.6134971;-23.6051836 -46.6144532;394;67;56
117;Thu Mar 14 23:03:42 2019;-23.6085093702536,-46.6134921187606;-23.6051821025611,-46.6144398611718;-23.6085157 -46.6134971;-23.6051836 -46.6144532;394;67;56
118;Thu Mar 14 23:04:42 2019;-23.6085093702536,-46.6134921187606;-23.6051821025611,-46.6144398611718;-23.6085157 -46.6134971;-23.6051836 -46.6144532;394;67;56
119;Thu Mar 14 23:05:42 2019;-23.6085093702536,-46.6134921187606;-23.6051821025611,-46.6144398611718;-23.6085157 -46.6134971;-23.6051836 -46.6144532;394;67;55
120;Thu Mar 14 23:06:42 2019;-23.6085093702536,-46.6134921187606;-23.6051821025611,-46.6144398611718;-23.6085157 -46.6134971;-23.6051836 -46.6144532;394;67;55
121;Thu Mar 14 23:07:45 2019;-23.6085093702536,-46.6134921187606;-23.6051821025611,-46.6144398611718;-23.6085157 -46.6134971;-23.6051836 -46.6144532;394;67;56
122;Thu Mar 14 23:08:42 2019;-23.6085093702536,-46.6134921187606;-23.6051821025611,-46.6144398611718;-23.6085157 -46.6134971;-23.6051836 -46.6144532;394;67;58
123;Thu Mar 14 23:09:42 2019;-23.6085093702536,-46.6134921187606;-23.6051821025611,-46.6144398611718;-23.6085157 -46.6134971;-23.6051836 -46.6144532;394;67;58
124;Thu Mar 14 23:10:42 2019;-23.6085093702536,-46.6134921187606;-23.6051821025611,-46.6144398611718;-23.6085157 -46.6134971;-23.6051836 -46.6144532;394;67;58
125;Thu Mar 14 23:11:42 2019;-23.6085093702536,-46.6134921187606;-23.6051821025611,-46.6144398611718;-23.6085157 -46.6134971;-23.6051836 -46.6144532;394;67;57
126;Thu Mar 14 23:12:42 2019;-23.6085093702536,-46.6134921187606;-23.6051821025611,-46.6144398611718;-23.6085157 -46.6134971;-23.6051836 -46.6144532;394;67;54
127;Thu Mar 14 23:13:41 2019;-23.6085093702536,-46.6134921187606;-23.6051821025611,-46.6144398611718;-23.6085157 -46.6134971;-23.6051836 -46.6144532;394;67;54
128;Thu Mar 14 23:14:42 2019;-23.6085093702536,-46.6134921187606;-23.6051821025611,-46.6144398611718;-23.6085157 -46.6134971;-23.6051836 -46.6144532;394;67;54
129;Thu Mar 14 23:15:42 2019;-23.6085093702536,-46.6134921187606;-23.6051821025611,-46.6144398611718;-23.6085157 -46.6134971;-23.6051836 -46.6144532;394;67;53
130;Thu Mar 14 23:16:42 2019;-23.6085093702536,-46.6134921187606;-23.6051821025611,-46.6144398611718;-23.6085157 -46.6134971;-23.6051836 -46.6144532;394;67;52
131;Thu Mar 14 23:17:42 2019;-23.6085093702536,-46.6134921187606;-23.6051821025611,-46.6144398611718;-23.6085157 -46.6134971;-23.6051836 -46.6144532;394;67;53
132;Thu Mar 14 23:18:42 2019;-23.6085093702536,-46.6134921187606;-23.6051821025611,-46.6144398611718;-23.6085157 -46.6134971;-23.6051836 -46.6144532;394;67;52
133;Thu Mar 14 23:19:42 2019;-23.6085093702536,-46.6134921187606;-23.6051821025611,-46.6144398611718;-23.6085157 -46.6134971;-23.6051836 -46.6144532;394;67;52
134;Thu Mar 14 23:20:42 2019;-23.6085093702536,-46.6134921187606;-23.6051821025611,-46.6144398611718;-23.6085157 -46.6134971;-23.6051836 -46.6144532;394;67;52
135;Thu Mar 14 23:21:42 2019;-23.6085093702536,-46.6134921187606;-23.6051821025611,-46.6144398611718;-23.6085157 -46.6134971;-23.6051836 -46.6144532;394;67;56
136;Thu Mar 14 23:22:44 2019;-23.6085093702536,-46.6134921187606;-23.6051821025611,-46.6144398611718;-23.6085157 -46.6134971;-23.6051836 -46.6144532;394;67;54
137;Thu Mar 14 23:23:42 2019;-23.6085093702536,-46.6134921187606;-23.6051821025611,-46.6144398611718;-23.6085157 -46.6134971;-23.6051836 -46.6144532;394;67;57
138;Thu Mar 14 23:24:42 2019;-23.6085093702536,-46.6134921187606;-23.6051821025611,-46.6144398611718;-23.6085157 -46.6134971;-23.6051836 -46.6144532;394;67;53
139;Thu Mar 14 23:25:42 2019;-23.6085093702536,-46.6134921187606;-23.6051821025611,-46.6144398611718;-23.6085157 -46.6134971;-23.6051836 -46.6144532;394;67;53
140;Thu Mar 14 23:26:42 2019;-23.6085093702536,-46.6134921187606;-23.6051821025611,-46.6144398611718;-23.6085157 -46.6134971;-23.6051836 -46.6144532;394;67;54
141;Thu Mar 14 23:27:42 2019;-23.6085093702536,-46.6134921187606;-23.6051821025611,-46.6144398611718;-23.6085157 -46.6134971;-23.6051836 -46.6144532;394;67;55
142;Thu Mar 14 23:28:42 2019;-23.6085093702536,-46.6134921187606;-23.6051821025611,-46.6144398611718;-23.6085157 -46.6134971;-23.6051836 -46.6144532;394;67;55
143;Thu Mar 14 23:29:42 2019;-23.6085093702536,-46.6134921187606;-23.6051821025611,-46.6144398611718;-23.6085157 -46.6134971;-23.6051836 -46.6144532;394;67;55
144;Thu Mar 14 23:30:42 2019;-23.6085093702536,-46.6134921187606;-23.6051821025611,-46.6144398611718;-23.6085157 -46.6134971;-23.6051836 -46.6144532;394;67;55
145;Thu Mar 14 23:31:42 2019;-23.6085093702536,-46.6134921187606;-23.6051821025611,-46.6144398611718;-23.6085157 -46.6134971;-23.6051836 -46.6144532;394;67;56
146;Thu Mar 14 23:32:42 2019;-23.6085093702536,-46.6134921187606;-23.6051821025611,-46.6144398611718;-23.6085157 -46.6134971;-23.6051836 -46.6144532;394;67;56
147;Thu Mar 14 23:33:42 2019;-23.6085093702536,-46.6134921187606;-23.6051821025611,-46.6144398611718;-23.6085157 -46.6134971;-23.6051836 -46.6144532;394;67;57
148;Thu Mar 14 23:34:42 2019;-23.6085093702536,-46.6134921187606;-23.6051821025611,-46.6144398611718;-23.6085157 -46.6134971;-23.6051836 -46.6144532;394;67;53
149;Thu Mar 14 23:35:42 2019;-23.6085093702536,-46.6134921187606;-23.6051821025611,-46.6144398611718;-23.6085157 -46.6134971;-23.6051836 -46.6144532;394;67;54
150;Thu Mar 14 23:36:42 2019;-23.6085093702536,-46.6134921187606;-23.6051821025611,-46.6144398611718;-23.6085157 -46.6134971;-23.6051836 -46.6144532;394;67;54
151;Thu Mar 14 23:37:43 2019;-23.6085093702536,-46.6134921187606;-23.6051821025611,-46.6144398611718;-23.6085157 -46.6134971;-23.6051836 -46.6144532;394;67;52
152;Thu Mar 14 23:38:42 2019;-23.6085093702536,-46.6134921187606;-23.6051821025611,-46.6144398611718;-23.6085157 -46.6134971;-23.6051836 -46.6144532;394;67;52
153;Thu Mar 14 23:39:42 2019;-23.6085093702536,-46.6134921187606;-23.6051821025611,-46.6144398611718;-23.6085157 -46.6134971;-23.6051836 -46.6144532;394;67;51
154;Thu Mar 14 23:40:42 2019;-23.6085093702536,-46.6134921187606;-23.6051821025611,-46.6144398611718;-23.6085157 -46.6134971;-23.6051836 -46.6144532;394;67;51
155;Thu Mar 14 23:41:42 2019;-23.6085093702536,-46.6134921187606;-23.6051821025611,-46.6144398611718;-23.6085157 -46.6134971;-23.6051836 -46.6144532;394;67;52
156;Thu Mar 14 23:42:42 2019;-23.6085093702536,-46.6134921187606;-23.6051821025611,-46.6144398611718;-23.6085157 -46.6134971;-23.6051836 -46.6144532;394;67;52
157;Thu Mar 14 23:43:42 2019;-23.6085093702536,-46.6134921187606;-23.6051821025611,-46.6144398611718;-23.6085157 -46.6134971;-23.6051836 -46.6144532;394;67;52
158;Thu Mar 14 23:44:42 2019;-23.6085093702536,-46.6134921187606;-23.6051821025611,-46.6144398611718;-23.6085157 -46.6134971;-23.6051836 -46.6144532;394;67;50
159;Thu Mar 14 23:45:42 2019;-23.6085093702536,-46.6134921187606;-23.6051821025611,-46.6144398611718;-23.6085157 -46.6134971;-23.6051836 -46.6144532;394;67;51
160;Thu Mar 14 23:46:42 2019;-23.6085093702536,-46.6134921187606;-23.6051821025611,-46.6144398611718;-23.6085157 -46.6134971;-23.6051836 -46.6144532;394;67;51
161;Thu Mar 14 23:47:42 2019;-23.6085093702536,-46.6134921187606;-23.6051821025611,-46.6144398611718;-23.6085157 -46.6134971;-23.6051836 -46.6144532;394;67;50
162;Thu Mar 14 23:48:42 2019;-23.6085093702536,-46.6134921187606;-23.6051821025611,-46.6144398611718;-23.6085157 -46.6134971;-23.6051836 -46.6144532;394;67;50
163;Thu Mar 14 23:49:42 2019;-23.6085093702536,-46.6134921187606;-23.6051821025611,-46.6144398611718;-23.6085157 -46.6134971;-23.6051836 -46.6144532;394;67;50
164;Thu Mar 14 23:50:42 2019;-23.6085093702536,-46.6134921187606;-23.6051821025611,-46.6144398611718;-23.6085157 -46.6134971;-23.6051836 -46.6144532;394;67;49
165;Thu Mar 14 23:51:42 2019;-23.6085093702536,-46.6134921187606;-23.6051821025611,-46.6144398611718;-23.6085157 -46.6134971;-23.6051836 -46.6144532;394;67;49
166;Thu Mar 14 23:52:44 2019;-23.6085093702536,-46.6134921187606;-23.6051821025611,-46.6144398611718;-23.6085157 -46.6134971;-23.6051836 -46.6144532;394;67;49
167;Thu Mar 14 23:53:42 2019;-23.6085093702536,-46.6134921187606;-23.6051821025611,-46.6144398611718;-23.6085157 -46.6134971;-23.6051836 -46.6144532;394;67;49
168;Thu Mar 14 23:54:42 2019;-23.6085093702536,-46.6134921187606;-23.6051821025611,-46.6144398611718;-23.6085157 -46.6134971;-23.6051836 -46.6144532;394;67;49
169;Thu Mar 14 23:55:42 2019;-23.6085093702536,-46.6134921187606;-23.6051821025611,-46.6144398611718;-23.6085157 -46.6134971;-23.6051836 -46.6144532;394;67;50
170;Thu Mar 14 23:56:42 2019;-23.6085093702536,-46.6134921187606;-23.6051821025611,-46.6144398611718;-23.6085157 -46.6134971;-23.6051836 -46.6144532;394;67;50
171;Thu Mar 14 23:57:43 2019;-23.6085093702536,-46.6134921187606;-23.6051821025611,-46.6144398611718;-23.6085157 -46.6134971;-23.6051836 -46.6144532;394;67;50
172;Thu Mar 14 23:58:42 2019;-23.6085093702536,-46.6134921187606;-23.6051821025611,-46.6144398611718;-23.6085157 -46.6134971;-23.6051836 -46.6144532;394;67;50
173;Thu Mar 14 23:59:42 2019;-23.6085093702536,-46.6134921187606;-23.6051821025611,-46.6144398611718;-23.6085157 -46.6134971;-23.6051836 -46.6144532;394;67;50
