38972;Thu Mar 14 00:00:09 2019;-23.5942830576835,-46.6197471042453;-23.5927969162167,-46.6198686148975;-23.5942939 -46.6197596;-23.5928068 -46.6199011;173;30;23
39213;Thu Mar 14 04:01:14 2019;-23.5942830576835,-46.6197471042453;-23.5927969162167,-46.6198686148975;-23.5942939 -46.6197596;-23.5928068 -46.6199011;173;30;18
39214;Thu Mar 14 04:02:09 2019;-23.5942830576835,-46.6197471042453;-23.5927969162167,-46.6198686148975;-23.5942939 -46.6197596;-23.5928068 -46.6199011;173;30;18
39215;Thu Mar 14 04:03:09 2019;-23.5942830576835,-46.6197471042453;-23.5927969162167,-46.6198686148975;-23.5942939 -46.6197596;-23.5928068 -46.6199011;173;30;18
39216;Thu Mar 14 04:04:09 2019;-23.5942830576835,-46.6197471042453;-23.5927969162167,-46.6198686148975;-23.5942939 -46.6197596;-23.5928068 -46.6199011;173;30;18
39217;Thu Mar 14 04:05:09 2019;-23.5942830576835,-46.6197471042453;-23.5927969162167,-46.6198686148975;-23.5942939 -46.6197596;-23.5928068 -46.6199011;173;30;18
39218;Thu Mar 14 04:06:09 2019;-23.5942830576835,-46.6197471042453;-23.5927969162167,-46.6198686148975;-23.5942939 -46.6197596;-23.5928068 -46.6199011;173;30;18
39219;Thu Mar 14 04:07:09 2019;-23.5942830576835,-46.6197471042453;-23.5927969162167,-46.6198686148975;-23.5942939 -46.6197596;-23.5928068 -46.6199011;173;30;18
39220;Thu Mar 14 04:08:09 2019;-23.5942830576835,-46.6197471042453;-23.5927969162167,-46.6198686148975;-23.5942939 -46.6197596;-23.5928068 -46.6199011;173;30;19
39221;Thu Mar 14 04:09:09 2019;-23.5942830576835,-46.6197471042453;-23.5927969162167,-46.6198686148975;-23.5942939 -46.6197596;-23.5928068 -46.6199011;173;30;19
39222;Thu Mar 14 04:10:09 2019;-23.5942830576835,-46.6197471042453;-23.5927969162167,-46.6198686148975;-23.5942939 -46.6197596;-23.5928068 -46.6199011;173;30;19
1;Thu Mar 14 21:07:47 2019;-23.5942830576835,-46.6197471042453;-23.5927969162167,-46.6198686148975;-23.5942939 -46.6197596;-23.5928068 -46.6199011;173;30;28
2;Thu Mar 14 21:08:46 2019;-23.5942830576835,-46.6197471042453;-23.5927969162167,-46.6198686148975;-23.5942939 -46.6197596;-23.5928068 -46.6199011;173;30;28
3;Thu Mar 14 21:09:43 2019;-23.5942830576835,-46.6197471042453;-23.5927969162167,-46.6198686148975;-23.5942939 -46.6197596;-23.5928068 -46.6199011;173;30;28
4;Thu Mar 14 21:10:43 2019;-23.5942830576835,-46.6197471042453;-23.5927969162167,-46.6198686148975;-23.5942939 -46.6197596;-23.5928068 -46.6199011;173;30;28
5;Thu Mar 14 21:11:43 2019;-23.5942830576835,-46.6197471042453;-23.5927969162167,-46.6198686148975;-23.5942939 -46.6197596;-23.5928068 -46.6199011;173;30;28
6;Thu Mar 14 21:12:42 2019;-23.5942830576835,-46.6197471042453;-23.5927969162167,-46.6198686148975;-23.5942939 -46.6197596;-23.5928068 -46.6199011;173;30;28
7;Thu Mar 14 21:13:43 2019;-23.5942830576835,-46.6197471042453;-23.5927969162167,-46.6198686148975;-23.5942939 -46.6197596;-23.5928068 -46.6199011;173;30;28
8;Thu Mar 14 21:14:43 2019;-23.5942830576835,-46.6197471042453;-23.5927969162167,-46.6198686148975;-23.5942939 -46.6197596;-23.5928068 -46.6199011;173;30;28
9;Thu Mar 14 21:15:43 2019;-23.5942830576835,-46.6197471042453;-23.5927969162167,-46.6198686148975;-23.5942939 -46.6197596;-23.5928068 -46.6199011;173;30;28
10;Thu Mar 14 21:16:43 2019;-23.5942830576835,-46.6197471042453;-23.5927969162167,-46.6198686148975;-23.5942939 -46.6197596;-23.5928068 -46.6199011;173;30;28
11;Thu Mar 14 21:17:43 2019;-23.5942830576835,-46.6197471042453;-23.5927969162167,-46.6198686148975;-23.5942939 -46.6197596;-23.5928068 -46.6199011;173;30;28
12;Thu Mar 14 21:18:43 2019;-23.5942830576835,-46.6197471042453;-23.5927969162167,-46.6198686148975;-23.5942939 -46.6197596;-23.5928068 -46.6199011;173;30;28
13;Thu Mar 14 21:19:43 2019;-23.5942830576835,-46.6197471042453;-23.5927969162167,-46.6198686148975;-23.5942939 -46.6197596;-23.5928068 -46.6199011;173;30;28
14;Thu Mar 14 21:20:43 2019;-23.5942830576835,-46.6197471042453;-23.5927969162167,-46.6198686148975;-23.5942939 -46.6197596;-23.5928068 -46.6199011;173;30;28
15;Thu Mar 14 21:21:44 2019;-23.5942830576835,-46.6197471042453;-23.5927969162167,-46.6198686148975;-23.5942939 -46.6197596;-23.5928068 -46.6199011;173;30;27
16;Thu Mar 14 21:22:47 2019;-23.5942830576835,-46.6197471042453;-23.5927969162167,-46.6198686148975;-23.5942939 -46.6197596;-23.5928068 -46.6199011;173;30;26
17;Thu Mar 14 21:23:43 2019;-23.5942830576835,-46.6197471042453;-23.5927969162167,-46.6198686148975;-23.5942939 -46.6197596;-23.5928068 -46.6199011;173;30;26
18;Thu Mar 14 21:24:43 2019;-23.5942830576835,-46.6197471042453;-23.5927969162167,-46.6198686148975;-23.5942939 -46.6197596;-23.5928068 -46.6199011;173;30;25
19;Thu Mar 14 21:25:43 2019;-23.5942830576835,-46.6197471042453;-23.5927969162167,-46.6198686148975;-23.5942939 -46.6197596;-23.5928068 -46.6199011;173;30;25
20;Thu Mar 14 21:26:43 2019;-23.5942830576835,-46.6197471042453;-23.5927969162167,-46.6198686148975;-23.5942939 -46.6197596;-23.5928068 -46.6199011;173;30;25
21;Thu Mar 14 21:27:43 2019;-23.5942830576835,-46.6197471042453;-23.5927969162167,-46.6198686148975;-23.5942939 -46.6197596;-23.5928068 -46.6199011;173;30;25
22;Thu Mar 14 21:28:43 2019;-23.5942830576835,-46.6197471042453;-23.5927969162167,-46.6198686148975;-23.5942939 -46.6197596;-23.5928068 -46.6199011;173;30;25
23;Thu Mar 14 21:29:43 2019;-23.5942830576835,-46.6197471042453;-23.5927969162167,-46.6198686148975;-23.5942939 -46.6197596;-23.5928068 -46.6199011;173;30;25
24;Thu Mar 14 21:30:43 2019;-23.5942830576835,-46.6197471042453;-23.5927969162167,-46.6198686148975;-23.5942939 -46.6197596;-23.5928068 -46.6199011;173;30;25
25;Thu Mar 14 21:31:43 2019;-23.5942830576835,-46.6197471042453;-23.5927969162167,-46.6198686148975;-23.5942939 -46.6197596;-23.5928068 -46.6199011;173;30;25
26;Thu Mar 14 21:32:43 2019;-23.5942830576835,-46.6197471042453;-23.5927969162167,-46.6198686148975;-23.5942939 -46.6197596;-23.5928068 -46.6199011;173;30;25
27;Thu Mar 14 21:33:43 2019;-23.5942830576835,-46.6197471042453;-23.5927969162167,-46.6198686148975;-23.5942939 -46.6197596;-23.5928068 -46.6199011;173;30;25
28;Thu Mar 14 21:34:43 2019;-23.5942830576835,-46.6197471042453;-23.5927969162167,-46.6198686148975;-23.5942939 -46.6197596;-23.5928068 -46.6199011;173;30;25
29;Thu Mar 14 21:35:43 2019;-23.5942830576835,-46.6197471042453;-23.5927969162167,-46.6198686148975;-23.5942939 -46.6197596;-23.5928068 -46.6199011;173;30;25
30;Thu Mar 14 21:36:43 2019;-23.5942830576835,-46.6197471042453;-23.5927969162167,-46.6198686148975;-23.5942939 -46.6197596;-23.5928068 -46.6199011;173;30;24
31;Thu Mar 14 21:37:48 2019;-23.5942830576835,-46.6197471042453;-23.5927969162167,-46.6198686148975;-23.5942939 -46.6197596;-23.5928068 -46.6199011;173;30;24
32;Thu Mar 14 21:38:43 2019;-23.5942830576835,-46.6197471042453;-23.5927969162167,-46.6198686148975;-23.5942939 -46.6197596;-23.5928068 -46.6199011;173;30;24
33;Thu Mar 14 21:39:43 2019;-23.5942830576835,-46.6197471042453;-23.5927969162167,-46.6198686148975;-23.5942939 -46.6197596;-23.5928068 -46.6199011;173;30;24
34;Thu Mar 14 21:40:42 2019;-23.5942830576835,-46.6197471042453;-23.5927969162167,-46.6198686148975;-23.5942939 -46.6197596;-23.5928068 -46.6199011;173;30;24
35;Thu Mar 14 21:41:43 2019;-23.5942830576835,-46.6197471042453;-23.5927969162167,-46.6198686148975;-23.5942939 -46.6197596;-23.5928068 -46.6199011;173;30;24
36;Thu Mar 14 21:42:43 2019;-23.5942830576835,-46.6197471042453;-23.5927969162167,-46.6198686148975;-23.5942939 -46.6197596;-23.5928068 -46.6199011;173;30;24
37;Thu Mar 14 21:43:43 2019;-23.5942830576835,-46.6197471042453;-23.5927969162167,-46.6198686148975;-23.5942939 -46.6197596;-23.5928068 -46.6199011;173;30;24
38;Thu Mar 14 21:44:43 2019;-23.5942830576835,-46.6197471042453;-23.5927969162167,-46.6198686148975;-23.5942939 -46.6197596;-23.5928068 -46.6199011;173;30;24
39;Thu Mar 14 21:45:43 2019;-23.5942830576835,-46.6197471042453;-23.5927969162167,-46.6198686148975;-23.5942939 -46.6197596;-23.5928068 -46.6199011;173;30;24
40;Thu Mar 14 21:46:43 2019;-23.5942830576835,-46.6197471042453;-23.5927969162167,-46.6198686148975;-23.5942939 -46.6197596;-23.5928068 -46.6199011;173;30;24
41;Thu Mar 14 21:47:43 2019;-23.5942830576835,-46.6197471042453;-23.5927969162167,-46.6198686148975;-23.5942939 -46.6197596;-23.5928068 -46.6199011;173;30;24
42;Thu Mar 14 21:48:43 2019;-23.5942830576835,-46.6197471042453;-23.5927969162167,-46.6198686148975;-23.5942939 -46.6197596;-23.5928068 -46.6199011;173;30;24
43;Thu Mar 14 21:49:43 2019;-23.5942830576835,-46.6197471042453;-23.5927969162167,-46.6198686148975;-23.5942939 -46.6197596;-23.5928068 -46.6199011;173;30;24
44;Thu Mar 14 21:50:43 2019;-23.5942830576835,-46.6197471042453;-23.5927969162167,-46.6198686148975;-23.5942939 -46.6197596;-23.5928068 -46.6199011;173;30;25
45;Thu Mar 14 21:51:43 2019;-23.5942830576835,-46.6197471042453;-23.5927969162167,-46.6198686148975;-23.5942939 -46.6197596;-23.5928068 -46.6199011;173;30;25
46;Thu Mar 14 21:52:46 2019;-23.5942830576835,-46.6197471042453;-23.5927969162167,-46.6198686148975;-23.5942939 -46.6197596;-23.5928068 -46.6199011;173;30;24
47;Thu Mar 14 21:53:43 2019;-23.5942830576835,-46.6197471042453;-23.5927969162167,-46.6198686148975;-23.5942939 -46.6197596;-23.5928068 -46.6199011;173;30;24
48;Thu Mar 14 21:54:43 2019;-23.5942830576835,-46.6197471042453;-23.5927969162167,-46.6198686148975;-23.5942939 -46.6197596;-23.5928068 -46.6199011;173;30;24
49;Thu Mar 14 21:55:43 2019;-23.5942830576835,-46.6197471042453;-23.5927969162167,-46.6198686148975;-23.5942939 -46.6197596;-23.5928068 -46.6199011;173;30;24
50;Thu Mar 14 21:56:43 2019;-23.5942830576835,-46.6197471042453;-23.5927969162167,-46.6198686148975;-23.5942939 -46.6197596;-23.5928068 -46.6199011;173;30;24
51;Thu Mar 14 21:57:43 2019;-23.5942830576835,-46.6197471042453;-23.5927969162167,-46.6198686148975;-23.5942939 -46.6197596;-23.5928068 -46.6199011;173;30;24
52;Thu Mar 14 21:58:43 2019;-23.5942830576835,-46.6197471042453;-23.5927969162167,-46.6198686148975;-23.5942939 -46.6197596;-23.5928068 -46.6199011;173;30;24
53;Thu Mar 14 21:59:43 2019;-23.5942830576835,-46.6197471042453;-23.5927969162167,-46.6198686148975;-23.5942939 -46.6197596;-23.5928068 -46.6199011;173;30;24
54;Thu Mar 14 22:00:43 2019;-23.5942830576835,-46.6197471042453;-23.5927969162167,-46.6198686148975;-23.5942939 -46.6197596;-23.5928068 -46.6199011;173;30;24
55;Thu Mar 14 22:01:43 2019;-23.5942830576835,-46.6197471042453;-23.5927969162167,-46.6198686148975;-23.5942939 -46.6197596;-23.5928068 -46.6199011;173;30;24
56;Thu Mar 14 22:02:44 2019;-23.5942830576835,-46.6197471042453;-23.5927969162167,-46.6198686148975;-23.5942939 -46.6197596;-23.5928068 -46.6199011;173;30;24
57;Thu Mar 14 22:03:42 2019;-23.5942830576835,-46.6197471042453;-23.5927969162167,-46.6198686148975;-23.5942939 -46.6197596;-23.5928068 -46.6199011;173;30;28
58;Thu Mar 14 22:04:43 2019;-23.5942830576835,-46.6197471042453;-23.5927969162167,-46.6198686148975;-23.5942939 -46.6197596;-23.5928068 -46.6199011;173;30;28
59;Thu Mar 14 22:05:43 2019;-23.5942830576835,-46.6197471042453;-23.5927969162167,-46.6198686148975;-23.5942939 -46.6197596;-23.5928068 -46.6199011;173;30;24
60;Thu Mar 14 22:06:44 2019;-23.5942830576835,-46.6197471042453;-23.5927969162167,-46.6198686148975;-23.5942939 -46.6197596;-23.5928068 -46.6199011;173;30;23
61;Thu Mar 14 22:07:46 2019;-23.5942830576835,-46.6197471042453;-23.5927969162167,-46.6198686148975;-23.5942939 -46.6197596;-23.5928068 -46.6199011;173;30;24
62;Thu Mar 14 22:08:43 2019;-23.5942830576835,-46.6197471042453;-23.5927969162167,-46.6198686148975;-23.5942939 -46.6197596;-23.5928068 -46.6199011;173;30;25
63;Thu Mar 14 22:09:43 2019;-23.5942830576835,-46.6197471042453;-23.5927969162167,-46.6198686148975;-23.5942939 -46.6197596;-23.5928068 -46.6199011;173;30;25
64;Thu Mar 14 22:10:43 2019;-23.5942830576835,-46.6197471042453;-23.5927969162167,-46.6198686148975;-23.5942939 -46.6197596;-23.5928068 -46.6199011;173;30;25
65;Thu Mar 14 22:11:43 2019;-23.5942830576835,-46.6197471042453;-23.5927969162167,-46.6198686148975;-23.5942939 -46.6197596;-23.5928068 -46.6199011;173;30;25
66;Thu Mar 14 22:12:42 2019;-23.5942830576835,-46.6197471042453;-23.5927969162167,-46.6198686148975;-23.5942939 -46.6197596;-23.5928068 -46.6199011;173;30;25
67;Thu Mar 14 22:13:43 2019;-23.5942830576835,-46.6197471042453;-23.5927969162167,-46.6198686148975;-23.5942939 -46.6197596;-23.5928068 -46.6199011;173;30;24
68;Thu Mar 14 22:14:43 2019;-23.5942830576835,-46.6197471042453;-23.5927969162167,-46.6198686148975;-23.5942939 -46.6197596;-23.5928068 -46.6199011;173;30;24
69;Thu Mar 14 22:15:43 2019;-23.5942830576835,-46.6197471042453;-23.5927969162167,-46.6198686148975;-23.5942939 -46.6197596;-23.5928068 -46.6199011;173;30;24
70;Thu Mar 14 22:16:43 2019;-23.5942830576835,-46.6197471042453;-23.5927969162167,-46.6198686148975;-23.5942939 -46.6197596;-23.5928068 -46.6199011;173;30;24
71;Thu Mar 14 22:17:43 2019;-23.5942830576835,-46.6197471042453;-23.5927969162167,-46.6198686148975;-23.5942939 -46.6197596;-23.5928068 -46.6199011;173;30;24
72;Thu Mar 14 22:18:43 2019;-23.5942830576835,-46.6197471042453;-23.5927969162167,-46.6198686148975;-23.5942939 -46.6197596;-23.5928068 -46.6199011;173;30;24
73;Thu Mar 14 22:19:43 2019;-23.5942830576835,-46.6197471042453;-23.5927969162167,-46.6198686148975;-23.5942939 -46.6197596;-23.5928068 -46.6199011;173;30;24
74;Thu Mar 14 22:20:43 2019;-23.5942830576835,-46.6197471042453;-23.5927969162167,-46.6198686148975;-23.5942939 -46.6197596;-23.5928068 -46.6199011;173;30;24
75;Thu Mar 14 22:21:43 2019;-23.5942830576835,-46.6197471042453;-23.5927969162167,-46.6198686148975;-23.5942939 -46.6197596;-23.5928068 -46.6199011;173;30;24
76;Thu Mar 14 22:22:47 2019;-23.5942830576835,-46.6197471042453;-23.5927969162167,-46.6198686148975;-23.5942939 -46.6197596;-23.5928068 -46.6199011;173;30;25
77;Thu Mar 14 22:23:43 2019;-23.5942830576835,-46.6197471042453;-23.5927969162167,-46.6198686148975;-23.5942939 -46.6197596;-23.5928068 -46.6199011;173;30;25
78;Thu Mar 14 22:24:42 2019;-23.5942830576835,-46.6197471042453;-23.5927969162167,-46.6198686148975;-23.5942939 -46.6197596;-23.5928068 -46.6199011;173;30;24
79;Thu Mar 14 22:25:43 2019;-23.5942830576835,-46.6197471042453;-23.5927969162167,-46.6198686148975;-23.5942939 -46.6197596;-23.5928068 -46.6199011;173;30;24
80;Thu Mar 14 22:26:43 2019;-23.5942830576835,-46.6197471042453;-23.5927969162167,-46.6198686148975;-23.5942939 -46.6197596;-23.5928068 -46.6199011;173;30;24
81;Thu Mar 14 22:27:43 2019;-23.5942830576835,-46.6197471042453;-23.5927969162167,-46.6198686148975;-23.5942939 -46.6197596;-23.5928068 -46.6199011;173;30;24
82;Thu Mar 14 22:28:43 2019;-23.5942830576835,-46.6197471042453;-23.5927969162167,-46.6198686148975;-23.5942939 -46.6197596;-23.5928068 -46.6199011;173;30;24
83;Thu Mar 14 22:29:43 2019;-23.5942830576835,-46.6197471042453;-23.5927969162167,-46.6198686148975;-23.5942939 -46.6197596;-23.5928068 -46.6199011;173;30;24
84;Thu Mar 14 22:30:43 2019;-23.5942830576835,-46.6197471042453;-23.5927969162167,-46.6198686148975;-23.5942939 -46.6197596;-23.5928068 -46.6199011;173;30;24
85;Thu Mar 14 22:31:44 2019;-23.5942830576835,-46.6197471042453;-23.5927969162167,-46.6198686148975;-23.5942939 -46.6197596;-23.5928068 -46.6199011;173;30;24
86;Thu Mar 14 22:32:43 2019;-23.5942830576835,-46.6197471042453;-23.5927969162167,-46.6198686148975;-23.5942939 -46.6197596;-23.5928068 -46.6199011;173;30;24
87;Thu Mar 14 22:33:43 2019;-23.5942830576835,-46.6197471042453;-23.5927969162167,-46.6198686148975;-23.5942939 -46.6197596;-23.5928068 -46.6199011;173;30;24
88;Thu Mar 14 22:34:43 2019;-23.5942830576835,-46.6197471042453;-23.5927969162167,-46.6198686148975;-23.5942939 -46.6197596;-23.5928068 -46.6199011;173;30;24
89;Thu Mar 14 22:35:42 2019;-23.5942830576835,-46.6197471042453;-23.5927969162167,-46.6198686148975;-23.5942939 -46.6197596;-23.5928068 -46.6199011;173;30;24
90;Thu Mar 14 22:36:43 2019;-23.5942830576835,-46.6197471042453;-23.5927969162167,-46.6198686148975;-23.5942939 -46.6197596;-23.5928068 -46.6199011;173;30;24
91;Thu Mar 14 22:37:47 2019;-23.5942830576835,-46.6197471042453;-23.5927969162167,-46.6198686148975;-23.5942939 -46.6197596;-23.5928068 -46.6199011;173;30;23
92;Thu Mar 14 22:38:43 2019;-23.5942830576835,-46.6197471042453;-23.5927969162167,-46.6198686148975;-23.5942939 -46.6197596;-23.5928068 -46.6199011;173;30;23
93;Thu Mar 14 22:39:43 2019;-23.5942830576835,-46.6197471042453;-23.5927969162167,-46.6198686148975;-23.5942939 -46.6197596;-23.5928068 -46.6199011;173;30;23
94;Thu Mar 14 22:40:44 2019;-23.5942830576835,-46.6197471042453;-23.5927969162167,-46.6198686148975;-23.5942939 -46.6197596;-23.5928068 -46.6199011;173;30;23
95;Thu Mar 14 22:41:43 2019;-23.5942830576835,-46.6197471042453;-23.5927969162167,-46.6198686148975;-23.5942939 -46.6197596;-23.5928068 -46.6199011;173;30;23
96;Thu Mar 14 22:42:42 2019;-23.5942830576835,-46.6197471042453;-23.5927969162167,-46.6198686148975;-23.5942939 -46.6197596;-23.5928068 -46.6199011;173;30;23
97;Thu Mar 14 22:43:43 2019;-23.5942830576835,-46.6197471042453;-23.5927969162167,-46.6198686148975;-23.5942939 -46.6197596;-23.5928068 -46.6199011;173;30;24
98;Thu Mar 14 22:44:43 2019;-23.5942830576835,-46.6197471042453;-23.5927969162167,-46.6198686148975;-23.5942939 -46.6197596;-23.5928068 -46.6199011;173;30;24
99;Thu Mar 14 22:45:43 2019;-23.5942830576835,-46.6197471042453;-23.5927969162167,-46.6198686148975;-23.5942939 -46.6197596;-23.5928068 -46.6199011;173;30;24
100;Thu Mar 14 22:46:43 2019;-23.5942830576835,-46.6197471042453;-23.5927969162167,-46.6198686148975;-23.5942939 -46.6197596;-23.5928068 -46.6199011;173;30;23
101;Thu Mar 14 22:47:43 2019;-23.5942830576835,-46.6197471042453;-23.5927969162167,-46.6198686148975;-23.5942939 -46.6197596;-23.5928068 -46.6199011;173;30;23
102;Thu Mar 14 22:48:43 2019;-23.5942830576835,-46.6197471042453;-23.5927969162167,-46.6198686148975;-23.5942939 -46.6197596;-23.5928068 -46.6199011;173;30;23
103;Thu Mar 14 22:49:44 2019;-23.5942830576835,-46.6197471042453;-23.5927969162167,-46.6198686148975;-23.5942939 -46.6197596;-23.5928068 -46.6199011;173;30;23
104;Thu Mar 14 22:50:43 2019;-23.5942830576835,-46.6197471042453;-23.5927969162167,-46.6198686148975;-23.5942939 -46.6197596;-23.5928068 -46.6199011;173;30;23
105;Thu Mar 14 22:51:43 2019;-23.5942830576835,-46.6197471042453;-23.5927969162167,-46.6198686148975;-23.5942939 -46.6197596;-23.5928068 -46.6199011;173;30;23
106;Thu Mar 14 22:52:48 2019;-23.5942830576835,-46.6197471042453;-23.5927969162167,-46.6198686148975;-23.5942939 -46.6197596;-23.5928068 -46.6199011;173;30;23
107;Thu Mar 14 22:53:43 2019;-23.5942830576835,-46.6197471042453;-23.5927969162167,-46.6198686148975;-23.5942939 -46.6197596;-23.5928068 -46.6199011;173;30;23
108;Thu Mar 14 22:54:43 2019;-23.5942830576835,-46.6197471042453;-23.5927969162167,-46.6198686148975;-23.5942939 -46.6197596;-23.5928068 -46.6199011;173;30;23
109;Thu Mar 14 22:55:43 2019;-23.5942830576835,-46.6197471042453;-23.5927969162167,-46.6198686148975;-23.5942939 -46.6197596;-23.5928068 -46.6199011;173;30;23
110;Thu Mar 14 22:56:42 2019;-23.5942830576835,-46.6197471042453;-23.5927969162167,-46.6198686148975;-23.5942939 -46.6197596;-23.5928068 -46.6199011;173;30;23
111;Thu Mar 14 22:57:43 2019;-23.5942830576835,-46.6197471042453;-23.5927969162167,-46.6198686148975;-23.5942939 -46.6197596;-23.5928068 -46.6199011;173;30;23
112;Thu Mar 14 22:58:42 2019;-23.5942830576835,-46.6197471042453;-23.5927969162167,-46.6198686148975;-23.5942939 -46.6197596;-23.5928068 -46.6199011;173;30;23
113;Thu Mar 14 22:59:43 2019;-23.5942830576835,-46.6197471042453;-23.5927969162167,-46.6198686148975;-23.5942939 -46.6197596;-23.5928068 -46.6199011;173;30;23
114;Thu Mar 14 23:00:43 2019;-23.5942830576835,-46.6197471042453;-23.5927969162167,-46.6198686148975;-23.5942939 -46.6197596;-23.5928068 -46.6199011;173;30;23
115;Thu Mar 14 23:01:42 2019;-23.5942830576835,-46.6197471042453;-23.5927969162167,-46.6198686148975;-23.5942939 -46.6197596;-23.5928068 -46.6199011;173;30;23
116;Thu Mar 14 23:02:43 2019;-23.5942830576835,-46.6197471042453;-23.5927969162167,-46.6198686148975;-23.5942939 -46.6197596;-23.5928068 -46.6199011;173;30;24
117;Thu Mar 14 23:03:42 2019;-23.5942830576835,-46.6197471042453;-23.5927969162167,-46.6198686148975;-23.5942939 -46.6197596;-23.5928068 -46.6199011;173;30;24
118;Thu Mar 14 23:04:43 2019;-23.5942830576835,-46.6197471042453;-23.5927969162167,-46.6198686148975;-23.5942939 -46.6197596;-23.5928068 -46.6199011;173;30;24
119;Thu Mar 14 23:05:43 2019;-23.5942830576835,-46.6197471042453;-23.5927969162167,-46.6198686148975;-23.5942939 -46.6197596;-23.5928068 -46.6199011;173;30;24
120;Thu Mar 14 23:06:42 2019;-23.5942830576835,-46.6197471042453;-23.5927969162167,-46.6198686148975;-23.5942939 -46.6197596;-23.5928068 -46.6199011;173;30;23
121;Thu Mar 14 23:07:47 2019;-23.5942830576835,-46.6197471042453;-23.5927969162167,-46.6198686148975;-23.5942939 -46.6197596;-23.5928068 -46.6199011;173;30;23
122;Thu Mar 14 23:08:43 2019;-23.5942830576835,-46.6197471042453;-23.5927969162167,-46.6198686148975;-23.5942939 -46.6197596;-23.5928068 -46.6199011;173;30;23
123;Thu Mar 14 23:09:43 2019;-23.5942830576835,-46.6197471042453;-23.5927969162167,-46.6198686148975;-23.5942939 -46.6197596;-23.5928068 -46.6199011;173;30;23
124;Thu Mar 14 23:10:43 2019;-23.5942830576835,-46.6197471042453;-23.5927969162167,-46.6198686148975;-23.5942939 -46.6197596;-23.5928068 -46.6199011;173;30;23
125;Thu Mar 14 23:11:43 2019;-23.5942830576835,-46.6197471042453;-23.5927969162167,-46.6198686148975;-23.5942939 -46.6197596;-23.5928068 -46.6199011;173;30;23
126;Thu Mar 14 23:12:42 2019;-23.5942830576835,-46.6197471042453;-23.5927969162167,-46.6198686148975;-23.5942939 -46.6197596;-23.5928068 -46.6199011;173;30;23
127;Thu Mar 14 23:13:42 2019;-23.5942830576835,-46.6197471042453;-23.5927969162167,-46.6198686148975;-23.5942939 -46.6197596;-23.5928068 -46.6199011;173;30;23
128;Thu Mar 14 23:14:43 2019;-23.5942830576835,-46.6197471042453;-23.5927969162167,-46.6198686148975;-23.5942939 -46.6197596;-23.5928068 -46.6199011;173;30;23
129;Thu Mar 14 23:15:43 2019;-23.5942830576835,-46.6197471042453;-23.5927969162167,-46.6198686148975;-23.5942939 -46.6197596;-23.5928068 -46.6199011;173;30;23
130;Thu Mar 14 23:16:43 2019;-23.5942830576835,-46.6197471042453;-23.5927969162167,-46.6198686148975;-23.5942939 -46.6197596;-23.5928068 -46.6199011;173;30;23
131;Thu Mar 14 23:17:43 2019;-23.5942830576835,-46.6197471042453;-23.5927969162167,-46.6198686148975;-23.5942939 -46.6197596;-23.5928068 -46.6199011;173;30;23
132;Thu Mar 14 23:18:43 2019;-23.5942830576835,-46.6197471042453;-23.5927969162167,-46.6198686148975;-23.5942939 -46.6197596;-23.5928068 -46.6199011;173;30;23
133;Thu Mar 14 23:19:42 2019;-23.5942830576835,-46.6197471042453;-23.5927969162167,-46.6198686148975;-23.5942939 -46.6197596;-23.5928068 -46.6199011;173;30;23
134;Thu Mar 14 23:20:42 2019;-23.5942830576835,-46.6197471042453;-23.5927969162167,-46.6198686148975;-23.5942939 -46.6197596;-23.5928068 -46.6199011;173;30;23
135;Thu Mar 14 23:21:43 2019;-23.5942830576835,-46.6197471042453;-23.5927969162167,-46.6198686148975;-23.5942939 -46.6197596;-23.5928068 -46.6199011;173;30;23
136;Thu Mar 14 23:22:46 2019;-23.5942830576835,-46.6197471042453;-23.5927969162167,-46.6198686148975;-23.5942939 -46.6197596;-23.5928068 -46.6199011;173;30;25
137;Thu Mar 14 23:23:43 2019;-23.5942830576835,-46.6197471042453;-23.5927969162167,-46.6198686148975;-23.5942939 -46.6197596;-23.5928068 -46.6199011;173;30;25
138;Thu Mar 14 23:24:43 2019;-23.5942830576835,-46.6197471042453;-23.5927969162167,-46.6198686148975;-23.5942939 -46.6197596;-23.5928068 -46.6199011;173;30;25
139;Thu Mar 14 23:25:43 2019;-23.5942830576835,-46.6197471042453;-23.5927969162167,-46.6198686148975;-23.5942939 -46.6197596;-23.5928068 -46.6199011;173;30;25
140;Thu Mar 14 23:26:43 2019;-23.5942830576835,-46.6197471042453;-23.5927969162167,-46.6198686148975;-23.5942939 -46.6197596;-23.5928068 -46.6199011;173;30;24
141;Thu Mar 14 23:27:43 2019;-23.5942830576835,-46.6197471042453;-23.5927969162167,-46.6198686148975;-23.5942939 -46.6197596;-23.5928068 -46.6199011;173;30;25
142;Thu Mar 14 23:28:42 2019;-23.5942830576835,-46.6197471042453;-23.5927969162167,-46.6198686148975;-23.5942939 -46.6197596;-23.5928068 -46.6199011;173;30;24
143;Thu Mar 14 23:29:42 2019;-23.5942830576835,-46.6197471042453;-23.5927969162167,-46.6198686148975;-23.5942939 -46.6197596;-23.5928068 -46.6199011;173;30;24
144;Thu Mar 14 23:30:43 2019;-23.5942830576835,-46.6197471042453;-23.5927969162167,-46.6198686148975;-23.5942939 -46.6197596;-23.5928068 -46.6199011;173;30;24
145;Thu Mar 14 23:31:43 2019;-23.5942830576835,-46.6197471042453;-23.5927969162167,-46.6198686148975;-23.5942939 -46.6197596;-23.5928068 -46.6199011;173;30;24
146;Thu Mar 14 23:32:43 2019;-23.5942830576835,-46.6197471042453;-23.5927969162167,-46.6198686148975;-23.5942939 -46.6197596;-23.5928068 -46.6199011;173;30;25
147;Thu Mar 14 23:33:43 2019;-23.5942830576835,-46.6197471042453;-23.5927969162167,-46.6198686148975;-23.5942939 -46.6197596;-23.5928068 -46.6199011;173;30;25
148;Thu Mar 14 23:34:42 2019;-23.5942830576835,-46.6197471042453;-23.5927969162167,-46.6198686148975;-23.5942939 -46.6197596;-23.5928068 -46.6199011;173;30;25
149;Thu Mar 14 23:35:43 2019;-23.5942830576835,-46.6197471042453;-23.5927969162167,-46.6198686148975;-23.5942939 -46.6197596;-23.5928068 -46.6199011;173;30;25
150;Thu Mar 14 23:36:43 2019;-23.5942830576835,-46.6197471042453;-23.5927969162167,-46.6198686148975;-23.5942939 -46.6197596;-23.5928068 -46.6199011;173;30;25
151;Thu Mar 14 23:37:45 2019;-23.5942830576835,-46.6197471042453;-23.5927969162167,-46.6198686148975;-23.5942939 -46.6197596;-23.5928068 -46.6199011;173;30;24
152;Thu Mar 14 23:38:43 2019;-23.5942830576835,-46.6197471042453;-23.5927969162167,-46.6198686148975;-23.5942939 -46.6197596;-23.5928068 -46.6199011;173;30;24
153;Thu Mar 14 23:39:43 2019;-23.5942830576835,-46.6197471042453;-23.5927969162167,-46.6198686148975;-23.5942939 -46.6197596;-23.5928068 -46.6199011;173;30;24
154;Thu Mar 14 23:40:42 2019;-23.5942830576835,-46.6197471042453;-23.5927969162167,-46.6198686148975;-23.5942939 -46.6197596;-23.5928068 -46.6199011;173;30;24
155;Thu Mar 14 23:41:43 2019;-23.5942830576835,-46.6197471042453;-23.5927969162167,-46.6198686148975;-23.5942939 -46.6197596;-23.5928068 -46.6199011;173;30;24
156;Thu Mar 14 23:42:43 2019;-23.5942830576835,-46.6197471042453;-23.5927969162167,-46.6198686148975;-23.5942939 -46.6197596;-23.5928068 -46.6199011;173;30;25
157;Thu Mar 14 23:43:43 2019;-23.5942830576835,-46.6197471042453;-23.5927969162167,-46.6198686148975;-23.5942939 -46.6197596;-23.5928068 -46.6199011;173;30;25
158;Thu Mar 14 23:44:43 2019;-23.5942830576835,-46.6197471042453;-23.5927969162167,-46.6198686148975;-23.5942939 -46.6197596;-23.5928068 -46.6199011;173;30;25
159;Thu Mar 14 23:45:42 2019;-23.5942830576835,-46.6197471042453;-23.5927969162167,-46.6198686148975;-23.5942939 -46.6197596;-23.5928068 -46.6199011;173;30;25
160;Thu Mar 14 23:46:43 2019;-23.5942830576835,-46.6197471042453;-23.5927969162167,-46.6198686148975;-23.5942939 -46.6197596;-23.5928068 -46.6199011;173;30;25
161;Thu Mar 14 23:47:43 2019;-23.5942830576835,-46.6197471042453;-23.5927969162167,-46.6198686148975;-23.5942939 -46.6197596;-23.5928068 -46.6199011;173;30;25
162;Thu Mar 14 23:48:43 2019;-23.5942830576835,-46.6197471042453;-23.5927969162167,-46.6198686148975;-23.5942939 -46.6197596;-23.5928068 -46.6199011;173;30;25
163;Thu Mar 14 23:49:43 2019;-23.5942830576835,-46.6197471042453;-23.5927969162167,-46.6198686148975;-23.5942939 -46.6197596;-23.5928068 -46.6199011;173;30;25
164;Thu Mar 14 23:50:43 2019;-23.5942830576835,-46.6197471042453;-23.5927969162167,-46.6198686148975;-23.5942939 -46.6197596;-23.5928068 -46.6199011;173;30;25
165;Thu Mar 14 23:51:43 2019;-23.5942830576835,-46.6197471042453;-23.5927969162167,-46.6198686148975;-23.5942939 -46.6197596;-23.5928068 -46.6199011;173;30;25
166;Thu Mar 14 23:52:46 2019;-23.5942830576835,-46.6197471042453;-23.5927969162167,-46.6198686148975;-23.5942939 -46.6197596;-23.5928068 -46.6199011;173;30;26
167;Thu Mar 14 23:53:43 2019;-23.5942830576835,-46.6197471042453;-23.5927969162167,-46.6198686148975;-23.5942939 -46.6197596;-23.5928068 -46.6199011;173;30;24
168;Thu Mar 14 23:54:42 2019;-23.5942830576835,-46.6197471042453;-23.5927969162167,-46.6198686148975;-23.5942939 -46.6197596;-23.5928068 -46.6199011;173;30;25
169;Thu Mar 14 23:55:43 2019;-23.5942830576835,-46.6197471042453;-23.5927969162167,-46.6198686148975;-23.5942939 -46.6197596;-23.5928068 -46.6199011;173;30;25
170;Thu Mar 14 23:56:43 2019;-23.5942830576835,-46.6197471042453;-23.5927969162167,-46.6198686148975;-23.5942939 -46.6197596;-23.5928068 -46.6199011;173;30;25
171;Thu Mar 14 23:57:43 2019;-23.5942830576835,-46.6197471042453;-23.5927969162167,-46.6198686148975;-23.5942939 -46.6197596;-23.5928068 -46.6199011;173;30;25
172;Thu Mar 14 23:58:43 2019;-23.5942830576835,-46.6197471042453;-23.5927969162167,-46.6198686148975;-23.5942939 -46.6197596;-23.5928068 -46.6199011;173;30;25
173;Thu Mar 14 23:59:43 2019;-23.5942830576835,-46.6197471042453;-23.5927969162167,-46.6198686148975;-23.5942939 -46.6197596;-23.5928068 -46.6199011;173;30;25
