38972;Thu Mar 14 00:00:08 2019;-23.6272805616842,-46.6063075256665;-23.6249038312799,-46.6070155404753;-23.6272832 -46.6063177;-23.6249078 -46.6070313;274;64;42
39213;Thu Mar 14 04:01:09 2019;-23.6272805616842,-46.6063075256665;-23.6249038312799,-46.6070155404753;-23.6272832 -46.6063177;-23.6249078 -46.6070313;274;64;31
39214;Thu Mar 14 04:02:08 2019;-23.6272805616842,-46.6063075256665;-23.6249038312799,-46.6070155404753;-23.6272832 -46.6063177;-23.6249078 -46.6070313;274;64;30
39215;Thu Mar 14 04:03:08 2019;-23.6272805616842,-46.6063075256665;-23.6249038312799,-46.6070155404753;-23.6272832 -46.6063177;-23.6249078 -46.6070313;274;64;30
39216;Thu Mar 14 04:04:08 2019;-23.6272805616842,-46.6063075256665;-23.6249038312799,-46.6070155404753;-23.6272832 -46.6063177;-23.6249078 -46.6070313;274;64;30
39217;Thu Mar 14 04:05:08 2019;-23.6272805616842,-46.6063075256665;-23.6249038312799,-46.6070155404753;-23.6272832 -46.6063177;-23.6249078 -46.6070313;274;64;30
39218;Thu Mar 14 04:06:08 2019;-23.6272805616842,-46.6063075256665;-23.6249038312799,-46.6070155404753;-23.6272832 -46.6063177;-23.6249078 -46.6070313;274;64;29
39219;Thu Mar 14 04:07:08 2019;-23.6272805616842,-46.6063075256665;-23.6249038312799,-46.6070155404753;-23.6272832 -46.6063177;-23.6249078 -46.6070313;274;64;29
39220;Thu Mar 14 04:08:08 2019;-23.6272805616842,-46.6063075256665;-23.6249038312799,-46.6070155404753;-23.6272832 -46.6063177;-23.6249078 -46.6070313;274;64;29
39221;Thu Mar 14 04:09:08 2019;-23.6272805616842,-46.6063075256665;-23.6249038312799,-46.6070155404753;-23.6272832 -46.6063177;-23.6249078 -46.6070313;274;64;29
39222;Thu Mar 14 04:10:08 2019;-23.6272805616842,-46.6063075256665;-23.6249038312799,-46.6070155404753;-23.6272832 -46.6063177;-23.6249078 -46.6070313;274;64;29
1;Thu Mar 14 21:07:45 2019;-23.6272805616842,-46.6063075256665;-23.6249038312799,-46.6070155404753;-23.6272832 -46.6063177;-23.6249078 -46.6070313;274;64;55
2;Thu Mar 14 21:08:44 2019;-23.6272805616842,-46.6063075256665;-23.6249038312799,-46.6070155404753;-23.6272832 -46.6063177;-23.6249078 -46.6070313;274;64;55
3;Thu Mar 14 21:09:41 2019;-23.6272805616842,-46.6063075256665;-23.6249038312799,-46.6070155404753;-23.6272832 -46.6063177;-23.6249078 -46.6070313;274;64;55
4;Thu Mar 14 21:10:41 2019;-23.6272805616842,-46.6063075256665;-23.6249038312799,-46.6070155404753;-23.6272832 -46.6063177;-23.6249078 -46.6070313;274;64;55
5;Thu Mar 14 21:11:41 2019;-23.6272805616842,-46.6063075256665;-23.6249038312799,-46.6070155404753;-23.6272832 -46.6063177;-23.6249078 -46.6070313;274;64;52
6;Thu Mar 14 21:12:41 2019;-23.6272805616842,-46.6063075256665;-23.6249038312799,-46.6070155404753;-23.6272832 -46.6063177;-23.6249078 -46.6070313;274;64;54
7;Thu Mar 14 21:13:41 2019;-23.6272805616842,-46.6063075256665;-23.6249038312799,-46.6070155404753;-23.6272832 -46.6063177;-23.6249078 -46.6070313;274;64;53
8;Thu Mar 14 21:14:42 2019;-23.6272805616842,-46.6063075256665;-23.6249038312799,-46.6070155404753;-23.6272832 -46.6063177;-23.6249078 -46.6070313;274;64;53
9;Thu Mar 14 21:15:41 2019;-23.6272805616842,-46.6063075256665;-23.6249038312799,-46.6070155404753;-23.6272832 -46.6063177;-23.6249078 -46.6070313;274;64;53
10;Thu Mar 14 21:16:42 2019;-23.6272805616842,-46.6063075256665;-23.6249038312799,-46.6070155404753;-23.6272832 -46.6063177;-23.6249078 -46.6070313;274;64;53
11;Thu Mar 14 21:17:41 2019;-23.6272805616842,-46.6063075256665;-23.6249038312799,-46.6070155404753;-23.6272832 -46.6063177;-23.6249078 -46.6070313;274;64;51
12;Thu Mar 14 21:18:42 2019;-23.6272805616842,-46.6063075256665;-23.6249038312799,-46.6070155404753;-23.6272832 -46.6063177;-23.6249078 -46.6070313;274;64;51
13;Thu Mar 14 21:19:42 2019;-23.6272805616842,-46.6063075256665;-23.6249038312799,-46.6070155404753;-23.6272832 -46.6063177;-23.6249078 -46.6070313;274;64;52
14;Thu Mar 14 21:20:42 2019;-23.6272805616842,-46.6063075256665;-23.6249038312799,-46.6070155404753;-23.6272832 -46.6063177;-23.6249078 -46.6070313;274;64;50
15;Thu Mar 14 21:21:42 2019;-23.6272805616842,-46.6063075256665;-23.6249038312799,-46.6070155404753;-23.6272832 -46.6063177;-23.6249078 -46.6070313;274;64;51
16;Thu Mar 14 21:22:43 2019;-23.6272805616842,-46.6063075256665;-23.6249038312799,-46.6070155404753;-23.6272832 -46.6063177;-23.6249078 -46.6070313;274;64;51
17;Thu Mar 14 21:23:41 2019;-23.6272805616842,-46.6063075256665;-23.6249038312799,-46.6070155404753;-23.6272832 -46.6063177;-23.6249078 -46.6070313;274;64;51
18;Thu Mar 14 21:24:42 2019;-23.6272805616842,-46.6063075256665;-23.6249038312799,-46.6070155404753;-23.6272832 -46.6063177;-23.6249078 -46.6070313;274;64;51
19;Thu Mar 14 21:25:42 2019;-23.6272805616842,-46.6063075256665;-23.6249038312799,-46.6070155404753;-23.6272832 -46.6063177;-23.6249078 -46.6070313;274;64;48
20;Thu Mar 14 21:26:41 2019;-23.6272805616842,-46.6063075256665;-23.6249038312799,-46.6070155404753;-23.6272832 -46.6063177;-23.6249078 -46.6070313;274;64;49
21;Thu Mar 14 21:27:41 2019;-23.6272805616842,-46.6063075256665;-23.6249038312799,-46.6070155404753;-23.6272832 -46.6063177;-23.6249078 -46.6070313;274;64;48
22;Thu Mar 14 21:28:41 2019;-23.6272805616842,-46.6063075256665;-23.6249038312799,-46.6070155404753;-23.6272832 -46.6063177;-23.6249078 -46.6070313;274;64;50
23;Thu Mar 14 21:29:41 2019;-23.6272805616842,-46.6063075256665;-23.6249038312799,-46.6070155404753;-23.6272832 -46.6063177;-23.6249078 -46.6070313;274;64;50
24;Thu Mar 14 21:30:41 2019;-23.6272805616842,-46.6063075256665;-23.6249038312799,-46.6070155404753;-23.6272832 -46.6063177;-23.6249078 -46.6070313;274;64;49
25;Thu Mar 14 21:31:41 2019;-23.6272805616842,-46.6063075256665;-23.6249038312799,-46.6070155404753;-23.6272832 -46.6063177;-23.6249078 -46.6070313;274;64;49
26;Thu Mar 14 21:32:41 2019;-23.6272805616842,-46.6063075256665;-23.6249038312799,-46.6070155404753;-23.6272832 -46.6063177;-23.6249078 -46.6070313;274;64;46
27;Thu Mar 14 21:33:41 2019;-23.6272805616842,-46.6063075256665;-23.6249038312799,-46.6070155404753;-23.6272832 -46.6063177;-23.6249078 -46.6070313;274;64;47
28;Thu Mar 14 21:34:41 2019;-23.6272805616842,-46.6063075256665;-23.6249038312799,-46.6070155404753;-23.6272832 -46.6063177;-23.6249078 -46.6070313;274;64;47
29;Thu Mar 14 21:35:41 2019;-23.6272805616842,-46.6063075256665;-23.6249038312799,-46.6070155404753;-23.6272832 -46.6063177;-23.6249078 -46.6070313;274;64;45
30;Thu Mar 14 21:36:41 2019;-23.6272805616842,-46.6063075256665;-23.6249038312799,-46.6070155404753;-23.6272832 -46.6063177;-23.6249078 -46.6070313;274;64;44
31;Thu Mar 14 21:37:43 2019;-23.6272805616842,-46.6063075256665;-23.6249038312799,-46.6070155404753;-23.6272832 -46.6063177;-23.6249078 -46.6070313;274;64;44
32;Thu Mar 14 21:38:41 2019;-23.6272805616842,-46.6063075256665;-23.6249038312799,-46.6070155404753;-23.6272832 -46.6063177;-23.6249078 -46.6070313;274;64;43
33;Thu Mar 14 21:39:42 2019;-23.6272805616842,-46.6063075256665;-23.6249038312799,-46.6070155404753;-23.6272832 -46.6063177;-23.6249078 -46.6070313;274;64;43
34;Thu Mar 14 21:40:41 2019;-23.6272805616842,-46.6063075256665;-23.6249038312799,-46.6070155404753;-23.6272832 -46.6063177;-23.6249078 -46.6070313;274;64;43
35;Thu Mar 14 21:41:41 2019;-23.6272805616842,-46.6063075256665;-23.6249038312799,-46.6070155404753;-23.6272832 -46.6063177;-23.6249078 -46.6070313;274;64;44
36;Thu Mar 14 21:42:41 2019;-23.6272805616842,-46.6063075256665;-23.6249038312799,-46.6070155404753;-23.6272832 -46.6063177;-23.6249078 -46.6070313;274;64;45
37;Thu Mar 14 21:43:41 2019;-23.6272805616842,-46.6063075256665;-23.6249038312799,-46.6070155404753;-23.6272832 -46.6063177;-23.6249078 -46.6070313;274;64;48
38;Thu Mar 14 21:44:41 2019;-23.6272805616842,-46.6063075256665;-23.6249038312799,-46.6070155404753;-23.6272832 -46.6063177;-23.6249078 -46.6070313;274;64;45
39;Thu Mar 14 21:45:41 2019;-23.6272805616842,-46.6063075256665;-23.6249038312799,-46.6070155404753;-23.6272832 -46.6063177;-23.6249078 -46.6070313;274;64;45
40;Thu Mar 14 21:46:41 2019;-23.6272805616842,-46.6063075256665;-23.6249038312799,-46.6070155404753;-23.6272832 -46.6063177;-23.6249078 -46.6070313;274;64;49
41;Thu Mar 14 21:47:41 2019;-23.6272805616842,-46.6063075256665;-23.6249038312799,-46.6070155404753;-23.6272832 -46.6063177;-23.6249078 -46.6070313;274;64;47
42;Thu Mar 14 21:48:41 2019;-23.6272805616842,-46.6063075256665;-23.6249038312799,-46.6070155404753;-23.6272832 -46.6063177;-23.6249078 -46.6070313;274;64;47
43;Thu Mar 14 21:49:41 2019;-23.6272805616842,-46.6063075256665;-23.6249038312799,-46.6070155404753;-23.6272832 -46.6063177;-23.6249078 -46.6070313;274;64;45
44;Thu Mar 14 21:50:42 2019;-23.6272805616842,-46.6063075256665;-23.6249038312799,-46.6070155404753;-23.6272832 -46.6063177;-23.6249078 -46.6070313;274;64;45
45;Thu Mar 14 21:51:41 2019;-23.6272805616842,-46.6063075256665;-23.6249038312799,-46.6070155404753;-23.6272832 -46.6063177;-23.6249078 -46.6070313;274;64;46
46;Thu Mar 14 21:52:42 2019;-23.6272805616842,-46.6063075256665;-23.6249038312799,-46.6070155404753;-23.6272832 -46.6063177;-23.6249078 -46.6070313;274;64;47
47;Thu Mar 14 21:53:41 2019;-23.6272805616842,-46.6063075256665;-23.6249038312799,-46.6070155404753;-23.6272832 -46.6063177;-23.6249078 -46.6070313;274;64;49
48;Thu Mar 14 21:54:41 2019;-23.6272805616842,-46.6063075256665;-23.6249038312799,-46.6070155404753;-23.6272832 -46.6063177;-23.6249078 -46.6070313;274;64;49
49;Thu Mar 14 21:55:42 2019;-23.6272805616842,-46.6063075256665;-23.6249038312799,-46.6070155404753;-23.6272832 -46.6063177;-23.6249078 -46.6070313;274;64;51
50;Thu Mar 14 21:56:41 2019;-23.6272805616842,-46.6063075256665;-23.6249038312799,-46.6070155404753;-23.6272832 -46.6063177;-23.6249078 -46.6070313;274;64;51
51;Thu Mar 14 21:57:41 2019;-23.6272805616842,-46.6063075256665;-23.6249038312799,-46.6070155404753;-23.6272832 -46.6063177;-23.6249078 -46.6070313;274;64;51
52;Thu Mar 14 21:58:41 2019;-23.6272805616842,-46.6063075256665;-23.6249038312799,-46.6070155404753;-23.6272832 -46.6063177;-23.6249078 -46.6070313;274;64;55
53;Thu Mar 14 21:59:41 2019;-23.6272805616842,-46.6063075256665;-23.6249038312799,-46.6070155404753;-23.6272832 -46.6063177;-23.6249078 -46.6070313;274;64;55
54;Thu Mar 14 22:00:41 2019;-23.6272805616842,-46.6063075256665;-23.6249038312799,-46.6070155404753;-23.6272832 -46.6063177;-23.6249078 -46.6070313;274;64;51
55;Thu Mar 14 22:01:41 2019;-23.6272805616842,-46.6063075256665;-23.6249038312799,-46.6070155404753;-23.6272832 -46.6063177;-23.6249078 -46.6070313;274;64;51
56;Thu Mar 14 22:02:41 2019;-23.6272805616842,-46.6063075256665;-23.6249038312799,-46.6070155404753;-23.6272832 -46.6063177;-23.6249078 -46.6070313;274;64;51
57;Thu Mar 14 22:03:41 2019;-23.6272805616842,-46.6063075256665;-23.6249038312799,-46.6070155404753;-23.6272832 -46.6063177;-23.6249078 -46.6070313;274;64;43
58;Thu Mar 14 22:04:41 2019;-23.6272805616842,-46.6063075256665;-23.6249038312799,-46.6070155404753;-23.6272832 -46.6063177;-23.6249078 -46.6070313;274;64;43
59;Thu Mar 14 22:05:41 2019;-23.6272805616842,-46.6063075256665;-23.6249038312799,-46.6070155404753;-23.6272832 -46.6063177;-23.6249078 -46.6070313;274;64;43
60;Thu Mar 14 22:06:42 2019;-23.6272805616842,-46.6063075256665;-23.6249038312799,-46.6070155404753;-23.6272832 -46.6063177;-23.6249078 -46.6070313;274;64;49
61;Thu Mar 14 22:07:42 2019;-23.6272805616842,-46.6063075256665;-23.6249038312799,-46.6070155404753;-23.6272832 -46.6063177;-23.6249078 -46.6070313;274;64;49
62;Thu Mar 14 22:08:41 2019;-23.6272805616842,-46.6063075256665;-23.6249038312799,-46.6070155404753;-23.6272832 -46.6063177;-23.6249078 -46.6070313;274;64;50
63;Thu Mar 14 22:09:41 2019;-23.6272805616842,-46.6063075256665;-23.6249038312799,-46.6070155404753;-23.6272832 -46.6063177;-23.6249078 -46.6070313;274;64;50
64;Thu Mar 14 22:10:41 2019;-23.6272805616842,-46.6063075256665;-23.6249038312799,-46.6070155404753;-23.6272832 -46.6063177;-23.6249078 -46.6070313;274;64;50
65;Thu Mar 14 22:11:41 2019;-23.6272805616842,-46.6063075256665;-23.6249038312799,-46.6070155404753;-23.6272832 -46.6063177;-23.6249078 -46.6070313;274;64;51
66;Thu Mar 14 22:12:41 2019;-23.6272805616842,-46.6063075256665;-23.6249038312799,-46.6070155404753;-23.6272832 -46.6063177;-23.6249078 -46.6070313;274;64;54
67;Thu Mar 14 22:13:41 2019;-23.6272805616842,-46.6063075256665;-23.6249038312799,-46.6070155404753;-23.6272832 -46.6063177;-23.6249078 -46.6070313;274;64;54
68;Thu Mar 14 22:14:41 2019;-23.6272805616842,-46.6063075256665;-23.6249038312799,-46.6070155404753;-23.6272832 -46.6063177;-23.6249078 -46.6070313;274;64;54
69;Thu Mar 14 22:15:41 2019;-23.6272805616842,-46.6063075256665;-23.6249038312799,-46.6070155404753;-23.6272832 -46.6063177;-23.6249078 -46.6070313;274;64;54
70;Thu Mar 14 22:16:41 2019;-23.6272805616842,-46.6063075256665;-23.6249038312799,-46.6070155404753;-23.6272832 -46.6063177;-23.6249078 -46.6070313;274;64;55
71;Thu Mar 14 22:17:41 2019;-23.6272805616842,-46.6063075256665;-23.6249038312799,-46.6070155404753;-23.6272832 -46.6063177;-23.6249078 -46.6070313;274;64;55
72;Thu Mar 14 22:18:41 2019;-23.6272805616842,-46.6063075256665;-23.6249038312799,-46.6070155404753;-23.6272832 -46.6063177;-23.6249078 -46.6070313;274;64;56
73;Thu Mar 14 22:19:42 2019;-23.6272805616842,-46.6063075256665;-23.6249038312799,-46.6070155404753;-23.6272832 -46.6063177;-23.6249078 -46.6070313;274;64;55
74;Thu Mar 14 22:20:41 2019;-23.6272805616842,-46.6063075256665;-23.6249038312799,-46.6070155404753;-23.6272832 -46.6063177;-23.6249078 -46.6070313;274;64;57
75;Thu Mar 14 22:21:41 2019;-23.6272805616842,-46.6063075256665;-23.6249038312799,-46.6070155404753;-23.6272832 -46.6063177;-23.6249078 -46.6070313;274;64;57
76;Thu Mar 14 22:22:42 2019;-23.6272805616842,-46.6063075256665;-23.6249038312799,-46.6070155404753;-23.6272832 -46.6063177;-23.6249078 -46.6070313;274;64;52
77;Thu Mar 14 22:23:41 2019;-23.6272805616842,-46.6063075256665;-23.6249038312799,-46.6070155404753;-23.6272832 -46.6063177;-23.6249078 -46.6070313;274;64;52
78;Thu Mar 14 22:24:41 2019;-23.6272805616842,-46.6063075256665;-23.6249038312799,-46.6070155404753;-23.6272832 -46.6063177;-23.6249078 -46.6070313;274;64;52
79;Thu Mar 14 22:25:42 2019;-23.6272805616842,-46.6063075256665;-23.6249038312799,-46.6070155404753;-23.6272832 -46.6063177;-23.6249078 -46.6070313;274;64;48
80;Thu Mar 14 22:26:41 2019;-23.6272805616842,-46.6063075256665;-23.6249038312799,-46.6070155404753;-23.6272832 -46.6063177;-23.6249078 -46.6070313;274;64;48
81;Thu Mar 14 22:27:41 2019;-23.6272805616842,-46.6063075256665;-23.6249038312799,-46.6070155404753;-23.6272832 -46.6063177;-23.6249078 -46.6070313;274;64;47
82;Thu Mar 14 22:28:41 2019;-23.6272805616842,-46.6063075256665;-23.6249038312799,-46.6070155404753;-23.6272832 -46.6063177;-23.6249078 -46.6070313;274;64;50
83;Thu Mar 14 22:29:41 2019;-23.6272805616842,-46.6063075256665;-23.6249038312799,-46.6070155404753;-23.6272832 -46.6063177;-23.6249078 -46.6070313;274;64;51
84;Thu Mar 14 22:30:41 2019;-23.6272805616842,-46.6063075256665;-23.6249038312799,-46.6070155404753;-23.6272832 -46.6063177;-23.6249078 -46.6070313;274;64;49
85;Thu Mar 14 22:31:41 2019;-23.6272805616842,-46.6063075256665;-23.6249038312799,-46.6070155404753;-23.6272832 -46.6063177;-23.6249078 -46.6070313;274;64;49
86;Thu Mar 14 22:32:41 2019;-23.6272805616842,-46.6063075256665;-23.6249038312799,-46.6070155404753;-23.6272832 -46.6063177;-23.6249078 -46.6070313;274;64;49
87;Thu Mar 14 22:33:41 2019;-23.6272805616842,-46.6063075256665;-23.6249038312799,-46.6070155404753;-23.6272832 -46.6063177;-23.6249078 -46.6070313;274;64;49
88;Thu Mar 14 22:34:41 2019;-23.6272805616842,-46.6063075256665;-23.6249038312799,-46.6070155404753;-23.6272832 -46.6063177;-23.6249078 -46.6070313;274;64;49
89;Thu Mar 14 22:35:41 2019;-23.6272805616842,-46.6063075256665;-23.6249038312799,-46.6070155404753;-23.6272832 -46.6063177;-23.6249078 -46.6070313;274;64;54
90;Thu Mar 14 22:36:41 2019;-23.6272805616842,-46.6063075256665;-23.6249038312799,-46.6070155404753;-23.6272832 -46.6063177;-23.6249078 -46.6070313;274;64;54
91;Thu Mar 14 22:37:42 2019;-23.6272805616842,-46.6063075256665;-23.6249038312799,-46.6070155404753;-23.6272832 -46.6063177;-23.6249078 -46.6070313;274;64;55
92;Thu Mar 14 22:38:42 2019;-23.6272805616842,-46.6063075256665;-23.6249038312799,-46.6070155404753;-23.6272832 -46.6063177;-23.6249078 -46.6070313;274;64;54
93;Thu Mar 14 22:39:41 2019;-23.6272805616842,-46.6063075256665;-23.6249038312799,-46.6070155404753;-23.6272832 -46.6063177;-23.6249078 -46.6070313;274;64;55
94;Thu Mar 14 22:40:42 2019;-23.6272805616842,-46.6063075256665;-23.6249038312799,-46.6070155404753;-23.6272832 -46.6063177;-23.6249078 -46.6070313;274;64;59
95;Thu Mar 14 22:41:41 2019;-23.6272805616842,-46.6063075256665;-23.6249038312799,-46.6070155404753;-23.6272832 -46.6063177;-23.6249078 -46.6070313;274;64;59
96;Thu Mar 14 22:42:41 2019;-23.6272805616842,-46.6063075256665;-23.6249038312799,-46.6070155404753;-23.6272832 -46.6063177;-23.6249078 -46.6070313;274;64;59
97;Thu Mar 14 22:43:41 2019;-23.6272805616842,-46.6063075256665;-23.6249038312799,-46.6070155404753;-23.6272832 -46.6063177;-23.6249078 -46.6070313;274;64;59
98;Thu Mar 14 22:44:42 2019;-23.6272805616842,-46.6063075256665;-23.6249038312799,-46.6070155404753;-23.6272832 -46.6063177;-23.6249078 -46.6070313;274;64;55
99;Thu Mar 14 22:45:41 2019;-23.6272805616842,-46.6063075256665;-23.6249038312799,-46.6070155404753;-23.6272832 -46.6063177;-23.6249078 -46.6070313;274;64;57
100;Thu Mar 14 22:46:42 2019;-23.6272805616842,-46.6063075256665;-23.6249038312799,-46.6070155404753;-23.6272832 -46.6063177;-23.6249078 -46.6070313;274;64;57
101;Thu Mar 14 22:47:42 2019;-23.6272805616842,-46.6063075256665;-23.6249038312799,-46.6070155404753;-23.6272832 -46.6063177;-23.6249078 -46.6070313;274;64;57
102;Thu Mar 14 22:48:41 2019;-23.6272805616842,-46.6063075256665;-23.6249038312799,-46.6070155404753;-23.6272832 -46.6063177;-23.6249078 -46.6070313;274;64;58
103;Thu Mar 14 22:49:42 2019;-23.6272805616842,-46.6063075256665;-23.6249038312799,-46.6070155404753;-23.6272832 -46.6063177;-23.6249078 -46.6070313;274;64;57
104;Thu Mar 14 22:50:42 2019;-23.6272805616842,-46.6063075256665;-23.6249038312799,-46.6070155404753;-23.6272832 -46.6063177;-23.6249078 -46.6070313;274;64;57
105;Thu Mar 14 22:51:41 2019;-23.6272805616842,-46.6063075256665;-23.6249038312799,-46.6070155404753;-23.6272832 -46.6063177;-23.6249078 -46.6070313;274;64;57
106;Thu Mar 14 22:52:43 2019;-23.6272805616842,-46.6063075256665;-23.6249038312799,-46.6070155404753;-23.6272832 -46.6063177;-23.6249078 -46.6070313;274;64;57
107;Thu Mar 14 22:53:41 2019;-23.6272805616842,-46.6063075256665;-23.6249038312799,-46.6070155404753;-23.6272832 -46.6063177;-23.6249078 -46.6070313;274;64;56
108;Thu Mar 14 22:54:41 2019;-23.6272805616842,-46.6063075256665;-23.6249038312799,-46.6070155404753;-23.6272832 -46.6063177;-23.6249078 -46.6070313;274;64;56
109;Thu Mar 14 22:55:41 2019;-23.6272805616842,-46.6063075256665;-23.6249038312799,-46.6070155404753;-23.6272832 -46.6063177;-23.6249078 -46.6070313;274;64;56
110;Thu Mar 14 22:56:41 2019;-23.6272805616842,-46.6063075256665;-23.6249038312799,-46.6070155404753;-23.6272832 -46.6063177;-23.6249078 -46.6070313;274;64;56
111;Thu Mar 14 22:57:42 2019;-23.6272805616842,-46.6063075256665;-23.6249038312799,-46.6070155404753;-23.6272832 -46.6063177;-23.6249078 -46.6070313;274;64;54
112;Thu Mar 14 22:58:41 2019;-23.6272805616842,-46.6063075256665;-23.6249038312799,-46.6070155404753;-23.6272832 -46.6063177;-23.6249078 -46.6070313;274;64;54
113;Thu Mar 14 22:59:42 2019;-23.6272805616842,-46.6063075256665;-23.6249038312799,-46.6070155404753;-23.6272832 -46.6063177;-23.6249078 -46.6070313;274;64;55
114;Thu Mar 14 23:00:41 2019;-23.6272805616842,-46.6063075256665;-23.6249038312799,-46.6070155404753;-23.6272832 -46.6063177;-23.6249078 -46.6070313;274;64;55
115;Thu Mar 14 23:01:41 2019;-23.6272805616842,-46.6063075256665;-23.6249038312799,-46.6070155404753;-23.6272832 -46.6063177;-23.6249078 -46.6070313;274;64;54
116;Thu Mar 14 23:02:41 2019;-23.6272805616842,-46.6063075256665;-23.6249038312799,-46.6070155404753;-23.6272832 -46.6063177;-23.6249078 -46.6070313;274;64;54
117;Thu Mar 14 23:03:41 2019;-23.6272805616842,-46.6063075256665;-23.6249038312799,-46.6070155404753;-23.6272832 -46.6063177;-23.6249078 -46.6070313;274;64;54
118;Thu Mar 14 23:04:41 2019;-23.6272805616842,-46.6063075256665;-23.6249038312799,-46.6070155404753;-23.6272832 -46.6063177;-23.6249078 -46.6070313;274;64;53
119;Thu Mar 14 23:05:41 2019;-23.6272805616842,-46.6063075256665;-23.6249038312799,-46.6070155404753;-23.6272832 -46.6063177;-23.6249078 -46.6070313;274;64;53
120;Thu Mar 14 23:06:41 2019;-23.6272805616842,-46.6063075256665;-23.6249038312799,-46.6070155404753;-23.6272832 -46.6063177;-23.6249078 -46.6070313;274;64;53
121;Thu Mar 14 23:07:42 2019;-23.6272805616842,-46.6063075256665;-23.6249038312799,-46.6070155404753;-23.6272832 -46.6063177;-23.6249078 -46.6070313;274;64;52
122;Thu Mar 14 23:08:41 2019;-23.6272805616842,-46.6063075256665;-23.6249038312799,-46.6070155404753;-23.6272832 -46.6063177;-23.6249078 -46.6070313;274;64;53
123;Thu Mar 14 23:09:41 2019;-23.6272805616842,-46.6063075256665;-23.6249038312799,-46.6070155404753;-23.6272832 -46.6063177;-23.6249078 -46.6070313;274;64;54
124;Thu Mar 14 23:10:41 2019;-23.6272805616842,-46.6063075256665;-23.6249038312799,-46.6070155404753;-23.6272832 -46.6063177;-23.6249078 -46.6070313;274;64;53
125;Thu Mar 14 23:11:41 2019;-23.6272805616842,-46.6063075256665;-23.6249038312799,-46.6070155404753;-23.6272832 -46.6063177;-23.6249078 -46.6070313;274;64;53
126;Thu Mar 14 23:12:41 2019;-23.6272805616842,-46.6063075256665;-23.6249038312799,-46.6070155404753;-23.6272832 -46.6063177;-23.6249078 -46.6070313;274;64;53
127;Thu Mar 14 23:13:40 2019;-23.6272805616842,-46.6063075256665;-23.6249038312799,-46.6070155404753;-23.6272832 -46.6063177;-23.6249078 -46.6070313;274;64;53
128;Thu Mar 14 23:14:41 2019;-23.6272805616842,-46.6063075256665;-23.6249038312799,-46.6070155404753;-23.6272832 -46.6063177;-23.6249078 -46.6070313;274;64;53
129;Thu Mar 14 23:15:41 2019;-23.6272805616842,-46.6063075256665;-23.6249038312799,-46.6070155404753;-23.6272832 -46.6063177;-23.6249078 -46.6070313;274;64;53
130;Thu Mar 14 23:16:41 2019;-23.6272805616842,-46.6063075256665;-23.6249038312799,-46.6070155404753;-23.6272832 -46.6063177;-23.6249078 -46.6070313;274;64;51
131;Thu Mar 14 23:17:41 2019;-23.6272805616842,-46.6063075256665;-23.6249038312799,-46.6070155404753;-23.6272832 -46.6063177;-23.6249078 -46.6070313;274;64;51
132;Thu Mar 14 23:18:42 2019;-23.6272805616842,-46.6063075256665;-23.6249038312799,-46.6070155404753;-23.6272832 -46.6063177;-23.6249078 -46.6070313;274;64;51
133;Thu Mar 14 23:19:41 2019;-23.6272805616842,-46.6063075256665;-23.6249038312799,-46.6070155404753;-23.6272832 -46.6063177;-23.6249078 -46.6070313;274;64;50
134;Thu Mar 14 23:20:41 2019;-23.6272805616842,-46.6063075256665;-23.6249038312799,-46.6070155404753;-23.6272832 -46.6063177;-23.6249078 -46.6070313;274;64;46
135;Thu Mar 14 23:21:42 2019;-23.6272805616842,-46.6063075256665;-23.6249038312799,-46.6070155404753;-23.6272832 -46.6063177;-23.6249078 -46.6070313;274;64;46
136;Thu Mar 14 23:22:42 2019;-23.6272805616842,-46.6063075256665;-23.6249038312799,-46.6070155404753;-23.6272832 -46.6063177;-23.6249078 -46.6070313;274;64;50
137;Thu Mar 14 23:23:41 2019;-23.6272805616842,-46.6063075256665;-23.6249038312799,-46.6070155404753;-23.6272832 -46.6063177;-23.6249078 -46.6070313;274;64;47
138;Thu Mar 14 23:24:41 2019;-23.6272805616842,-46.6063075256665;-23.6249038312799,-46.6070155404753;-23.6272832 -46.6063177;-23.6249078 -46.6070313;274;64;47
139;Thu Mar 14 23:25:41 2019;-23.6272805616842,-46.6063075256665;-23.6249038312799,-46.6070155404753;-23.6272832 -46.6063177;-23.6249078 -46.6070313;274;64;48
140;Thu Mar 14 23:26:41 2019;-23.6272805616842,-46.6063075256665;-23.6249038312799,-46.6070155404753;-23.6272832 -46.6063177;-23.6249078 -46.6070313;274;64;47
141;Thu Mar 14 23:27:41 2019;-23.6272805616842,-46.6063075256665;-23.6249038312799,-46.6070155404753;-23.6272832 -46.6063177;-23.6249078 -46.6070313;274;64;46
142;Thu Mar 14 23:28:41 2019;-23.6272805616842,-46.6063075256665;-23.6249038312799,-46.6070155404753;-23.6272832 -46.6063177;-23.6249078 -46.6070313;274;64;47
143;Thu Mar 14 23:29:41 2019;-23.6272805616842,-46.6063075256665;-23.6249038312799,-46.6070155404753;-23.6272832 -46.6063177;-23.6249078 -46.6070313;274;64;47
144;Thu Mar 14 23:30:41 2019;-23.6272805616842,-46.6063075256665;-23.6249038312799,-46.6070155404753;-23.6272832 -46.6063177;-23.6249078 -46.6070313;274;64;46
145;Thu Mar 14 23:31:41 2019;-23.6272805616842,-46.6063075256665;-23.6249038312799,-46.6070155404753;-23.6272832 -46.6063177;-23.6249078 -46.6070313;274;64;46
146;Thu Mar 14 23:32:41 2019;-23.6272805616842,-46.6063075256665;-23.6249038312799,-46.6070155404753;-23.6272832 -46.6063177;-23.6249078 -46.6070313;274;64;46
147;Thu Mar 14 23:33:41 2019;-23.6272805616842,-46.6063075256665;-23.6249038312799,-46.6070155404753;-23.6272832 -46.6063177;-23.6249078 -46.6070313;274;64;46
148;Thu Mar 14 23:34:41 2019;-23.6272805616842,-46.6063075256665;-23.6249038312799,-46.6070155404753;-23.6272832 -46.6063177;-23.6249078 -46.6070313;274;64;46
149;Thu Mar 14 23:35:42 2019;-23.6272805616842,-46.6063075256665;-23.6249038312799,-46.6070155404753;-23.6272832 -46.6063177;-23.6249078 -46.6070313;274;64;46
150;Thu Mar 14 23:36:41 2019;-23.6272805616842,-46.6063075256665;-23.6249038312799,-46.6070155404753;-23.6272832 -46.6063177;-23.6249078 -46.6070313;274;64;42
151;Thu Mar 14 23:37:42 2019;-23.6272805616842,-46.6063075256665;-23.6249038312799,-46.6070155404753;-23.6272832 -46.6063177;-23.6249078 -46.6070313;274;64;41
152;Thu Mar 14 23:38:41 2019;-23.6272805616842,-46.6063075256665;-23.6249038312799,-46.6070155404753;-23.6272832 -46.6063177;-23.6249078 -46.6070313;274;64;41
153;Thu Mar 14 23:39:41 2019;-23.6272805616842,-46.6063075256665;-23.6249038312799,-46.6070155404753;-23.6272832 -46.6063177;-23.6249078 -46.6070313;274;64;41
154;Thu Mar 14 23:40:41 2019;-23.6272805616842,-46.6063075256665;-23.6249038312799,-46.6070155404753;-23.6272832 -46.6063177;-23.6249078 -46.6070313;274;64;41
155;Thu Mar 14 23:41:41 2019;-23.6272805616842,-46.6063075256665;-23.6249038312799,-46.6070155404753;-23.6272832 -46.6063177;-23.6249078 -46.6070313;274;64;40
156;Thu Mar 14 23:42:41 2019;-23.6272805616842,-46.6063075256665;-23.6249038312799,-46.6070155404753;-23.6272832 -46.6063177;-23.6249078 -46.6070313;274;64;40
157;Thu Mar 14 23:43:41 2019;-23.6272805616842,-46.6063075256665;-23.6249038312799,-46.6070155404753;-23.6272832 -46.6063177;-23.6249078 -46.6070313;274;64;41
158;Thu Mar 14 23:44:41 2019;-23.6272805616842,-46.6063075256665;-23.6249038312799,-46.6070155404753;-23.6272832 -46.6063177;-23.6249078 -46.6070313;274;64;40
159;Thu Mar 14 23:45:41 2019;-23.6272805616842,-46.6063075256665;-23.6249038312799,-46.6070155404753;-23.6272832 -46.6063177;-23.6249078 -46.6070313;274;64;40
160;Thu Mar 14 23:46:41 2019;-23.6272805616842,-46.6063075256665;-23.6249038312799,-46.6070155404753;-23.6272832 -46.6063177;-23.6249078 -46.6070313;274;64;40
161;Thu Mar 14 23:47:42 2019;-23.6272805616842,-46.6063075256665;-23.6249038312799,-46.6070155404753;-23.6272832 -46.6063177;-23.6249078 -46.6070313;274;64;40
162;Thu Mar 14 23:48:42 2019;-23.6272805616842,-46.6063075256665;-23.6249038312799,-46.6070155404753;-23.6272832 -46.6063177;-23.6249078 -46.6070313;274;64;40
163;Thu Mar 14 23:49:41 2019;-23.6272805616842,-46.6063075256665;-23.6249038312799,-46.6070155404753;-23.6272832 -46.6063177;-23.6249078 -46.6070313;274;64;40
164;Thu Mar 14 23:50:41 2019;-23.6272805616842,-46.6063075256665;-23.6249038312799,-46.6070155404753;-23.6272832 -46.6063177;-23.6249078 -46.6070313;274;64;41
165;Thu Mar 14 23:51:41 2019;-23.6272805616842,-46.6063075256665;-23.6249038312799,-46.6070155404753;-23.6272832 -46.6063177;-23.6249078 -46.6070313;274;64;41
166;Thu Mar 14 23:52:42 2019;-23.6272805616842,-46.6063075256665;-23.6249038312799,-46.6070155404753;-23.6272832 -46.6063177;-23.6249078 -46.6070313;274;64;41
167;Thu Mar 14 23:53:41 2019;-23.6272805616842,-46.6063075256665;-23.6249038312799,-46.6070155404753;-23.6272832 -46.6063177;-23.6249078 -46.6070313;274;64;41
168;Thu Mar 14 23:54:41 2019;-23.6272805616842,-46.6063075256665;-23.6249038312799,-46.6070155404753;-23.6272832 -46.6063177;-23.6249078 -46.6070313;274;64;40
169;Thu Mar 14 23:55:41 2019;-23.6272805616842,-46.6063075256665;-23.6249038312799,-46.6070155404753;-23.6272832 -46.6063177;-23.6249078 -46.6070313;274;64;40
170;Thu Mar 14 23:56:41 2019;-23.6272805616842,-46.6063075256665;-23.6249038312799,-46.6070155404753;-23.6272832 -46.6063177;-23.6249078 -46.6070313;274;64;41
171;Thu Mar 14 23:57:42 2019;-23.6272805616842,-46.6063075256665;-23.6249038312799,-46.6070155404753;-23.6272832 -46.6063177;-23.6249078 -46.6070313;274;64;41
172;Thu Mar 14 23:58:41 2019;-23.6272805616842,-46.6063075256665;-23.6249038312799,-46.6070155404753;-23.6272832 -46.6063177;-23.6249078 -46.6070313;274;64;41
173;Thu Mar 14 23:59:41 2019;-23.6272805616842,-46.6063075256665;-23.6249038312799,-46.6070155404753;-23.6272832 -46.6063177;-23.6249078 -46.6070313;274;64;40
