38972;Thu Mar 14 00:00:08 2019;-23.6304977514816,-46.6038687602859;-23.6294293937468,-46.6047248879112;-23.6304816 -46.6038767;-23.6294585 -46.6047459;226;41;32
39213;Thu Mar 14 04:01:09 2019;-23.6304977514816,-46.6038687602859;-23.6294293937468,-46.6047248879112;-23.6304816 -46.6038767;-23.6294585 -46.6047459;226;41;25
39214;Thu Mar 14 04:02:08 2019;-23.6304977514816,-46.6038687602859;-23.6294293937468,-46.6047248879112;-23.6304816 -46.6038767;-23.6294585 -46.6047459;226;41;25
39215;Thu Mar 14 04:03:08 2019;-23.6304977514816,-46.6038687602859;-23.6294293937468,-46.6047248879112;-23.6304816 -46.6038767;-23.6294585 -46.6047459;226;41;25
39216;Thu Mar 14 04:04:08 2019;-23.6304977514816,-46.6038687602859;-23.6294293937468,-46.6047248879112;-23.6304816 -46.6038767;-23.6294585 -46.6047459;226;41;25
39217;Thu Mar 14 04:05:08 2019;-23.6304977514816,-46.6038687602859;-23.6294293937468,-46.6047248879112;-23.6304816 -46.6038767;-23.6294585 -46.6047459;226;41;25
39218;Thu Mar 14 04:06:08 2019;-23.6304977514816,-46.6038687602859;-23.6294293937468,-46.6047248879112;-23.6304816 -46.6038767;-23.6294585 -46.6047459;226;41;25
39219;Thu Mar 14 04:07:08 2019;-23.6304977514816,-46.6038687602859;-23.6294293937468,-46.6047248879112;-23.6304816 -46.6038767;-23.6294585 -46.6047459;226;41;25
39220;Thu Mar 14 04:08:08 2019;-23.6304977514816,-46.6038687602859;-23.6294293937468,-46.6047248879112;-23.6304816 -46.6038767;-23.6294585 -46.6047459;226;41;24
39221;Thu Mar 14 04:09:08 2019;-23.6304977514816,-46.6038687602859;-23.6294293937468,-46.6047248879112;-23.6304816 -46.6038767;-23.6294585 -46.6047459;226;41;25
39222;Thu Mar 14 04:10:08 2019;-23.6304977514816,-46.6038687602859;-23.6294293937468,-46.6047248879112;-23.6304816 -46.6038767;-23.6294585 -46.6047459;226;41;25
1;Thu Mar 14 21:07:45 2019;-23.6304977514816,-46.6038687602859;-23.6294293937468,-46.6047248879112;-23.6304816 -46.6038767;-23.6294585 -46.6047459;226;41;34
2;Thu Mar 14 21:08:44 2019;-23.6304977514816,-46.6038687602859;-23.6294293937468,-46.6047248879112;-23.6304816 -46.6038767;-23.6294585 -46.6047459;226;41;33
3;Thu Mar 14 21:09:41 2019;-23.6304977514816,-46.6038687602859;-23.6294293937468,-46.6047248879112;-23.6304816 -46.6038767;-23.6294585 -46.6047459;226;41;33
4;Thu Mar 14 21:10:41 2019;-23.6304977514816,-46.6038687602859;-23.6294293937468,-46.6047248879112;-23.6304816 -46.6038767;-23.6294585 -46.6047459;226;41;33
5;Thu Mar 14 21:11:41 2019;-23.6304977514816,-46.6038687602859;-23.6294293937468,-46.6047248879112;-23.6304816 -46.6038767;-23.6294585 -46.6047459;226;41;35
6;Thu Mar 14 21:12:40 2019;-23.6304977514816,-46.6038687602859;-23.6294293937468,-46.6047248879112;-23.6304816 -46.6038767;-23.6294585 -46.6047459;226;41;35
7;Thu Mar 14 21:13:41 2019;-23.6304977514816,-46.6038687602859;-23.6294293937468,-46.6047248879112;-23.6304816 -46.6038767;-23.6294585 -46.6047459;226;41;35
8;Thu Mar 14 21:14:41 2019;-23.6304977514816,-46.6038687602859;-23.6294293937468,-46.6047248879112;-23.6304816 -46.6038767;-23.6294585 -46.6047459;226;41;33
9;Thu Mar 14 21:15:41 2019;-23.6304977514816,-46.6038687602859;-23.6294293937468,-46.6047248879112;-23.6304816 -46.6038767;-23.6294585 -46.6047459;226;41;32
10;Thu Mar 14 21:16:42 2019;-23.6304977514816,-46.6038687602859;-23.6294293937468,-46.6047248879112;-23.6304816 -46.6038767;-23.6294585 -46.6047459;226;41;32
11;Thu Mar 14 21:17:41 2019;-23.6304977514816,-46.6038687602859;-23.6294293937468,-46.6047248879112;-23.6304816 -46.6038767;-23.6294585 -46.6047459;226;41;32
12;Thu Mar 14 21:18:42 2019;-23.6304977514816,-46.6038687602859;-23.6294293937468,-46.6047248879112;-23.6304816 -46.6038767;-23.6294585 -46.6047459;226;41;32
13;Thu Mar 14 21:19:41 2019;-23.6304977514816,-46.6038687602859;-23.6294293937468,-46.6047248879112;-23.6304816 -46.6038767;-23.6294585 -46.6047459;226;41;33
14;Thu Mar 14 21:20:42 2019;-23.6304977514816,-46.6038687602859;-23.6294293937468,-46.6047248879112;-23.6304816 -46.6038767;-23.6294585 -46.6047459;226;41;33
15;Thu Mar 14 21:21:42 2019;-23.6304977514816,-46.6038687602859;-23.6294293937468,-46.6047248879112;-23.6304816 -46.6038767;-23.6294585 -46.6047459;226;41;33
16;Thu Mar 14 21:22:42 2019;-23.6304977514816,-46.6038687602859;-23.6294293937468,-46.6047248879112;-23.6304816 -46.6038767;-23.6294585 -46.6047459;226;41;33
17;Thu Mar 14 21:23:41 2019;-23.6304977514816,-46.6038687602859;-23.6294293937468,-46.6047248879112;-23.6304816 -46.6038767;-23.6294585 -46.6047459;226;41;33
18;Thu Mar 14 21:24:42 2019;-23.6304977514816,-46.6038687602859;-23.6294293937468,-46.6047248879112;-23.6304816 -46.6038767;-23.6294585 -46.6047459;226;41;34
19;Thu Mar 14 21:25:41 2019;-23.6304977514816,-46.6038687602859;-23.6294293937468,-46.6047248879112;-23.6304816 -46.6038767;-23.6294585 -46.6047459;226;41;33
20;Thu Mar 14 21:26:41 2019;-23.6304977514816,-46.6038687602859;-23.6294293937468,-46.6047248879112;-23.6304816 -46.6038767;-23.6294585 -46.6047459;226;41;33
21;Thu Mar 14 21:27:41 2019;-23.6304977514816,-46.6038687602859;-23.6294293937468,-46.6047248879112;-23.6304816 -46.6038767;-23.6294585 -46.6047459;226;41;32
22;Thu Mar 14 21:28:41 2019;-23.6304977514816,-46.6038687602859;-23.6294293937468,-46.6047248879112;-23.6304816 -46.6038767;-23.6294585 -46.6047459;226;41;32
23;Thu Mar 14 21:29:41 2019;-23.6304977514816,-46.6038687602859;-23.6294293937468,-46.6047248879112;-23.6304816 -46.6038767;-23.6294585 -46.6047459;226;41;32
24;Thu Mar 14 21:30:41 2019;-23.6304977514816,-46.6038687602859;-23.6294293937468,-46.6047248879112;-23.6304816 -46.6038767;-23.6294585 -46.6047459;226;41;32
25;Thu Mar 14 21:31:41 2019;-23.6304977514816,-46.6038687602859;-23.6294293937468,-46.6047248879112;-23.6304816 -46.6038767;-23.6294585 -46.6047459;226;41;31
26;Thu Mar 14 21:32:41 2019;-23.6304977514816,-46.6038687602859;-23.6294293937468,-46.6047248879112;-23.6304816 -46.6038767;-23.6294585 -46.6047459;226;41;31
27;Thu Mar 14 21:33:41 2019;-23.6304977514816,-46.6038687602859;-23.6294293937468,-46.6047248879112;-23.6304816 -46.6038767;-23.6294585 -46.6047459;226;41;33
28;Thu Mar 14 21:34:41 2019;-23.6304977514816,-46.6038687602859;-23.6294293937468,-46.6047248879112;-23.6304816 -46.6038767;-23.6294585 -46.6047459;226;41;34
29;Thu Mar 14 21:35:41 2019;-23.6304977514816,-46.6038687602859;-23.6294293937468,-46.6047248879112;-23.6304816 -46.6038767;-23.6294585 -46.6047459;226;41;33
30;Thu Mar 14 21:36:41 2019;-23.6304977514816,-46.6038687602859;-23.6294293937468,-46.6047248879112;-23.6304816 -46.6038767;-23.6294585 -46.6047459;226;41;31
31;Thu Mar 14 21:37:42 2019;-23.6304977514816,-46.6038687602859;-23.6294293937468,-46.6047248879112;-23.6304816 -46.6038767;-23.6294585 -46.6047459;226;41;31
32;Thu Mar 14 21:38:41 2019;-23.6304977514816,-46.6038687602859;-23.6294293937468,-46.6047248879112;-23.6304816 -46.6038767;-23.6294585 -46.6047459;226;41;31
33;Thu Mar 14 21:39:41 2019;-23.6304977514816,-46.6038687602859;-23.6294293937468,-46.6047248879112;-23.6304816 -46.6038767;-23.6294585 -46.6047459;226;41;31
34;Thu Mar 14 21:40:41 2019;-23.6304977514816,-46.6038687602859;-23.6294293937468,-46.6047248879112;-23.6304816 -46.6038767;-23.6294585 -46.6047459;226;41;32
35;Thu Mar 14 21:41:41 2019;-23.6304977514816,-46.6038687602859;-23.6294293937468,-46.6047248879112;-23.6304816 -46.6038767;-23.6294585 -46.6047459;226;41;32
36;Thu Mar 14 21:42:41 2019;-23.6304977514816,-46.6038687602859;-23.6294293937468,-46.6047248879112;-23.6304816 -46.6038767;-23.6294585 -46.6047459;226;41;33
37;Thu Mar 14 21:43:41 2019;-23.6304977514816,-46.6038687602859;-23.6294293937468,-46.6047248879112;-23.6304816 -46.6038767;-23.6294585 -46.6047459;226;41;32
38;Thu Mar 14 21:44:41 2019;-23.6304977514816,-46.6038687602859;-23.6294293937468,-46.6047248879112;-23.6304816 -46.6038767;-23.6294585 -46.6047459;226;41;32
39;Thu Mar 14 21:45:41 2019;-23.6304977514816,-46.6038687602859;-23.6294293937468,-46.6047248879112;-23.6304816 -46.6038767;-23.6294585 -46.6047459;226;41;32
40;Thu Mar 14 21:46:41 2019;-23.6304977514816,-46.6038687602859;-23.6294293937468,-46.6047248879112;-23.6304816 -46.6038767;-23.6294585 -46.6047459;226;41;32
41;Thu Mar 14 21:47:41 2019;-23.6304977514816,-46.6038687602859;-23.6294293937468,-46.6047248879112;-23.6304816 -46.6038767;-23.6294585 -46.6047459;226;41;32
42;Thu Mar 14 21:48:41 2019;-23.6304977514816,-46.6038687602859;-23.6294293937468,-46.6047248879112;-23.6304816 -46.6038767;-23.6294585 -46.6047459;226;41;30
43;Thu Mar 14 21:49:41 2019;-23.6304977514816,-46.6038687602859;-23.6294293937468,-46.6047248879112;-23.6304816 -46.6038767;-23.6294585 -46.6047459;226;41;32
44;Thu Mar 14 21:50:41 2019;-23.6304977514816,-46.6038687602859;-23.6294293937468,-46.6047248879112;-23.6304816 -46.6038767;-23.6294585 -46.6047459;226;41;32
45;Thu Mar 14 21:51:41 2019;-23.6304977514816,-46.6038687602859;-23.6294293937468,-46.6047248879112;-23.6304816 -46.6038767;-23.6294585 -46.6047459;226;41;31
46;Thu Mar 14 21:52:42 2019;-23.6304977514816,-46.6038687602859;-23.6294293937468,-46.6047248879112;-23.6304816 -46.6038767;-23.6294585 -46.6047459;226;41;31
47;Thu Mar 14 21:53:41 2019;-23.6304977514816,-46.6038687602859;-23.6294293937468,-46.6047248879112;-23.6304816 -46.6038767;-23.6294585 -46.6047459;226;41;31
48;Thu Mar 14 21:54:41 2019;-23.6304977514816,-46.6038687602859;-23.6294293937468,-46.6047248879112;-23.6304816 -46.6038767;-23.6294585 -46.6047459;226;41;31
49;Thu Mar 14 21:55:41 2019;-23.6304977514816,-46.6038687602859;-23.6294293937468,-46.6047248879112;-23.6304816 -46.6038767;-23.6294585 -46.6047459;226;41;31
50;Thu Mar 14 21:56:41 2019;-23.6304977514816,-46.6038687602859;-23.6294293937468,-46.6047248879112;-23.6304816 -46.6038767;-23.6294585 -46.6047459;226;41;31
51;Thu Mar 14 21:57:41 2019;-23.6304977514816,-46.6038687602859;-23.6294293937468,-46.6047248879112;-23.6304816 -46.6038767;-23.6294585 -46.6047459;226;41;30
52;Thu Mar 14 21:58:41 2019;-23.6304977514816,-46.6038687602859;-23.6294293937468,-46.6047248879112;-23.6304816 -46.6038767;-23.6294585 -46.6047459;226;41;30
53;Thu Mar 14 21:59:41 2019;-23.6304977514816,-46.6038687602859;-23.6294293937468,-46.6047248879112;-23.6304816 -46.6038767;-23.6294585 -46.6047459;226;41;30
54;Thu Mar 14 22:00:41 2019;-23.6304977514816,-46.6038687602859;-23.6294293937468,-46.6047248879112;-23.6304816 -46.6038767;-23.6294585 -46.6047459;226;41;30
55;Thu Mar 14 22:01:41 2019;-23.6304977514816,-46.6038687602859;-23.6294293937468,-46.6047248879112;-23.6304816 -46.6038767;-23.6294585 -46.6047459;226;41;30
56;Thu Mar 14 22:02:41 2019;-23.6304977514816,-46.6038687602859;-23.6294293937468,-46.6047248879112;-23.6304816 -46.6038767;-23.6294585 -46.6047459;226;41;30
57;Thu Mar 14 22:03:41 2019;-23.6304977514816,-46.6038687602859;-23.6294293937468,-46.6047248879112;-23.6304816 -46.6038767;-23.6294585 -46.6047459;226;41;30
58;Thu Mar 14 22:04:41 2019;-23.6304977514816,-46.6038687602859;-23.6294293937468,-46.6047248879112;-23.6304816 -46.6038767;-23.6294585 -46.6047459;226;41;30
59;Thu Mar 14 22:05:41 2019;-23.6304977514816,-46.6038687602859;-23.6294293937468,-46.6047248879112;-23.6304816 -46.6038767;-23.6294585 -46.6047459;226;41;30
60;Thu Mar 14 22:06:42 2019;-23.6304977514816,-46.6038687602859;-23.6294293937468,-46.6047248879112;-23.6304816 -46.6038767;-23.6294585 -46.6047459;226;41;30
61;Thu Mar 14 22:07:42 2019;-23.6304977514816,-46.6038687602859;-23.6294293937468,-46.6047248879112;-23.6304816 -46.6038767;-23.6294585 -46.6047459;226;41;31
62;Thu Mar 14 22:08:41 2019;-23.6304977514816,-46.6038687602859;-23.6294293937468,-46.6047248879112;-23.6304816 -46.6038767;-23.6294585 -46.6047459;226;41;32
63;Thu Mar 14 22:09:41 2019;-23.6304977514816,-46.6038687602859;-23.6294293937468,-46.6047248879112;-23.6304816 -46.6038767;-23.6294585 -46.6047459;226;41;31
64;Thu Mar 14 22:10:41 2019;-23.6304977514816,-46.6038687602859;-23.6294293937468,-46.6047248879112;-23.6304816 -46.6038767;-23.6294585 -46.6047459;226;41;31
65;Thu Mar 14 22:11:41 2019;-23.6304977514816,-46.6038687602859;-23.6294293937468,-46.6047248879112;-23.6304816 -46.6038767;-23.6294585 -46.6047459;226;41;30
66;Thu Mar 14 22:12:41 2019;-23.6304977514816,-46.6038687602859;-23.6294293937468,-46.6047248879112;-23.6304816 -46.6038767;-23.6294585 -46.6047459;226;41;30
67;Thu Mar 14 22:13:41 2019;-23.6304977514816,-46.6038687602859;-23.6294293937468,-46.6047248879112;-23.6304816 -46.6038767;-23.6294585 -46.6047459;226;41;29
68;Thu Mar 14 22:14:41 2019;-23.6304977514816,-46.6038687602859;-23.6294293937468,-46.6047248879112;-23.6304816 -46.6038767;-23.6294585 -46.6047459;226;41;29
69;Thu Mar 14 22:15:41 2019;-23.6304977514816,-46.6038687602859;-23.6294293937468,-46.6047248879112;-23.6304816 -46.6038767;-23.6294585 -46.6047459;226;41;29
70;Thu Mar 14 22:16:41 2019;-23.6304977514816,-46.6038687602859;-23.6294293937468,-46.6047248879112;-23.6304816 -46.6038767;-23.6294585 -46.6047459;226;41;32
71;Thu Mar 14 22:17:41 2019;-23.6304977514816,-46.6038687602859;-23.6294293937468,-46.6047248879112;-23.6304816 -46.6038767;-23.6294585 -46.6047459;226;41;32
72;Thu Mar 14 22:18:41 2019;-23.6304977514816,-46.6038687602859;-23.6294293937468,-46.6047248879112;-23.6304816 -46.6038767;-23.6294585 -46.6047459;226;41;32
73;Thu Mar 14 22:19:41 2019;-23.6304977514816,-46.6038687602859;-23.6294293937468,-46.6047248879112;-23.6304816 -46.6038767;-23.6294585 -46.6047459;226;41;33
74;Thu Mar 14 22:20:41 2019;-23.6304977514816,-46.6038687602859;-23.6294293937468,-46.6047248879112;-23.6304816 -46.6038767;-23.6294585 -46.6047459;226;41;32
75;Thu Mar 14 22:21:41 2019;-23.6304977514816,-46.6038687602859;-23.6294293937468,-46.6047248879112;-23.6304816 -46.6038767;-23.6294585 -46.6047459;226;41;32
76;Thu Mar 14 22:22:42 2019;-23.6304977514816,-46.6038687602859;-23.6294293937468,-46.6047248879112;-23.6304816 -46.6038767;-23.6294585 -46.6047459;226;41;31
77;Thu Mar 14 22:23:41 2019;-23.6304977514816,-46.6038687602859;-23.6294293937468,-46.6047248879112;-23.6304816 -46.6038767;-23.6294585 -46.6047459;226;41;31
78;Thu Mar 14 22:24:41 2019;-23.6304977514816,-46.6038687602859;-23.6294293937468,-46.6047248879112;-23.6304816 -46.6038767;-23.6294585 -46.6047459;226;41;31
79;Thu Mar 14 22:25:42 2019;-23.6304977514816,-46.6038687602859;-23.6294293937468,-46.6047248879112;-23.6304816 -46.6038767;-23.6294585 -46.6047459;226;41;31
80;Thu Mar 14 22:26:41 2019;-23.6304977514816,-46.6038687602859;-23.6294293937468,-46.6047248879112;-23.6304816 -46.6038767;-23.6294585 -46.6047459;226;41;32
81;Thu Mar 14 22:27:41 2019;-23.6304977514816,-46.6038687602859;-23.6294293937468,-46.6047248879112;-23.6304816 -46.6038767;-23.6294585 -46.6047459;226;41;32
82;Thu Mar 14 22:28:41 2019;-23.6304977514816,-46.6038687602859;-23.6294293937468,-46.6047248879112;-23.6304816 -46.6038767;-23.6294585 -46.6047459;226;41;32
83;Thu Mar 14 22:29:41 2019;-23.6304977514816,-46.6038687602859;-23.6294293937468,-46.6047248879112;-23.6304816 -46.6038767;-23.6294585 -46.6047459;226;41;33
84;Thu Mar 14 22:30:41 2019;-23.6304977514816,-46.6038687602859;-23.6294293937468,-46.6047248879112;-23.6304816 -46.6038767;-23.6294585 -46.6047459;226;41;32
85;Thu Mar 14 22:31:41 2019;-23.6304977514816,-46.6038687602859;-23.6294293937468,-46.6047248879112;-23.6304816 -46.6038767;-23.6294585 -46.6047459;226;41;31
86;Thu Mar 14 22:32:41 2019;-23.6304977514816,-46.6038687602859;-23.6294293937468,-46.6047248879112;-23.6304816 -46.6038767;-23.6294585 -46.6047459;226;41;31
87;Thu Mar 14 22:33:41 2019;-23.6304977514816,-46.6038687602859;-23.6294293937468,-46.6047248879112;-23.6304816 -46.6038767;-23.6294585 -46.6047459;226;41;32
88;Thu Mar 14 22:34:41 2019;-23.6304977514816,-46.6038687602859;-23.6294293937468,-46.6047248879112;-23.6304816 -46.6038767;-23.6294585 -46.6047459;226;41;33
89;Thu Mar 14 22:35:41 2019;-23.6304977514816,-46.6038687602859;-23.6294293937468,-46.6047248879112;-23.6304816 -46.6038767;-23.6294585 -46.6047459;226;41;33
90;Thu Mar 14 22:36:41 2019;-23.6304977514816,-46.6038687602859;-23.6294293937468,-46.6047248879112;-23.6304816 -46.6038767;-23.6294585 -46.6047459;226;41;33
91;Thu Mar 14 22:37:42 2019;-23.6304977514816,-46.6038687602859;-23.6294293937468,-46.6047248879112;-23.6304816 -46.6038767;-23.6294585 -46.6047459;226;41;33
92;Thu Mar 14 22:38:41 2019;-23.6304977514816,-46.6038687602859;-23.6294293937468,-46.6047248879112;-23.6304816 -46.6038767;-23.6294585 -46.6047459;226;41;33
93;Thu Mar 14 22:39:41 2019;-23.6304977514816,-46.6038687602859;-23.6294293937468,-46.6047248879112;-23.6304816 -46.6038767;-23.6294585 -46.6047459;226;41;32
94;Thu Mar 14 22:40:42 2019;-23.6304977514816,-46.6038687602859;-23.6294293937468,-46.6047248879112;-23.6304816 -46.6038767;-23.6294585 -46.6047459;226;41;32
95;Thu Mar 14 22:41:41 2019;-23.6304977514816,-46.6038687602859;-23.6294293937468,-46.6047248879112;-23.6304816 -46.6038767;-23.6294585 -46.6047459;226;41;32
96;Thu Mar 14 22:42:41 2019;-23.6304977514816,-46.6038687602859;-23.6294293937468,-46.6047248879112;-23.6304816 -46.6038767;-23.6294585 -46.6047459;226;41;33
97;Thu Mar 14 22:43:41 2019;-23.6304977514816,-46.6038687602859;-23.6294293937468,-46.6047248879112;-23.6304816 -46.6038767;-23.6294585 -46.6047459;226;41;33
98;Thu Mar 14 22:44:41 2019;-23.6304977514816,-46.6038687602859;-23.6294293937468,-46.6047248879112;-23.6304816 -46.6038767;-23.6294585 -46.6047459;226;41;31
99;Thu Mar 14 22:45:41 2019;-23.6304977514816,-46.6038687602859;-23.6294293937468,-46.6047248879112;-23.6304816 -46.6038767;-23.6294585 -46.6047459;226;41;31
100;Thu Mar 14 22:46:42 2019;-23.6304977514816,-46.6038687602859;-23.6294293937468,-46.6047248879112;-23.6304816 -46.6038767;-23.6294585 -46.6047459;226;41;31
101;Thu Mar 14 22:47:41 2019;-23.6304977514816,-46.6038687602859;-23.6294293937468,-46.6047248879112;-23.6304816 -46.6038767;-23.6294585 -46.6047459;226;41;30
102;Thu Mar 14 22:48:41 2019;-23.6304977514816,-46.6038687602859;-23.6294293937468,-46.6047248879112;-23.6304816 -46.6038767;-23.6294585 -46.6047459;226;41;31
103;Thu Mar 14 22:49:42 2019;-23.6304977514816,-46.6038687602859;-23.6294293937468,-46.6047248879112;-23.6304816 -46.6038767;-23.6294585 -46.6047459;226;41;31
104;Thu Mar 14 22:50:42 2019;-23.6304977514816,-46.6038687602859;-23.6294293937468,-46.6047248879112;-23.6304816 -46.6038767;-23.6294585 -46.6047459;226;41;30
105;Thu Mar 14 22:51:41 2019;-23.6304977514816,-46.6038687602859;-23.6294293937468,-46.6047248879112;-23.6304816 -46.6038767;-23.6294585 -46.6047459;226;41;30
106;Thu Mar 14 22:52:42 2019;-23.6304977514816,-46.6038687602859;-23.6294293937468,-46.6047248879112;-23.6304816 -46.6038767;-23.6294585 -46.6047459;226;41;30
107;Thu Mar 14 22:53:41 2019;-23.6304977514816,-46.6038687602859;-23.6294293937468,-46.6047248879112;-23.6304816 -46.6038767;-23.6294585 -46.6047459;226;41;31
108;Thu Mar 14 22:54:41 2019;-23.6304977514816,-46.6038687602859;-23.6294293937468,-46.6047248879112;-23.6304816 -46.6038767;-23.6294585 -46.6047459;226;41;31
109;Thu Mar 14 22:55:41 2019;-23.6304977514816,-46.6038687602859;-23.6294293937468,-46.6047248879112;-23.6304816 -46.6038767;-23.6294585 -46.6047459;226;41;31
110;Thu Mar 14 22:56:41 2019;-23.6304977514816,-46.6038687602859;-23.6294293937468,-46.6047248879112;-23.6304816 -46.6038767;-23.6294585 -46.6047459;226;41;31
111;Thu Mar 14 22:57:42 2019;-23.6304977514816,-46.6038687602859;-23.6294293937468,-46.6047248879112;-23.6304816 -46.6038767;-23.6294585 -46.6047459;226;41;30
112;Thu Mar 14 22:58:41 2019;-23.6304977514816,-46.6038687602859;-23.6294293937468,-46.6047248879112;-23.6304816 -46.6038767;-23.6294585 -46.6047459;226;41;31
113;Thu Mar 14 22:59:41 2019;-23.6304977514816,-46.6038687602859;-23.6294293937468,-46.6047248879112;-23.6304816 -46.6038767;-23.6294585 -46.6047459;226;41;31
114;Thu Mar 14 23:00:41 2019;-23.6304977514816,-46.6038687602859;-23.6294293937468,-46.6047248879112;-23.6304816 -46.6038767;-23.6294585 -46.6047459;226;41;31
115;Thu Mar 14 23:01:41 2019;-23.6304977514816,-46.6038687602859;-23.6294293937468,-46.6047248879112;-23.6304816 -46.6038767;-23.6294585 -46.6047459;226;41;31
116;Thu Mar 14 23:02:41 2019;-23.6304977514816,-46.6038687602859;-23.6294293937468,-46.6047248879112;-23.6304816 -46.6038767;-23.6294585 -46.6047459;226;41;31
117;Thu Mar 14 23:03:41 2019;-23.6304977514816,-46.6038687602859;-23.6294293937468,-46.6047248879112;-23.6304816 -46.6038767;-23.6294585 -46.6047459;226;41;31
118;Thu Mar 14 23:04:41 2019;-23.6304977514816,-46.6038687602859;-23.6294293937468,-46.6047248879112;-23.6304816 -46.6038767;-23.6294585 -46.6047459;226;41;31
119;Thu Mar 14 23:05:41 2019;-23.6304977514816,-46.6038687602859;-23.6294293937468,-46.6047248879112;-23.6304816 -46.6038767;-23.6294585 -46.6047459;226;41;31
120;Thu Mar 14 23:06:41 2019;-23.6304977514816,-46.6038687602859;-23.6294293937468,-46.6047248879112;-23.6304816 -46.6038767;-23.6294585 -46.6047459;226;41;31
121;Thu Mar 14 23:07:42 2019;-23.6304977514816,-46.6038687602859;-23.6294293937468,-46.6047248879112;-23.6304816 -46.6038767;-23.6294585 -46.6047459;226;41;31
122;Thu Mar 14 23:08:41 2019;-23.6304977514816,-46.6038687602859;-23.6294293937468,-46.6047248879112;-23.6304816 -46.6038767;-23.6294585 -46.6047459;226;41;34
123;Thu Mar 14 23:09:41 2019;-23.6304977514816,-46.6038687602859;-23.6294293937468,-46.6047248879112;-23.6304816 -46.6038767;-23.6294585 -46.6047459;226;41;34
124;Thu Mar 14 23:10:41 2019;-23.6304977514816,-46.6038687602859;-23.6294293937468,-46.6047248879112;-23.6304816 -46.6038767;-23.6294585 -46.6047459;226;41;34
125;Thu Mar 14 23:11:41 2019;-23.6304977514816,-46.6038687602859;-23.6294293937468,-46.6047248879112;-23.6304816 -46.6038767;-23.6294585 -46.6047459;226;41;33
126;Thu Mar 14 23:12:41 2019;-23.6304977514816,-46.6038687602859;-23.6294293937468,-46.6047248879112;-23.6304816 -46.6038767;-23.6294585 -46.6047459;226;41;33
127;Thu Mar 14 23:13:40 2019;-23.6304977514816,-46.6038687602859;-23.6294293937468,-46.6047248879112;-23.6304816 -46.6038767;-23.6294585 -46.6047459;226;41;33
128;Thu Mar 14 23:14:41 2019;-23.6304977514816,-46.6038687602859;-23.6294293937468,-46.6047248879112;-23.6304816 -46.6038767;-23.6294585 -46.6047459;226;41;33
129;Thu Mar 14 23:15:41 2019;-23.6304977514816,-46.6038687602859;-23.6294293937468,-46.6047248879112;-23.6304816 -46.6038767;-23.6294585 -46.6047459;226;41;33
130;Thu Mar 14 23:16:41 2019;-23.6304977514816,-46.6038687602859;-23.6294293937468,-46.6047248879112;-23.6304816 -46.6038767;-23.6294585 -46.6047459;226;41;36
131;Thu Mar 14 23:17:41 2019;-23.6304977514816,-46.6038687602859;-23.6294293937468,-46.6047248879112;-23.6304816 -46.6038767;-23.6294585 -46.6047459;226;41;34
132;Thu Mar 14 23:18:41 2019;-23.6304977514816,-46.6038687602859;-23.6294293937468,-46.6047248879112;-23.6304816 -46.6038767;-23.6294585 -46.6047459;226;41;34
133;Thu Mar 14 23:19:41 2019;-23.6304977514816,-46.6038687602859;-23.6294293937468,-46.6047248879112;-23.6304816 -46.6038767;-23.6294585 -46.6047459;226;41;34
134;Thu Mar 14 23:20:41 2019;-23.6304977514816,-46.6038687602859;-23.6294293937468,-46.6047248879112;-23.6304816 -46.6038767;-23.6294585 -46.6047459;226;41;32
135;Thu Mar 14 23:21:41 2019;-23.6304977514816,-46.6038687602859;-23.6294293937468,-46.6047248879112;-23.6304816 -46.6038767;-23.6294585 -46.6047459;226;41;33
136;Thu Mar 14 23:22:42 2019;-23.6304977514816,-46.6038687602859;-23.6294293937468,-46.6047248879112;-23.6304816 -46.6038767;-23.6294585 -46.6047459;226;41;33
137;Thu Mar 14 23:23:41 2019;-23.6304977514816,-46.6038687602859;-23.6294293937468,-46.6047248879112;-23.6304816 -46.6038767;-23.6294585 -46.6047459;226;41;32
138;Thu Mar 14 23:24:41 2019;-23.6304977514816,-46.6038687602859;-23.6294293937468,-46.6047248879112;-23.6304816 -46.6038767;-23.6294585 -46.6047459;226;41;32
139;Thu Mar 14 23:25:41 2019;-23.6304977514816,-46.6038687602859;-23.6294293937468,-46.6047248879112;-23.6304816 -46.6038767;-23.6294585 -46.6047459;226;41;32
140;Thu Mar 14 23:26:41 2019;-23.6304977514816,-46.6038687602859;-23.6294293937468,-46.6047248879112;-23.6304816 -46.6038767;-23.6294585 -46.6047459;226;41;32
141;Thu Mar 14 23:27:41 2019;-23.6304977514816,-46.6038687602859;-23.6294293937468,-46.6047248879112;-23.6304816 -46.6038767;-23.6294585 -46.6047459;226;41;32
142;Thu Mar 14 23:28:41 2019;-23.6304977514816,-46.6038687602859;-23.6294293937468,-46.6047248879112;-23.6304816 -46.6038767;-23.6294585 -46.6047459;226;41;32
143;Thu Mar 14 23:29:41 2019;-23.6304977514816,-46.6038687602859;-23.6294293937468,-46.6047248879112;-23.6304816 -46.6038767;-23.6294585 -46.6047459;226;41;32
144;Thu Mar 14 23:30:41 2019;-23.6304977514816,-46.6038687602859;-23.6294293937468,-46.6047248879112;-23.6304816 -46.6038767;-23.6294585 -46.6047459;226;41;33
145;Thu Mar 14 23:31:41 2019;-23.6304977514816,-46.6038687602859;-23.6294293937468,-46.6047248879112;-23.6304816 -46.6038767;-23.6294585 -46.6047459;226;41;33
146;Thu Mar 14 23:32:41 2019;-23.6304977514816,-46.6038687602859;-23.6294293937468,-46.6047248879112;-23.6304816 -46.6038767;-23.6294585 -46.6047459;226;41;33
147;Thu Mar 14 23:33:41 2019;-23.6304977514816,-46.6038687602859;-23.6294293937468,-46.6047248879112;-23.6304816 -46.6038767;-23.6294585 -46.6047459;226;41;32
148;Thu Mar 14 23:34:41 2019;-23.6304977514816,-46.6038687602859;-23.6294293937468,-46.6047248879112;-23.6304816 -46.6038767;-23.6294585 -46.6047459;226;41;33
149;Thu Mar 14 23:35:41 2019;-23.6304977514816,-46.6038687602859;-23.6294293937468,-46.6047248879112;-23.6304816 -46.6038767;-23.6294585 -46.6047459;226;41;32
150;Thu Mar 14 23:36:41 2019;-23.6304977514816,-46.6038687602859;-23.6294293937468,-46.6047248879112;-23.6304816 -46.6038767;-23.6294585 -46.6047459;226;41;32
151;Thu Mar 14 23:37:41 2019;-23.6304977514816,-46.6038687602859;-23.6294293937468,-46.6047248879112;-23.6304816 -46.6038767;-23.6294585 -46.6047459;226;41;32
152;Thu Mar 14 23:38:41 2019;-23.6304977514816,-46.6038687602859;-23.6294293937468,-46.6047248879112;-23.6304816 -46.6038767;-23.6294585 -46.6047459;226;41;32
153;Thu Mar 14 23:39:41 2019;-23.6304977514816,-46.6038687602859;-23.6294293937468,-46.6047248879112;-23.6304816 -46.6038767;-23.6294585 -46.6047459;226;41;32
154;Thu Mar 14 23:40:41 2019;-23.6304977514816,-46.6038687602859;-23.6294293937468,-46.6047248879112;-23.6304816 -46.6038767;-23.6294585 -46.6047459;226;41;32
155;Thu Mar 14 23:41:41 2019;-23.6304977514816,-46.6038687602859;-23.6294293937468,-46.6047248879112;-23.6304816 -46.6038767;-23.6294585 -46.6047459;226;41;31
156;Thu Mar 14 23:42:41 2019;-23.6304977514816,-46.6038687602859;-23.6294293937468,-46.6047248879112;-23.6304816 -46.6038767;-23.6294585 -46.6047459;226;41;31
157;Thu Mar 14 23:43:41 2019;-23.6304977514816,-46.6038687602859;-23.6294293937468,-46.6047248879112;-23.6304816 -46.6038767;-23.6294585 -46.6047459;226;41;31
158;Thu Mar 14 23:44:41 2019;-23.6304977514816,-46.6038687602859;-23.6294293937468,-46.6047248879112;-23.6304816 -46.6038767;-23.6294585 -46.6047459;226;41;31
159;Thu Mar 14 23:45:41 2019;-23.6304977514816,-46.6038687602859;-23.6294293937468,-46.6047248879112;-23.6304816 -46.6038767;-23.6294585 -46.6047459;226;41;31
160;Thu Mar 14 23:46:41 2019;-23.6304977514816,-46.6038687602859;-23.6294293937468,-46.6047248879112;-23.6304816 -46.6038767;-23.6294585 -46.6047459;226;41;31
161;Thu Mar 14 23:47:41 2019;-23.6304977514816,-46.6038687602859;-23.6294293937468,-46.6047248879112;-23.6304816 -46.6038767;-23.6294585 -46.6047459;226;41;31
162;Thu Mar 14 23:48:41 2019;-23.6304977514816,-46.6038687602859;-23.6294293937468,-46.6047248879112;-23.6304816 -46.6038767;-23.6294585 -46.6047459;226;41;31
163;Thu Mar 14 23:49:41 2019;-23.6304977514816,-46.6038687602859;-23.6294293937468,-46.6047248879112;-23.6304816 -46.6038767;-23.6294585 -46.6047459;226;41;31
164;Thu Mar 14 23:50:41 2019;-23.6304977514816,-46.6038687602859;-23.6294293937468,-46.6047248879112;-23.6304816 -46.6038767;-23.6294585 -46.6047459;226;41;31
165;Thu Mar 14 23:51:41 2019;-23.6304977514816,-46.6038687602859;-23.6294293937468,-46.6047248879112;-23.6304816 -46.6038767;-23.6294585 -46.6047459;226;41;31
166;Thu Mar 14 23:52:42 2019;-23.6304977514816,-46.6038687602859;-23.6294293937468,-46.6047248879112;-23.6304816 -46.6038767;-23.6294585 -46.6047459;226;41;31
167;Thu Mar 14 23:53:41 2019;-23.6304977514816,-46.6038687602859;-23.6294293937468,-46.6047248879112;-23.6304816 -46.6038767;-23.6294585 -46.6047459;226;41;31
168;Thu Mar 14 23:54:41 2019;-23.6304977514816,-46.6038687602859;-23.6294293937468,-46.6047248879112;-23.6304816 -46.6038767;-23.6294585 -46.6047459;226;41;31
169;Thu Mar 14 23:55:41 2019;-23.6304977514816,-46.6038687602859;-23.6294293937468,-46.6047248879112;-23.6304816 -46.6038767;-23.6294585 -46.6047459;226;41;31
170;Thu Mar 14 23:56:41 2019;-23.6304977514816,-46.6038687602859;-23.6294293937468,-46.6047248879112;-23.6304816 -46.6038767;-23.6294585 -46.6047459;226;41;31
171;Thu Mar 14 23:57:41 2019;-23.6304977514816,-46.6038687602859;-23.6294293937468,-46.6047248879112;-23.6304816 -46.6038767;-23.6294585 -46.6047459;226;41;31
172;Thu Mar 14 23:58:41 2019;-23.6304977514816,-46.6038687602859;-23.6294293937468,-46.6047248879112;-23.6304816 -46.6038767;-23.6294585 -46.6047459;226;41;30
173;Thu Mar 14 23:59:41 2019;-23.6304977514816,-46.6038687602859;-23.6294293937468,-46.6047248879112;-23.6304816 -46.6038767;-23.6294585 -46.6047459;226;41;30
