38972;Thu Mar 14 00:00:09 2019;-23.5964170809876,-46.6165202977249;-23.5955448934394,-46.617134202324;-23.5964338 -46.6165287;-23.5955759 -46.6171751;123;15;13
39213;Thu Mar 14 04:01:13 2019;-23.5964170809876,-46.6165202977249;-23.5955448934394,-46.617134202324;-23.5964338 -46.6165287;-23.5955759 -46.6171751;123;15;13
39214;Thu Mar 14 04:02:09 2019;-23.5964170809876,-46.6165202977249;-23.5955448934394,-46.617134202324;-23.5964338 -46.6165287;-23.5955759 -46.6171751;123;15;13
39215;Thu Mar 14 04:03:09 2019;-23.5964170809876,-46.6165202977249;-23.5955448934394,-46.617134202324;-23.5964338 -46.6165287;-23.5955759 -46.6171751;123;15;13
39216;Thu Mar 14 04:04:09 2019;-23.5964170809876,-46.6165202977249;-23.5955448934394,-46.617134202324;-23.5964338 -46.6165287;-23.5955759 -46.6171751;123;15;13
39217;Thu Mar 14 04:05:09 2019;-23.5964170809876,-46.6165202977249;-23.5955448934394,-46.617134202324;-23.5964338 -46.6165287;-23.5955759 -46.6171751;123;15;13
39218;Thu Mar 14 04:06:09 2019;-23.5964170809876,-46.6165202977249;-23.5955448934394,-46.617134202324;-23.5964338 -46.6165287;-23.5955759 -46.6171751;123;15;13
39219;Thu Mar 14 04:07:09 2019;-23.5964170809876,-46.6165202977249;-23.5955448934394,-46.617134202324;-23.5964338 -46.6165287;-23.5955759 -46.6171751;123;15;13
39220;Thu Mar 14 04:08:09 2019;-23.5964170809876,-46.6165202977249;-23.5955448934394,-46.617134202324;-23.5964338 -46.6165287;-23.5955759 -46.6171751;123;15;13
39221;Thu Mar 14 04:09:09 2019;-23.5964170809876,-46.6165202977249;-23.5955448934394,-46.617134202324;-23.5964338 -46.6165287;-23.5955759 -46.6171751;123;15;13
39222;Thu Mar 14 04:10:09 2019;-23.5964170809876,-46.6165202977249;-23.5955448934394,-46.617134202324;-23.5964338 -46.6165287;-23.5955759 -46.6171751;123;15;13
1;Thu Mar 14 21:07:47 2019;-23.5964170809876,-46.6165202977249;-23.5955448934394,-46.617134202324;-23.5964338 -46.6165287;-23.5955759 -46.6171751;123;15;15
2;Thu Mar 14 21:08:46 2019;-23.5964170809876,-46.6165202977249;-23.5955448934394,-46.617134202324;-23.5964338 -46.6165287;-23.5955759 -46.6171751;123;15;15
3;Thu Mar 14 21:09:43 2019;-23.5964170809876,-46.6165202977249;-23.5955448934394,-46.617134202324;-23.5964338 -46.6165287;-23.5955759 -46.6171751;123;15;15
4;Thu Mar 14 21:10:42 2019;-23.5964170809876,-46.6165202977249;-23.5955448934394,-46.617134202324;-23.5964338 -46.6165287;-23.5955759 -46.6171751;123;15;15
5;Thu Mar 14 21:11:43 2019;-23.5964170809876,-46.6165202977249;-23.5955448934394,-46.617134202324;-23.5964338 -46.6165287;-23.5955759 -46.6171751;123;15;15
6;Thu Mar 14 21:12:42 2019;-23.5964170809876,-46.6165202977249;-23.5955448934394,-46.617134202324;-23.5964338 -46.6165287;-23.5955759 -46.6171751;123;15;15
7;Thu Mar 14 21:13:43 2019;-23.5964170809876,-46.6165202977249;-23.5955448934394,-46.617134202324;-23.5964338 -46.6165287;-23.5955759 -46.6171751;123;15;15
8;Thu Mar 14 21:14:43 2019;-23.5964170809876,-46.6165202977249;-23.5955448934394,-46.617134202324;-23.5964338 -46.6165287;-23.5955759 -46.6171751;123;15;15
9;Thu Mar 14 21:15:43 2019;-23.5964170809876,-46.6165202977249;-23.5955448934394,-46.617134202324;-23.5964338 -46.6165287;-23.5955759 -46.6171751;123;15;15
10;Thu Mar 14 21:16:43 2019;-23.5964170809876,-46.6165202977249;-23.5955448934394,-46.617134202324;-23.5964338 -46.6165287;-23.5955759 -46.6171751;123;15;15
11;Thu Mar 14 21:17:43 2019;-23.5964170809876,-46.6165202977249;-23.5955448934394,-46.617134202324;-23.5964338 -46.6165287;-23.5955759 -46.6171751;123;15;15
12;Thu Mar 14 21:18:43 2019;-23.5964170809876,-46.6165202977249;-23.5955448934394,-46.617134202324;-23.5964338 -46.6165287;-23.5955759 -46.6171751;123;15;15
13;Thu Mar 14 21:19:43 2019;-23.5964170809876,-46.6165202977249;-23.5955448934394,-46.617134202324;-23.5964338 -46.6165287;-23.5955759 -46.6171751;123;15;15
14;Thu Mar 14 21:20:43 2019;-23.5964170809876,-46.6165202977249;-23.5955448934394,-46.617134202324;-23.5964338 -46.6165287;-23.5955759 -46.6171751;123;15;15
15;Thu Mar 14 21:21:44 2019;-23.5964170809876,-46.6165202977249;-23.5955448934394,-46.617134202324;-23.5964338 -46.6165287;-23.5955759 -46.6171751;123;15;15
16;Thu Mar 14 21:22:46 2019;-23.5964170809876,-46.6165202977249;-23.5955448934394,-46.617134202324;-23.5964338 -46.6165287;-23.5955759 -46.6171751;123;15;15
17;Thu Mar 14 21:23:43 2019;-23.5964170809876,-46.6165202977249;-23.5955448934394,-46.617134202324;-23.5964338 -46.6165287;-23.5955759 -46.6171751;123;15;15
18;Thu Mar 14 21:24:43 2019;-23.5964170809876,-46.6165202977249;-23.5955448934394,-46.617134202324;-23.5964338 -46.6165287;-23.5955759 -46.6171751;123;15;15
19;Thu Mar 14 21:25:43 2019;-23.5964170809876,-46.6165202977249;-23.5955448934394,-46.617134202324;-23.5964338 -46.6165287;-23.5955759 -46.6171751;123;15;15
20;Thu Mar 14 21:26:42 2019;-23.5964170809876,-46.6165202977249;-23.5955448934394,-46.617134202324;-23.5964338 -46.6165287;-23.5955759 -46.6171751;123;15;15
21;Thu Mar 14 21:27:43 2019;-23.5964170809876,-46.6165202977249;-23.5955448934394,-46.617134202324;-23.5964338 -46.6165287;-23.5955759 -46.6171751;123;15;14
22;Thu Mar 14 21:28:43 2019;-23.5964170809876,-46.6165202977249;-23.5955448934394,-46.617134202324;-23.5964338 -46.6165287;-23.5955759 -46.6171751;123;15;14
23;Thu Mar 14 21:29:42 2019;-23.5964170809876,-46.6165202977249;-23.5955448934394,-46.617134202324;-23.5964338 -46.6165287;-23.5955759 -46.6171751;123;15;14
24;Thu Mar 14 21:30:42 2019;-23.5964170809876,-46.6165202977249;-23.5955448934394,-46.617134202324;-23.5964338 -46.6165287;-23.5955759 -46.6171751;123;15;14
25;Thu Mar 14 21:31:43 2019;-23.5964170809876,-46.6165202977249;-23.5955448934394,-46.617134202324;-23.5964338 -46.6165287;-23.5955759 -46.6171751;123;15;14
26;Thu Mar 14 21:32:43 2019;-23.5964170809876,-46.6165202977249;-23.5955448934394,-46.617134202324;-23.5964338 -46.6165287;-23.5955759 -46.6171751;123;15;14
27;Thu Mar 14 21:33:43 2019;-23.5964170809876,-46.6165202977249;-23.5955448934394,-46.617134202324;-23.5964338 -46.6165287;-23.5955759 -46.6171751;123;15;14
28;Thu Mar 14 21:34:43 2019;-23.5964170809876,-46.6165202977249;-23.5955448934394,-46.617134202324;-23.5964338 -46.6165287;-23.5955759 -46.6171751;123;15;14
29;Thu Mar 14 21:35:43 2019;-23.5964170809876,-46.6165202977249;-23.5955448934394,-46.617134202324;-23.5964338 -46.6165287;-23.5955759 -46.6171751;123;15;14
30;Thu Mar 14 21:36:43 2019;-23.5964170809876,-46.6165202977249;-23.5955448934394,-46.617134202324;-23.5964338 -46.6165287;-23.5955759 -46.6171751;123;15;14
31;Thu Mar 14 21:37:47 2019;-23.5964170809876,-46.6165202977249;-23.5955448934394,-46.617134202324;-23.5964338 -46.6165287;-23.5955759 -46.6171751;123;15;14
32;Thu Mar 14 21:38:42 2019;-23.5964170809876,-46.6165202977249;-23.5955448934394,-46.617134202324;-23.5964338 -46.6165287;-23.5955759 -46.6171751;123;15;14
33;Thu Mar 14 21:39:43 2019;-23.5964170809876,-46.6165202977249;-23.5955448934394,-46.617134202324;-23.5964338 -46.6165287;-23.5955759 -46.6171751;123;15;14
34;Thu Mar 14 21:40:42 2019;-23.5964170809876,-46.6165202977249;-23.5955448934394,-46.617134202324;-23.5964338 -46.6165287;-23.5955759 -46.6171751;123;15;14
35;Thu Mar 14 21:41:43 2019;-23.5964170809876,-46.6165202977249;-23.5955448934394,-46.617134202324;-23.5964338 -46.6165287;-23.5955759 -46.6171751;123;15;14
36;Thu Mar 14 21:42:43 2019;-23.5964170809876,-46.6165202977249;-23.5955448934394,-46.617134202324;-23.5964338 -46.6165287;-23.5955759 -46.6171751;123;15;14
37;Thu Mar 14 21:43:43 2019;-23.5964170809876,-46.6165202977249;-23.5955448934394,-46.617134202324;-23.5964338 -46.6165287;-23.5955759 -46.6171751;123;15;14
38;Thu Mar 14 21:44:43 2019;-23.5964170809876,-46.6165202977249;-23.5955448934394,-46.617134202324;-23.5964338 -46.6165287;-23.5955759 -46.6171751;123;15;14
39;Thu Mar 14 21:45:43 2019;-23.5964170809876,-46.6165202977249;-23.5955448934394,-46.617134202324;-23.5964338 -46.6165287;-23.5955759 -46.6171751;123;15;14
40;Thu Mar 14 21:46:43 2019;-23.5964170809876,-46.6165202977249;-23.5955448934394,-46.617134202324;-23.5964338 -46.6165287;-23.5955759 -46.6171751;123;15;14
41;Thu Mar 14 21:47:43 2019;-23.5964170809876,-46.6165202977249;-23.5955448934394,-46.617134202324;-23.5964338 -46.6165287;-23.5955759 -46.6171751;123;15;14
42;Thu Mar 14 21:48:43 2019;-23.5964170809876,-46.6165202977249;-23.5955448934394,-46.617134202324;-23.5964338 -46.6165287;-23.5955759 -46.6171751;123;15;14
43;Thu Mar 14 21:49:43 2019;-23.5964170809876,-46.6165202977249;-23.5955448934394,-46.617134202324;-23.5964338 -46.6165287;-23.5955759 -46.6171751;123;15;14
44;Thu Mar 14 21:50:43 2019;-23.5964170809876,-46.6165202977249;-23.5955448934394,-46.617134202324;-23.5964338 -46.6165287;-23.5955759 -46.6171751;123;15;14
45;Thu Mar 14 21:51:42 2019;-23.5964170809876,-46.6165202977249;-23.5955448934394,-46.617134202324;-23.5964338 -46.6165287;-23.5955759 -46.6171751;123;15;14
46;Thu Mar 14 21:52:46 2019;-23.5964170809876,-46.6165202977249;-23.5955448934394,-46.617134202324;-23.5964338 -46.6165287;-23.5955759 -46.6171751;123;15;14
47;Thu Mar 14 21:53:43 2019;-23.5964170809876,-46.6165202977249;-23.5955448934394,-46.617134202324;-23.5964338 -46.6165287;-23.5955759 -46.6171751;123;15;14
48;Thu Mar 14 21:54:43 2019;-23.5964170809876,-46.6165202977249;-23.5955448934394,-46.617134202324;-23.5964338 -46.6165287;-23.5955759 -46.6171751;123;15;14
49;Thu Mar 14 21:55:43 2019;-23.5964170809876,-46.6165202977249;-23.5955448934394,-46.617134202324;-23.5964338 -46.6165287;-23.5955759 -46.6171751;123;15;14
50;Thu Mar 14 21:56:42 2019;-23.5964170809876,-46.6165202977249;-23.5955448934394,-46.617134202324;-23.5964338 -46.6165287;-23.5955759 -46.6171751;123;15;14
51;Thu Mar 14 21:57:43 2019;-23.5964170809876,-46.6165202977249;-23.5955448934394,-46.617134202324;-23.5964338 -46.6165287;-23.5955759 -46.6171751;123;15;15
52;Thu Mar 14 21:58:43 2019;-23.5964170809876,-46.6165202977249;-23.5955448934394,-46.617134202324;-23.5964338 -46.6165287;-23.5955759 -46.6171751;123;15;15
53;Thu Mar 14 21:59:43 2019;-23.5964170809876,-46.6165202977249;-23.5955448934394,-46.617134202324;-23.5964338 -46.6165287;-23.5955759 -46.6171751;123;15;15
54;Thu Mar 14 22:00:43 2019;-23.5964170809876,-46.6165202977249;-23.5955448934394,-46.617134202324;-23.5964338 -46.6165287;-23.5955759 -46.6171751;123;15;15
55;Thu Mar 14 22:01:42 2019;-23.5964170809876,-46.6165202977249;-23.5955448934394,-46.617134202324;-23.5964338 -46.6165287;-23.5955759 -46.6171751;123;15;14
56;Thu Mar 14 22:02:43 2019;-23.5964170809876,-46.6165202977249;-23.5955448934394,-46.617134202324;-23.5964338 -46.6165287;-23.5955759 -46.6171751;123;15;14
57;Thu Mar 14 22:03:42 2019;-23.5964170809876,-46.6165202977249;-23.5955448934394,-46.617134202324;-23.5964338 -46.6165287;-23.5955759 -46.6171751;123;15;14
58;Thu Mar 14 22:04:42 2019;-23.5964170809876,-46.6165202977249;-23.5955448934394,-46.617134202324;-23.5964338 -46.6165287;-23.5955759 -46.6171751;123;15;14
59;Thu Mar 14 22:05:42 2019;-23.5964170809876,-46.6165202977249;-23.5955448934394,-46.617134202324;-23.5964338 -46.6165287;-23.5955759 -46.6171751;123;15;14
60;Thu Mar 14 22:06:43 2019;-23.5964170809876,-46.6165202977249;-23.5955448934394,-46.617134202324;-23.5964338 -46.6165287;-23.5955759 -46.6171751;123;15;14
61;Thu Mar 14 22:07:46 2019;-23.5964170809876,-46.6165202977249;-23.5955448934394,-46.617134202324;-23.5964338 -46.6165287;-23.5955759 -46.6171751;123;15;14
62;Thu Mar 14 22:08:42 2019;-23.5964170809876,-46.6165202977249;-23.5955448934394,-46.617134202324;-23.5964338 -46.6165287;-23.5955759 -46.6171751;123;15;14
63;Thu Mar 14 22:09:43 2019;-23.5964170809876,-46.6165202977249;-23.5955448934394,-46.617134202324;-23.5964338 -46.6165287;-23.5955759 -46.6171751;123;15;14
64;Thu Mar 14 22:10:43 2019;-23.5964170809876,-46.6165202977249;-23.5955448934394,-46.617134202324;-23.5964338 -46.6165287;-23.5955759 -46.6171751;123;15;14
65;Thu Mar 14 22:11:43 2019;-23.5964170809876,-46.6165202977249;-23.5955448934394,-46.617134202324;-23.5964338 -46.6165287;-23.5955759 -46.6171751;123;15;14
66;Thu Mar 14 22:12:42 2019;-23.5964170809876,-46.6165202977249;-23.5955448934394,-46.617134202324;-23.5964338 -46.6165287;-23.5955759 -46.6171751;123;15;14
67;Thu Mar 14 22:13:42 2019;-23.5964170809876,-46.6165202977249;-23.5955448934394,-46.617134202324;-23.5964338 -46.6165287;-23.5955759 -46.6171751;123;15;14
68;Thu Mar 14 22:14:43 2019;-23.5964170809876,-46.6165202977249;-23.5955448934394,-46.617134202324;-23.5964338 -46.6165287;-23.5955759 -46.6171751;123;15;14
69;Thu Mar 14 22:15:42 2019;-23.5964170809876,-46.6165202977249;-23.5955448934394,-46.617134202324;-23.5964338 -46.6165287;-23.5955759 -46.6171751;123;15;14
70;Thu Mar 14 22:16:42 2019;-23.5964170809876,-46.6165202977249;-23.5955448934394,-46.617134202324;-23.5964338 -46.6165287;-23.5955759 -46.6171751;123;15;14
71;Thu Mar 14 22:17:43 2019;-23.5964170809876,-46.6165202977249;-23.5955448934394,-46.617134202324;-23.5964338 -46.6165287;-23.5955759 -46.6171751;123;15;14
72;Thu Mar 14 22:18:43 2019;-23.5964170809876,-46.6165202977249;-23.5955448934394,-46.617134202324;-23.5964338 -46.6165287;-23.5955759 -46.6171751;123;15;14
73;Thu Mar 14 22:19:43 2019;-23.5964170809876,-46.6165202977249;-23.5955448934394,-46.617134202324;-23.5964338 -46.6165287;-23.5955759 -46.6171751;123;15;14
74;Thu Mar 14 22:20:43 2019;-23.5964170809876,-46.6165202977249;-23.5955448934394,-46.617134202324;-23.5964338 -46.6165287;-23.5955759 -46.6171751;123;15;14
75;Thu Mar 14 22:21:42 2019;-23.5964170809876,-46.6165202977249;-23.5955448934394,-46.617134202324;-23.5964338 -46.6165287;-23.5955759 -46.6171751;123;15;14
76;Thu Mar 14 22:22:46 2019;-23.5964170809876,-46.6165202977249;-23.5955448934394,-46.617134202324;-23.5964338 -46.6165287;-23.5955759 -46.6171751;123;15;14
77;Thu Mar 14 22:23:43 2019;-23.5964170809876,-46.6165202977249;-23.5955448934394,-46.617134202324;-23.5964338 -46.6165287;-23.5955759 -46.6171751;123;15;13
78;Thu Mar 14 22:24:42 2019;-23.5964170809876,-46.6165202977249;-23.5955448934394,-46.617134202324;-23.5964338 -46.6165287;-23.5955759 -46.6171751;123;15;13
79;Thu Mar 14 22:25:43 2019;-23.5964170809876,-46.6165202977249;-23.5955448934394,-46.617134202324;-23.5964338 -46.6165287;-23.5955759 -46.6171751;123;15;13
80;Thu Mar 14 22:26:43 2019;-23.5964170809876,-46.6165202977249;-23.5955448934394,-46.617134202324;-23.5964338 -46.6165287;-23.5955759 -46.6171751;123;15;13
81;Thu Mar 14 22:27:43 2019;-23.5964170809876,-46.6165202977249;-23.5955448934394,-46.617134202324;-23.5964338 -46.6165287;-23.5955759 -46.6171751;123;15;14
82;Thu Mar 14 22:28:43 2019;-23.5964170809876,-46.6165202977249;-23.5955448934394,-46.617134202324;-23.5964338 -46.6165287;-23.5955759 -46.6171751;123;15;14
83;Thu Mar 14 22:29:43 2019;-23.5964170809876,-46.6165202977249;-23.5955448934394,-46.617134202324;-23.5964338 -46.6165287;-23.5955759 -46.6171751;123;15;14
84;Thu Mar 14 22:30:42 2019;-23.5964170809876,-46.6165202977249;-23.5955448934394,-46.617134202324;-23.5964338 -46.6165287;-23.5955759 -46.6171751;123;15;13
85;Thu Mar 14 22:31:43 2019;-23.5964170809876,-46.6165202977249;-23.5955448934394,-46.617134202324;-23.5964338 -46.6165287;-23.5955759 -46.6171751;123;15;13
86;Thu Mar 14 22:32:42 2019;-23.5964170809876,-46.6165202977249;-23.5955448934394,-46.617134202324;-23.5964338 -46.6165287;-23.5955759 -46.6171751;123;15;13
87;Thu Mar 14 22:33:43 2019;-23.5964170809876,-46.6165202977249;-23.5955448934394,-46.617134202324;-23.5964338 -46.6165287;-23.5955759 -46.6171751;123;15;13
88;Thu Mar 14 22:34:42 2019;-23.5964170809876,-46.6165202977249;-23.5955448934394,-46.617134202324;-23.5964338 -46.6165287;-23.5955759 -46.6171751;123;15;13
89;Thu Mar 14 22:35:42 2019;-23.5964170809876,-46.6165202977249;-23.5955448934394,-46.617134202324;-23.5964338 -46.6165287;-23.5955759 -46.6171751;123;15;13
90;Thu Mar 14 22:36:42 2019;-23.5964170809876,-46.6165202977249;-23.5955448934394,-46.617134202324;-23.5964338 -46.6165287;-23.5955759 -46.6171751;123;15;13
91;Thu Mar 14 22:37:46 2019;-23.5964170809876,-46.6165202977249;-23.5955448934394,-46.617134202324;-23.5964338 -46.6165287;-23.5955759 -46.6171751;123;15;13
92;Thu Mar 14 22:38:43 2019;-23.5964170809876,-46.6165202977249;-23.5955448934394,-46.617134202324;-23.5964338 -46.6165287;-23.5955759 -46.6171751;123;15;13
93;Thu Mar 14 22:39:43 2019;-23.5964170809876,-46.6165202977249;-23.5955448934394,-46.617134202324;-23.5964338 -46.6165287;-23.5955759 -46.6171751;123;15;13
94;Thu Mar 14 22:40:43 2019;-23.5964170809876,-46.6165202977249;-23.5955448934394,-46.617134202324;-23.5964338 -46.6165287;-23.5955759 -46.6171751;123;15;13
95;Thu Mar 14 22:41:42 2019;-23.5964170809876,-46.6165202977249;-23.5955448934394,-46.617134202324;-23.5964338 -46.6165287;-23.5955759 -46.6171751;123;15;13
96;Thu Mar 14 22:42:42 2019;-23.5964170809876,-46.6165202977249;-23.5955448934394,-46.617134202324;-23.5964338 -46.6165287;-23.5955759 -46.6171751;123;15;13
97;Thu Mar 14 22:43:43 2019;-23.5964170809876,-46.6165202977249;-23.5955448934394,-46.617134202324;-23.5964338 -46.6165287;-23.5955759 -46.6171751;123;15;13
98;Thu Mar 14 22:44:43 2019;-23.5964170809876,-46.6165202977249;-23.5955448934394,-46.617134202324;-23.5964338 -46.6165287;-23.5955759 -46.6171751;123;15;13
99;Thu Mar 14 22:45:43 2019;-23.5964170809876,-46.6165202977249;-23.5955448934394,-46.617134202324;-23.5964338 -46.6165287;-23.5955759 -46.6171751;123;15;13
100;Thu Mar 14 22:46:43 2019;-23.5964170809876,-46.6165202977249;-23.5955448934394,-46.617134202324;-23.5964338 -46.6165287;-23.5955759 -46.6171751;123;15;13
101;Thu Mar 14 22:47:43 2019;-23.5964170809876,-46.6165202977249;-23.5955448934394,-46.617134202324;-23.5964338 -46.6165287;-23.5955759 -46.6171751;123;15;13
102;Thu Mar 14 22:48:43 2019;-23.5964170809876,-46.6165202977249;-23.5955448934394,-46.617134202324;-23.5964338 -46.6165287;-23.5955759 -46.6171751;123;15;13
103;Thu Mar 14 22:49:43 2019;-23.5964170809876,-46.6165202977249;-23.5955448934394,-46.617134202324;-23.5964338 -46.6165287;-23.5955759 -46.6171751;123;15;13
104;Thu Mar 14 22:50:43 2019;-23.5964170809876,-46.6165202977249;-23.5955448934394,-46.617134202324;-23.5964338 -46.6165287;-23.5955759 -46.6171751;123;15;13
105;Thu Mar 14 22:51:42 2019;-23.5964170809876,-46.6165202977249;-23.5955448934394,-46.617134202324;-23.5964338 -46.6165287;-23.5955759 -46.6171751;123;15;13
106;Thu Mar 14 22:52:47 2019;-23.5964170809876,-46.6165202977249;-23.5955448934394,-46.617134202324;-23.5964338 -46.6165287;-23.5955759 -46.6171751;123;15;13
107;Thu Mar 14 22:53:42 2019;-23.5964170809876,-46.6165202977249;-23.5955448934394,-46.617134202324;-23.5964338 -46.6165287;-23.5955759 -46.6171751;123;15;13
108;Thu Mar 14 22:54:43 2019;-23.5964170809876,-46.6165202977249;-23.5955448934394,-46.617134202324;-23.5964338 -46.6165287;-23.5955759 -46.6171751;123;15;13
109;Thu Mar 14 22:55:43 2019;-23.5964170809876,-46.6165202977249;-23.5955448934394,-46.617134202324;-23.5964338 -46.6165287;-23.5955759 -46.6171751;123;15;14
110;Thu Mar 14 22:56:42 2019;-23.5964170809876,-46.6165202977249;-23.5955448934394,-46.617134202324;-23.5964338 -46.6165287;-23.5955759 -46.6171751;123;15;14
111;Thu Mar 14 22:57:43 2019;-23.5964170809876,-46.6165202977249;-23.5955448934394,-46.617134202324;-23.5964338 -46.6165287;-23.5955759 -46.6171751;123;15;14
112;Thu Mar 14 22:58:42 2019;-23.5964170809876,-46.6165202977249;-23.5955448934394,-46.617134202324;-23.5964338 -46.6165287;-23.5955759 -46.6171751;123;15;14
113;Thu Mar 14 22:59:43 2019;-23.5964170809876,-46.6165202977249;-23.5955448934394,-46.617134202324;-23.5964338 -46.6165287;-23.5955759 -46.6171751;123;15;14
114;Thu Mar 14 23:00:43 2019;-23.5964170809876,-46.6165202977249;-23.5955448934394,-46.617134202324;-23.5964338 -46.6165287;-23.5955759 -46.6171751;123;15;14
115;Thu Mar 14 23:01:42 2019;-23.5964170809876,-46.6165202977249;-23.5955448934394,-46.617134202324;-23.5964338 -46.6165287;-23.5955759 -46.6171751;123;15;14
116;Thu Mar 14 23:02:42 2019;-23.5964170809876,-46.6165202977249;-23.5955448934394,-46.617134202324;-23.5964338 -46.6165287;-23.5955759 -46.6171751;123;15;14
117;Thu Mar 14 23:03:42 2019;-23.5964170809876,-46.6165202977249;-23.5955448934394,-46.617134202324;-23.5964338 -46.6165287;-23.5955759 -46.6171751;123;15;14
118;Thu Mar 14 23:04:43 2019;-23.5964170809876,-46.6165202977249;-23.5955448934394,-46.617134202324;-23.5964338 -46.6165287;-23.5955759 -46.6171751;123;15;14
119;Thu Mar 14 23:05:43 2019;-23.5964170809876,-46.6165202977249;-23.5955448934394,-46.617134202324;-23.5964338 -46.6165287;-23.5955759 -46.6171751;123;15;14
120;Thu Mar 14 23:06:42 2019;-23.5964170809876,-46.6165202977249;-23.5955448934394,-46.617134202324;-23.5964338 -46.6165287;-23.5955759 -46.6171751;123;15;14
121;Thu Mar 14 23:07:46 2019;-23.5964170809876,-46.6165202977249;-23.5955448934394,-46.617134202324;-23.5964338 -46.6165287;-23.5955759 -46.6171751;123;15;14
122;Thu Mar 14 23:08:43 2019;-23.5964170809876,-46.6165202977249;-23.5955448934394,-46.617134202324;-23.5964338 -46.6165287;-23.5955759 -46.6171751;123;15;14
123;Thu Mar 14 23:09:43 2019;-23.5964170809876,-46.6165202977249;-23.5955448934394,-46.617134202324;-23.5964338 -46.6165287;-23.5955759 -46.6171751;123;15;14
124;Thu Mar 14 23:10:43 2019;-23.5964170809876,-46.6165202977249;-23.5955448934394,-46.617134202324;-23.5964338 -46.6165287;-23.5955759 -46.6171751;123;15;14
125;Thu Mar 14 23:11:42 2019;-23.5964170809876,-46.6165202977249;-23.5955448934394,-46.617134202324;-23.5964338 -46.6165287;-23.5955759 -46.6171751;123;15;15
126;Thu Mar 14 23:12:42 2019;-23.5964170809876,-46.6165202977249;-23.5955448934394,-46.617134202324;-23.5964338 -46.6165287;-23.5955759 -46.6171751;123;15;15
127;Thu Mar 14 23:13:42 2019;-23.5964170809876,-46.6165202977249;-23.5955448934394,-46.617134202324;-23.5964338 -46.6165287;-23.5955759 -46.6171751;123;15;14
128;Thu Mar 14 23:14:43 2019;-23.5964170809876,-46.6165202977249;-23.5955448934394,-46.617134202324;-23.5964338 -46.6165287;-23.5955759 -46.6171751;123;15;14
129;Thu Mar 14 23:15:43 2019;-23.5964170809876,-46.6165202977249;-23.5955448934394,-46.617134202324;-23.5964338 -46.6165287;-23.5955759 -46.6171751;123;15;14
130;Thu Mar 14 23:16:42 2019;-23.5964170809876,-46.6165202977249;-23.5955448934394,-46.617134202324;-23.5964338 -46.6165287;-23.5955759 -46.6171751;123;15;14
131;Thu Mar 14 23:17:43 2019;-23.5964170809876,-46.6165202977249;-23.5955448934394,-46.617134202324;-23.5964338 -46.6165287;-23.5955759 -46.6171751;123;15;14
132;Thu Mar 14 23:18:43 2019;-23.5964170809876,-46.6165202977249;-23.5955448934394,-46.617134202324;-23.5964338 -46.6165287;-23.5955759 -46.6171751;123;15;14
133;Thu Mar 14 23:19:42 2019;-23.5964170809876,-46.6165202977249;-23.5955448934394,-46.617134202324;-23.5964338 -46.6165287;-23.5955759 -46.6171751;123;15;14
134;Thu Mar 14 23:20:42 2019;-23.5964170809876,-46.6165202977249;-23.5955448934394,-46.617134202324;-23.5964338 -46.6165287;-23.5955759 -46.6171751;123;15;14
135;Thu Mar 14 23:21:43 2019;-23.5964170809876,-46.6165202977249;-23.5955448934394,-46.617134202324;-23.5964338 -46.6165287;-23.5955759 -46.6171751;123;15;14
136;Thu Mar 14 23:22:45 2019;-23.5964170809876,-46.6165202977249;-23.5955448934394,-46.617134202324;-23.5964338 -46.6165287;-23.5955759 -46.6171751;123;15;14
137;Thu Mar 14 23:23:43 2019;-23.5964170809876,-46.6165202977249;-23.5955448934394,-46.617134202324;-23.5964338 -46.6165287;-23.5955759 -46.6171751;123;15;14
138;Thu Mar 14 23:24:42 2019;-23.5964170809876,-46.6165202977249;-23.5955448934394,-46.617134202324;-23.5964338 -46.6165287;-23.5955759 -46.6171751;123;15;14
139;Thu Mar 14 23:25:43 2019;-23.5964170809876,-46.6165202977249;-23.5955448934394,-46.617134202324;-23.5964338 -46.6165287;-23.5955759 -46.6171751;123;15;14
140;Thu Mar 14 23:26:42 2019;-23.5964170809876,-46.6165202977249;-23.5955448934394,-46.617134202324;-23.5964338 -46.6165287;-23.5955759 -46.6171751;123;15;14
141;Thu Mar 14 23:27:43 2019;-23.5964170809876,-46.6165202977249;-23.5955448934394,-46.617134202324;-23.5964338 -46.6165287;-23.5955759 -46.6171751;123;15;14
142;Thu Mar 14 23:28:42 2019;-23.5964170809876,-46.6165202977249;-23.5955448934394,-46.617134202324;-23.5964338 -46.6165287;-23.5955759 -46.6171751;123;15;14
143;Thu Mar 14 23:29:42 2019;-23.5964170809876,-46.6165202977249;-23.5955448934394,-46.617134202324;-23.5964338 -46.6165287;-23.5955759 -46.6171751;123;15;14
144;Thu Mar 14 23:30:43 2019;-23.5964170809876,-46.6165202977249;-23.5955448934394,-46.617134202324;-23.5964338 -46.6165287;-23.5955759 -46.6171751;123;15;14
145;Thu Mar 14 23:31:43 2019;-23.5964170809876,-46.6165202977249;-23.5955448934394,-46.617134202324;-23.5964338 -46.6165287;-23.5955759 -46.6171751;123;15;14
146;Thu Mar 14 23:32:42 2019;-23.5964170809876,-46.6165202977249;-23.5955448934394,-46.617134202324;-23.5964338 -46.6165287;-23.5955759 -46.6171751;123;15;13
147;Thu Mar 14 23:33:43 2019;-23.5964170809876,-46.6165202977249;-23.5955448934394,-46.617134202324;-23.5964338 -46.6165287;-23.5955759 -46.6171751;123;15;13
148;Thu Mar 14 23:34:42 2019;-23.5964170809876,-46.6165202977249;-23.5955448934394,-46.617134202324;-23.5964338 -46.6165287;-23.5955759 -46.6171751;123;15;13
149;Thu Mar 14 23:35:43 2019;-23.5964170809876,-46.6165202977249;-23.5955448934394,-46.617134202324;-23.5964338 -46.6165287;-23.5955759 -46.6171751;123;15;13
150;Thu Mar 14 23:36:43 2019;-23.5964170809876,-46.6165202977249;-23.5955448934394,-46.617134202324;-23.5964338 -46.6165287;-23.5955759 -46.6171751;123;15;13
151;Thu Mar 14 23:37:45 2019;-23.5964170809876,-46.6165202977249;-23.5955448934394,-46.617134202324;-23.5964338 -46.6165287;-23.5955759 -46.6171751;123;15;14
152;Thu Mar 14 23:38:42 2019;-23.5964170809876,-46.6165202977249;-23.5955448934394,-46.617134202324;-23.5964338 -46.6165287;-23.5955759 -46.6171751;123;15;14
153;Thu Mar 14 23:39:42 2019;-23.5964170809876,-46.6165202977249;-23.5955448934394,-46.617134202324;-23.5964338 -46.6165287;-23.5955759 -46.6171751;123;15;14
154;Thu Mar 14 23:40:42 2019;-23.5964170809876,-46.6165202977249;-23.5955448934394,-46.617134202324;-23.5964338 -46.6165287;-23.5955759 -46.6171751;123;15;14
155;Thu Mar 14 23:41:42 2019;-23.5964170809876,-46.6165202977249;-23.5955448934394,-46.617134202324;-23.5964338 -46.6165287;-23.5955759 -46.6171751;123;15;14
156;Thu Mar 14 23:42:43 2019;-23.5964170809876,-46.6165202977249;-23.5955448934394,-46.617134202324;-23.5964338 -46.6165287;-23.5955759 -46.6171751;123;15;14
157;Thu Mar 14 23:43:43 2019;-23.5964170809876,-46.6165202977249;-23.5955448934394,-46.617134202324;-23.5964338 -46.6165287;-23.5955759 -46.6171751;123;15;14
158;Thu Mar 14 23:44:43 2019;-23.5964170809876,-46.6165202977249;-23.5955448934394,-46.617134202324;-23.5964338 -46.6165287;-23.5955759 -46.6171751;123;15;14
159;Thu Mar 14 23:45:42 2019;-23.5964170809876,-46.6165202977249;-23.5955448934394,-46.617134202324;-23.5964338 -46.6165287;-23.5955759 -46.6171751;123;15;14
160;Thu Mar 14 23:46:43 2019;-23.5964170809876,-46.6165202977249;-23.5955448934394,-46.617134202324;-23.5964338 -46.6165287;-23.5955759 -46.6171751;123;15;14
161;Thu Mar 14 23:47:43 2019;-23.5964170809876,-46.6165202977249;-23.5955448934394,-46.617134202324;-23.5964338 -46.6165287;-23.5955759 -46.6171751;123;15;14
162;Thu Mar 14 23:48:43 2019;-23.5964170809876,-46.6165202977249;-23.5955448934394,-46.617134202324;-23.5964338 -46.6165287;-23.5955759 -46.6171751;123;15;14
163;Thu Mar 14 23:49:42 2019;-23.5964170809876,-46.6165202977249;-23.5955448934394,-46.617134202324;-23.5964338 -46.6165287;-23.5955759 -46.6171751;123;15;14
164;Thu Mar 14 23:50:43 2019;-23.5964170809876,-46.6165202977249;-23.5955448934394,-46.617134202324;-23.5964338 -46.6165287;-23.5955759 -46.6171751;123;15;14
165;Thu Mar 14 23:51:42 2019;-23.5964170809876,-46.6165202977249;-23.5955448934394,-46.617134202324;-23.5964338 -46.6165287;-23.5955759 -46.6171751;123;15;14
166;Thu Mar 14 23:52:45 2019;-23.5964170809876,-46.6165202977249;-23.5955448934394,-46.617134202324;-23.5964338 -46.6165287;-23.5955759 -46.6171751;123;15;14
167;Thu Mar 14 23:53:43 2019;-23.5964170809876,-46.6165202977249;-23.5955448934394,-46.617134202324;-23.5964338 -46.6165287;-23.5955759 -46.6171751;123;15;14
168;Thu Mar 14 23:54:42 2019;-23.5964170809876,-46.6165202977249;-23.5955448934394,-46.617134202324;-23.5964338 -46.6165287;-23.5955759 -46.6171751;123;15;14
169;Thu Mar 14 23:55:43 2019;-23.5964170809876,-46.6165202977249;-23.5955448934394,-46.617134202324;-23.5964338 -46.6165287;-23.5955759 -46.6171751;123;15;14
170;Thu Mar 14 23:56:43 2019;-23.5964170809876,-46.6165202977249;-23.5955448934394,-46.617134202324;-23.5964338 -46.6165287;-23.5955759 -46.6171751;123;15;14
171;Thu Mar 14 23:57:43 2019;-23.5964170809876,-46.6165202977249;-23.5955448934394,-46.617134202324;-23.5964338 -46.6165287;-23.5955759 -46.6171751;123;15;14
172;Thu Mar 14 23:58:43 2019;-23.5964170809876,-46.6165202977249;-23.5955448934394,-46.617134202324;-23.5964338 -46.6165287;-23.5955759 -46.6171751;123;15;14
173;Thu Mar 14 23:59:43 2019;-23.5964170809876,-46.6165202977249;-23.5955448934394,-46.617134202324;-23.5964338 -46.6165287;-23.5955759 -46.6171751;123;15;14
