38972;Thu Mar 14 00:00:09 2019;-23.6033780034802,-46.6147345882342;-23.6013352406393,-46.6151920792878;-23.6033784 -46.6147373;-23.6013375 -46.6152367;233;47;28
39213;Thu Mar 14 04:01:12 2019;-23.6033780034802,-46.6147345882342;-23.6013352406393,-46.6151920792878;-23.6033784 -46.6147373;-23.6013375 -46.6152367;233;47;28
39214;Thu Mar 14 04:02:08 2019;-23.6033780034802,-46.6147345882342;-23.6013352406393,-46.6151920792878;-23.6033784 -46.6147373;-23.6013375 -46.6152367;233;47;27
39215;Thu Mar 14 04:03:09 2019;-23.6033780034802,-46.6147345882342;-23.6013352406393,-46.6151920792878;-23.6033784 -46.6147373;-23.6013375 -46.6152367;233;47;28
39216;Thu Mar 14 04:04:09 2019;-23.6033780034802,-46.6147345882342;-23.6013352406393,-46.6151920792878;-23.6033784 -46.6147373;-23.6013375 -46.6152367;233;47;28
39217;Thu Mar 14 04:05:09 2019;-23.6033780034802,-46.6147345882342;-23.6013352406393,-46.6151920792878;-23.6033784 -46.6147373;-23.6013375 -46.6152367;233;47;28
39218;Thu Mar 14 04:06:08 2019;-23.6033780034802,-46.6147345882342;-23.6013352406393,-46.6151920792878;-23.6033784 -46.6147373;-23.6013375 -46.6152367;233;47;28
39219;Thu Mar 14 04:07:09 2019;-23.6033780034802,-46.6147345882342;-23.6013352406393,-46.6151920792878;-23.6033784 -46.6147373;-23.6013375 -46.6152367;233;47;28
39220;Thu Mar 14 04:08:09 2019;-23.6033780034802,-46.6147345882342;-23.6013352406393,-46.6151920792878;-23.6033784 -46.6147373;-23.6013375 -46.6152367;233;47;28
39221;Thu Mar 14 04:09:09 2019;-23.6033780034802,-46.6147345882342;-23.6013352406393,-46.6151920792878;-23.6033784 -46.6147373;-23.6013375 -46.6152367;233;47;28
39222;Thu Mar 14 04:10:09 2019;-23.6033780034802,-46.6147345882342;-23.6013352406393,-46.6151920792878;-23.6033784 -46.6147373;-23.6013375 -46.6152367;233;47;28
1;Thu Mar 14 21:07:46 2019;-23.6033780034802,-46.6147345882342;-23.6013352406393,-46.6151920792878;-23.6033784 -46.6147373;-23.6013375 -46.6152367;233;47;45
2;Thu Mar 14 21:08:45 2019;-23.6033780034802,-46.6147345882342;-23.6013352406393,-46.6151920792878;-23.6033784 -46.6147373;-23.6013375 -46.6152367;233;47;43
3;Thu Mar 14 21:09:42 2019;-23.6033780034802,-46.6147345882342;-23.6013352406393,-46.6151920792878;-23.6033784 -46.6147373;-23.6013375 -46.6152367;233;47;43
4;Thu Mar 14 21:10:42 2019;-23.6033780034802,-46.6147345882342;-23.6013352406393,-46.6151920792878;-23.6033784 -46.6147373;-23.6013375 -46.6152367;233;47;37
5;Thu Mar 14 21:11:43 2019;-23.6033780034802,-46.6147345882342;-23.6013352406393,-46.6151920792878;-23.6033784 -46.6147373;-23.6013375 -46.6152367;233;47;37
6;Thu Mar 14 21:12:41 2019;-23.6033780034802,-46.6147345882342;-23.6013352406393,-46.6151920792878;-23.6033784 -46.6147373;-23.6013375 -46.6152367;233;47;36
7;Thu Mar 14 21:13:42 2019;-23.6033780034802,-46.6147345882342;-23.6013352406393,-46.6151920792878;-23.6033784 -46.6147373;-23.6013375 -46.6152367;233;47;36
8;Thu Mar 14 21:14:43 2019;-23.6033780034802,-46.6147345882342;-23.6013352406393,-46.6151920792878;-23.6033784 -46.6147373;-23.6013375 -46.6152367;233;47;37
9;Thu Mar 14 21:15:42 2019;-23.6033780034802,-46.6147345882342;-23.6013352406393,-46.6151920792878;-23.6033784 -46.6147373;-23.6013375 -46.6152367;233;47;37
10;Thu Mar 14 21:16:43 2019;-23.6033780034802,-46.6147345882342;-23.6013352406393,-46.6151920792878;-23.6033784 -46.6147373;-23.6013375 -46.6152367;233;47;37
11;Thu Mar 14 21:17:43 2019;-23.6033780034802,-46.6147345882342;-23.6013352406393,-46.6151920792878;-23.6033784 -46.6147373;-23.6013375 -46.6152367;233;47;35
12;Thu Mar 14 21:18:43 2019;-23.6033780034802,-46.6147345882342;-23.6013352406393,-46.6151920792878;-23.6033784 -46.6147373;-23.6013375 -46.6152367;233;47;35
13;Thu Mar 14 21:19:43 2019;-23.6033780034802,-46.6147345882342;-23.6013352406393,-46.6151920792878;-23.6033784 -46.6147373;-23.6013375 -46.6152367;233;47;35
14;Thu Mar 14 21:20:43 2019;-23.6033780034802,-46.6147345882342;-23.6013352406393,-46.6151920792878;-23.6033784 -46.6147373;-23.6013375 -46.6152367;233;47;35
15;Thu Mar 14 21:21:43 2019;-23.6033780034802,-46.6147345882342;-23.6013352406393,-46.6151920792878;-23.6033784 -46.6147373;-23.6013375 -46.6152367;233;47;31
16;Thu Mar 14 21:22:45 2019;-23.6033780034802,-46.6147345882342;-23.6013352406393,-46.6151920792878;-23.6033784 -46.6147373;-23.6013375 -46.6152367;233;47;31
17;Thu Mar 14 21:23:42 2019;-23.6033780034802,-46.6147345882342;-23.6013352406393,-46.6151920792878;-23.6033784 -46.6147373;-23.6013375 -46.6152367;233;47;31
18;Thu Mar 14 21:24:43 2019;-23.6033780034802,-46.6147345882342;-23.6013352406393,-46.6151920792878;-23.6033784 -46.6147373;-23.6013375 -46.6152367;233;47;33
19;Thu Mar 14 21:25:42 2019;-23.6033780034802,-46.6147345882342;-23.6013352406393,-46.6151920792878;-23.6033784 -46.6147373;-23.6013375 -46.6152367;233;47;34
20;Thu Mar 14 21:26:42 2019;-23.6033780034802,-46.6147345882342;-23.6013352406393,-46.6151920792878;-23.6033784 -46.6147373;-23.6013375 -46.6152367;233;47;31
21;Thu Mar 14 21:27:42 2019;-23.6033780034802,-46.6147345882342;-23.6013352406393,-46.6151920792878;-23.6033784 -46.6147373;-23.6013375 -46.6152367;233;47;32
22;Thu Mar 14 21:28:42 2019;-23.6033780034802,-46.6147345882342;-23.6013352406393,-46.6151920792878;-23.6033784 -46.6147373;-23.6013375 -46.6152367;233;47;33
23;Thu Mar 14 21:29:42 2019;-23.6033780034802,-46.6147345882342;-23.6013352406393,-46.6151920792878;-23.6033784 -46.6147373;-23.6013375 -46.6152367;233;47;32
24;Thu Mar 14 21:30:42 2019;-23.6033780034802,-46.6147345882342;-23.6013352406393,-46.6151920792878;-23.6033784 -46.6147373;-23.6013375 -46.6152367;233;47;32
25;Thu Mar 14 21:31:42 2019;-23.6033780034802,-46.6147345882342;-23.6013352406393,-46.6151920792878;-23.6033784 -46.6147373;-23.6013375 -46.6152367;233;47;33
26;Thu Mar 14 21:32:42 2019;-23.6033780034802,-46.6147345882342;-23.6013352406393,-46.6151920792878;-23.6033784 -46.6147373;-23.6013375 -46.6152367;233;47;44
27;Thu Mar 14 21:33:42 2019;-23.6033780034802,-46.6147345882342;-23.6013352406393,-46.6151920792878;-23.6033784 -46.6147373;-23.6013375 -46.6152367;233;47;44
28;Thu Mar 14 21:34:42 2019;-23.6033780034802,-46.6147345882342;-23.6013352406393,-46.6151920792878;-23.6033784 -46.6147373;-23.6013375 -46.6152367;233;47;41
29;Thu Mar 14 21:35:42 2019;-23.6033780034802,-46.6147345882342;-23.6013352406393,-46.6151920792878;-23.6033784 -46.6147373;-23.6013375 -46.6152367;233;47;38
30;Thu Mar 14 21:36:42 2019;-23.6033780034802,-46.6147345882342;-23.6013352406393,-46.6151920792878;-23.6033784 -46.6147373;-23.6013375 -46.6152367;233;47;38
31;Thu Mar 14 21:37:46 2019;-23.6033780034802,-46.6147345882342;-23.6013352406393,-46.6151920792878;-23.6033784 -46.6147373;-23.6013375 -46.6152367;233;47;38
32;Thu Mar 14 21:38:42 2019;-23.6033780034802,-46.6147345882342;-23.6013352406393,-46.6151920792878;-23.6033784 -46.6147373;-23.6013375 -46.6152367;233;47;39
33;Thu Mar 14 21:39:43 2019;-23.6033780034802,-46.6147345882342;-23.6013352406393,-46.6151920792878;-23.6033784 -46.6147373;-23.6013375 -46.6152367;233;47;38
34;Thu Mar 14 21:40:42 2019;-23.6033780034802,-46.6147345882342;-23.6013352406393,-46.6151920792878;-23.6033784 -46.6147373;-23.6013375 -46.6152367;233;47;34
35;Thu Mar 14 21:41:42 2019;-23.6033780034802,-46.6147345882342;-23.6013352406393,-46.6151920792878;-23.6033784 -46.6147373;-23.6013375 -46.6152367;233;47;34
36;Thu Mar 14 21:42:42 2019;-23.6033780034802,-46.6147345882342;-23.6013352406393,-46.6151920792878;-23.6033784 -46.6147373;-23.6013375 -46.6152367;233;47;33
37;Thu Mar 14 21:43:42 2019;-23.6033780034802,-46.6147345882342;-23.6013352406393,-46.6151920792878;-23.6033784 -46.6147373;-23.6013375 -46.6152367;233;47;31
38;Thu Mar 14 21:44:42 2019;-23.6033780034802,-46.6147345882342;-23.6013352406393,-46.6151920792878;-23.6033784 -46.6147373;-23.6013375 -46.6152367;233;47;31
39;Thu Mar 14 21:45:42 2019;-23.6033780034802,-46.6147345882342;-23.6013352406393,-46.6151920792878;-23.6033784 -46.6147373;-23.6013375 -46.6152367;233;47;32
40;Thu Mar 14 21:46:42 2019;-23.6033780034802,-46.6147345882342;-23.6013352406393,-46.6151920792878;-23.6033784 -46.6147373;-23.6013375 -46.6152367;233;47;33
41;Thu Mar 14 21:47:42 2019;-23.6033780034802,-46.6147345882342;-23.6013352406393,-46.6151920792878;-23.6033784 -46.6147373;-23.6013375 -46.6152367;233;47;33
42;Thu Mar 14 21:48:43 2019;-23.6033780034802,-46.6147345882342;-23.6013352406393,-46.6151920792878;-23.6033784 -46.6147373;-23.6013375 -46.6152367;233;47;33
43;Thu Mar 14 21:49:43 2019;-23.6033780034802,-46.6147345882342;-23.6013352406393,-46.6151920792878;-23.6033784 -46.6147373;-23.6013375 -46.6152367;233;47;34
44;Thu Mar 14 21:50:43 2019;-23.6033780034802,-46.6147345882342;-23.6013352406393,-46.6151920792878;-23.6033784 -46.6147373;-23.6013375 -46.6152367;233;47;33
45;Thu Mar 14 21:51:42 2019;-23.6033780034802,-46.6147345882342;-23.6013352406393,-46.6151920792878;-23.6033784 -46.6147373;-23.6013375 -46.6152367;233;47;33
46;Thu Mar 14 21:52:45 2019;-23.6033780034802,-46.6147345882342;-23.6013352406393,-46.6151920792878;-23.6033784 -46.6147373;-23.6013375 -46.6152367;233;47;32
47;Thu Mar 14 21:53:43 2019;-23.6033780034802,-46.6147345882342;-23.6013352406393,-46.6151920792878;-23.6033784 -46.6147373;-23.6013375 -46.6152367;233;47;39
48;Thu Mar 14 21:54:42 2019;-23.6033780034802,-46.6147345882342;-23.6013352406393,-46.6151920792878;-23.6033784 -46.6147373;-23.6013375 -46.6152367;233;47;40
49;Thu Mar 14 21:55:43 2019;-23.6033780034802,-46.6147345882342;-23.6013352406393,-46.6151920792878;-23.6033784 -46.6147373;-23.6013375 -46.6152367;233;47;39
50;Thu Mar 14 21:56:42 2019;-23.6033780034802,-46.6147345882342;-23.6013352406393,-46.6151920792878;-23.6033784 -46.6147373;-23.6013375 -46.6152367;233;47;39
51;Thu Mar 14 21:57:42 2019;-23.6033780034802,-46.6147345882342;-23.6013352406393,-46.6151920792878;-23.6033784 -46.6147373;-23.6013375 -46.6152367;233;47;39
52;Thu Mar 14 21:58:42 2019;-23.6033780034802,-46.6147345882342;-23.6013352406393,-46.6151920792878;-23.6033784 -46.6147373;-23.6013375 -46.6152367;233;47;39
53;Thu Mar 14 21:59:42 2019;-23.6033780034802,-46.6147345882342;-23.6013352406393,-46.6151920792878;-23.6033784 -46.6147373;-23.6013375 -46.6152367;233;47;39
54;Thu Mar 14 22:00:42 2019;-23.6033780034802,-46.6147345882342;-23.6013352406393,-46.6151920792878;-23.6033784 -46.6147373;-23.6013375 -46.6152367;233;47;43
55;Thu Mar 14 22:01:42 2019;-23.6033780034802,-46.6147345882342;-23.6013352406393,-46.6151920792878;-23.6033784 -46.6147373;-23.6013375 -46.6152367;233;47;41
56;Thu Mar 14 22:02:43 2019;-23.6033780034802,-46.6147345882342;-23.6013352406393,-46.6151920792878;-23.6033784 -46.6147373;-23.6013375 -46.6152367;233;47;32
57;Thu Mar 14 22:03:42 2019;-23.6033780034802,-46.6147345882342;-23.6013352406393,-46.6151920792878;-23.6033784 -46.6147373;-23.6013375 -46.6152367;233;47;31
58;Thu Mar 14 22:04:42 2019;-23.6033780034802,-46.6147345882342;-23.6013352406393,-46.6151920792878;-23.6033784 -46.6147373;-23.6013375 -46.6152367;233;47;34
59;Thu Mar 14 22:05:42 2019;-23.6033780034802,-46.6147345882342;-23.6013352406393,-46.6151920792878;-23.6033784 -46.6147373;-23.6013375 -46.6152367;233;47;34
60;Thu Mar 14 22:06:43 2019;-23.6033780034802,-46.6147345882342;-23.6013352406393,-46.6151920792878;-23.6033784 -46.6147373;-23.6013375 -46.6152367;233;47;33
61;Thu Mar 14 22:07:45 2019;-23.6033780034802,-46.6147345882342;-23.6013352406393,-46.6151920792878;-23.6033784 -46.6147373;-23.6013375 -46.6152367;233;47;34
62;Thu Mar 14 22:08:42 2019;-23.6033780034802,-46.6147345882342;-23.6013352406393,-46.6151920792878;-23.6033784 -46.6147373;-23.6013375 -46.6152367;233;47;33
63;Thu Mar 14 22:09:42 2019;-23.6033780034802,-46.6147345882342;-23.6013352406393,-46.6151920792878;-23.6033784 -46.6147373;-23.6013375 -46.6152367;233;47;31
64;Thu Mar 14 22:10:42 2019;-23.6033780034802,-46.6147345882342;-23.6013352406393,-46.6151920792878;-23.6033784 -46.6147373;-23.6013375 -46.6152367;233;47;32
65;Thu Mar 14 22:11:42 2019;-23.6033780034802,-46.6147345882342;-23.6013352406393,-46.6151920792878;-23.6033784 -46.6147373;-23.6013375 -46.6152367;233;47;34
66;Thu Mar 14 22:12:42 2019;-23.6033780034802,-46.6147345882342;-23.6013352406393,-46.6151920792878;-23.6033784 -46.6147373;-23.6013375 -46.6152367;233;47;33
67;Thu Mar 14 22:13:42 2019;-23.6033780034802,-46.6147345882342;-23.6013352406393,-46.6151920792878;-23.6033784 -46.6147373;-23.6013375 -46.6152367;233;47;32
68;Thu Mar 14 22:14:42 2019;-23.6033780034802,-46.6147345882342;-23.6013352406393,-46.6151920792878;-23.6033784 -46.6147373;-23.6013375 -46.6152367;233;47;30
69;Thu Mar 14 22:15:42 2019;-23.6033780034802,-46.6147345882342;-23.6013352406393,-46.6151920792878;-23.6033784 -46.6147373;-23.6013375 -46.6152367;233;47;30
70;Thu Mar 14 22:16:42 2019;-23.6033780034802,-46.6147345882342;-23.6013352406393,-46.6151920792878;-23.6033784 -46.6147373;-23.6013375 -46.6152367;233;47;30
71;Thu Mar 14 22:17:43 2019;-23.6033780034802,-46.6147345882342;-23.6013352406393,-46.6151920792878;-23.6033784 -46.6147373;-23.6013375 -46.6152367;233;47;30
72;Thu Mar 14 22:18:42 2019;-23.6033780034802,-46.6147345882342;-23.6013352406393,-46.6151920792878;-23.6033784 -46.6147373;-23.6013375 -46.6152367;233;47;30
73;Thu Mar 14 22:19:43 2019;-23.6033780034802,-46.6147345882342;-23.6013352406393,-46.6151920792878;-23.6033784 -46.6147373;-23.6013375 -46.6152367;233;47;31
74;Thu Mar 14 22:20:42 2019;-23.6033780034802,-46.6147345882342;-23.6013352406393,-46.6151920792878;-23.6033784 -46.6147373;-23.6013375 -46.6152367;233;47;31
75;Thu Mar 14 22:21:42 2019;-23.6033780034802,-46.6147345882342;-23.6013352406393,-46.6151920792878;-23.6033784 -46.6147373;-23.6013375 -46.6152367;233;47;30
76;Thu Mar 14 22:22:46 2019;-23.6033780034802,-46.6147345882342;-23.6013352406393,-46.6151920792878;-23.6033784 -46.6147373;-23.6013375 -46.6152367;233;47;31
77;Thu Mar 14 22:23:42 2019;-23.6033780034802,-46.6147345882342;-23.6013352406393,-46.6151920792878;-23.6033784 -46.6147373;-23.6013375 -46.6152367;233;47;31
78;Thu Mar 14 22:24:42 2019;-23.6033780034802,-46.6147345882342;-23.6013352406393,-46.6151920792878;-23.6033784 -46.6147373;-23.6013375 -46.6152367;233;47;31
79;Thu Mar 14 22:25:43 2019;-23.6033780034802,-46.6147345882342;-23.6013352406393,-46.6151920792878;-23.6033784 -46.6147373;-23.6013375 -46.6152367;233;47;30
80;Thu Mar 14 22:26:42 2019;-23.6033780034802,-46.6147345882342;-23.6013352406393,-46.6151920792878;-23.6033784 -46.6147373;-23.6013375 -46.6152367;233;47;30
81;Thu Mar 14 22:27:42 2019;-23.6033780034802,-46.6147345882342;-23.6013352406393,-46.6151920792878;-23.6033784 -46.6147373;-23.6013375 -46.6152367;233;47;31
82;Thu Mar 14 22:28:42 2019;-23.6033780034802,-46.6147345882342;-23.6013352406393,-46.6151920792878;-23.6033784 -46.6147373;-23.6013375 -46.6152367;233;47;30
83;Thu Mar 14 22:29:42 2019;-23.6033780034802,-46.6147345882342;-23.6013352406393,-46.6151920792878;-23.6033784 -46.6147373;-23.6013375 -46.6152367;233;47;35
84;Thu Mar 14 22:30:42 2019;-23.6033780034802,-46.6147345882342;-23.6013352406393,-46.6151920792878;-23.6033784 -46.6147373;-23.6013375 -46.6152367;233;47;33
85;Thu Mar 14 22:31:43 2019;-23.6033780034802,-46.6147345882342;-23.6013352406393,-46.6151920792878;-23.6033784 -46.6147373;-23.6013375 -46.6152367;233;47;34
86;Thu Mar 14 22:32:42 2019;-23.6033780034802,-46.6147345882342;-23.6013352406393,-46.6151920792878;-23.6033784 -46.6147373;-23.6013375 -46.6152367;233;47;33
87;Thu Mar 14 22:33:42 2019;-23.6033780034802,-46.6147345882342;-23.6013352406393,-46.6151920792878;-23.6033784 -46.6147373;-23.6013375 -46.6152367;233;47;34
88;Thu Mar 14 22:34:42 2019;-23.6033780034802,-46.6147345882342;-23.6013352406393,-46.6151920792878;-23.6033784 -46.6147373;-23.6013375 -46.6152367;233;47;33
89;Thu Mar 14 22:35:42 2019;-23.6033780034802,-46.6147345882342;-23.6013352406393,-46.6151920792878;-23.6033784 -46.6147373;-23.6013375 -46.6152367;233;47;35
90;Thu Mar 14 22:36:42 2019;-23.6033780034802,-46.6147345882342;-23.6013352406393,-46.6151920792878;-23.6033784 -46.6147373;-23.6013375 -46.6152367;233;47;35
91;Thu Mar 14 22:37:45 2019;-23.6033780034802,-46.6147345882342;-23.6013352406393,-46.6151920792878;-23.6033784 -46.6147373;-23.6013375 -46.6152367;233;47;35
92;Thu Mar 14 22:38:43 2019;-23.6033780034802,-46.6147345882342;-23.6013352406393,-46.6151920792878;-23.6033784 -46.6147373;-23.6013375 -46.6152367;233;47;36
93;Thu Mar 14 22:39:42 2019;-23.6033780034802,-46.6147345882342;-23.6013352406393,-46.6151920792878;-23.6033784 -46.6147373;-23.6013375 -46.6152367;233;47;36
94;Thu Mar 14 22:40:43 2019;-23.6033780034802,-46.6147345882342;-23.6013352406393,-46.6151920792878;-23.6033784 -46.6147373;-23.6013375 -46.6152367;233;47;36
95;Thu Mar 14 22:41:42 2019;-23.6033780034802,-46.6147345882342;-23.6013352406393,-46.6151920792878;-23.6033784 -46.6147373;-23.6013375 -46.6152367;233;47;35
96;Thu Mar 14 22:42:42 2019;-23.6033780034802,-46.6147345882342;-23.6013352406393,-46.6151920792878;-23.6033784 -46.6147373;-23.6013375 -46.6152367;233;47;36
97;Thu Mar 14 22:43:42 2019;-23.6033780034802,-46.6147345882342;-23.6013352406393,-46.6151920792878;-23.6033784 -46.6147373;-23.6013375 -46.6152367;233;47;36
98;Thu Mar 14 22:44:43 2019;-23.6033780034802,-46.6147345882342;-23.6013352406393,-46.6151920792878;-23.6033784 -46.6147373;-23.6013375 -46.6152367;233;47;34
99;Thu Mar 14 22:45:42 2019;-23.6033780034802,-46.6147345882342;-23.6013352406393,-46.6151920792878;-23.6033784 -46.6147373;-23.6013375 -46.6152367;233;47;33
100;Thu Mar 14 22:46:43 2019;-23.6033780034802,-46.6147345882342;-23.6013352406393,-46.6151920792878;-23.6033784 -46.6147373;-23.6013375 -46.6152367;233;47;32
101;Thu Mar 14 22:47:43 2019;-23.6033780034802,-46.6147345882342;-23.6013352406393,-46.6151920792878;-23.6033784 -46.6147373;-23.6013375 -46.6152367;233;47;31
102;Thu Mar 14 22:48:42 2019;-23.6033780034802,-46.6147345882342;-23.6013352406393,-46.6151920792878;-23.6033784 -46.6147373;-23.6013375 -46.6152367;233;47;33
103;Thu Mar 14 22:49:43 2019;-23.6033780034802,-46.6147345882342;-23.6013352406393,-46.6151920792878;-23.6033784 -46.6147373;-23.6013375 -46.6152367;233;47;32
104;Thu Mar 14 22:50:43 2019;-23.6033780034802,-46.6147345882342;-23.6013352406393,-46.6151920792878;-23.6033784 -46.6147373;-23.6013375 -46.6152367;233;47;31
105;Thu Mar 14 22:51:42 2019;-23.6033780034802,-46.6147345882342;-23.6013352406393,-46.6151920792878;-23.6033784 -46.6147373;-23.6013375 -46.6152367;233;47;31
106;Thu Mar 14 22:52:46 2019;-23.6033780034802,-46.6147345882342;-23.6013352406393,-46.6151920792878;-23.6033784 -46.6147373;-23.6013375 -46.6152367;233;47;32
107;Thu Mar 14 22:53:42 2019;-23.6033780034802,-46.6147345882342;-23.6013352406393,-46.6151920792878;-23.6033784 -46.6147373;-23.6013375 -46.6152367;233;47;32
108;Thu Mar 14 22:54:42 2019;-23.6033780034802,-46.6147345882342;-23.6013352406393,-46.6151920792878;-23.6033784 -46.6147373;-23.6013375 -46.6152367;233;47;32
109;Thu Mar 14 22:55:42 2019;-23.6033780034802,-46.6147345882342;-23.6013352406393,-46.6151920792878;-23.6033784 -46.6147373;-23.6013375 -46.6152367;233;47;33
110;Thu Mar 14 22:56:42 2019;-23.6033780034802,-46.6147345882342;-23.6013352406393,-46.6151920792878;-23.6033784 -46.6147373;-23.6013375 -46.6152367;233;47;33
111;Thu Mar 14 22:57:43 2019;-23.6033780034802,-46.6147345882342;-23.6013352406393,-46.6151920792878;-23.6033784 -46.6147373;-23.6013375 -46.6152367;233;47;33
112;Thu Mar 14 22:58:42 2019;-23.6033780034802,-46.6147345882342;-23.6013352406393,-46.6151920792878;-23.6033784 -46.6147373;-23.6013375 -46.6152367;233;47;33
113;Thu Mar 14 22:59:43 2019;-23.6033780034802,-46.6147345882342;-23.6013352406393,-46.6151920792878;-23.6033784 -46.6147373;-23.6013375 -46.6152367;233;47;33
114;Thu Mar 14 23:00:43 2019;-23.6033780034802,-46.6147345882342;-23.6013352406393,-46.6151920792878;-23.6033784 -46.6147373;-23.6013375 -46.6152367;233;47;33
115;Thu Mar 14 23:01:42 2019;-23.6033780034802,-46.6147345882342;-23.6013352406393,-46.6151920792878;-23.6033784 -46.6147373;-23.6013375 -46.6152367;233;47;33
116;Thu Mar 14 23:02:42 2019;-23.6033780034802,-46.6147345882342;-23.6013352406393,-46.6151920792878;-23.6033784 -46.6147373;-23.6013375 -46.6152367;233;47;35
117;Thu Mar 14 23:03:42 2019;-23.6033780034802,-46.6147345882342;-23.6013352406393,-46.6151920792878;-23.6033784 -46.6147373;-23.6013375 -46.6152367;233;47;35
118;Thu Mar 14 23:04:42 2019;-23.6033780034802,-46.6147345882342;-23.6013352406393,-46.6151920792878;-23.6033784 -46.6147373;-23.6013375 -46.6152367;233;47;36
119;Thu Mar 14 23:05:42 2019;-23.6033780034802,-46.6147345882342;-23.6013352406393,-46.6151920792878;-23.6033784 -46.6147373;-23.6013375 -46.6152367;233;47;38
120;Thu Mar 14 23:06:42 2019;-23.6033780034802,-46.6147345882342;-23.6013352406393,-46.6151920792878;-23.6033784 -46.6147373;-23.6013375 -46.6152367;233;47;37
121;Thu Mar 14 23:07:45 2019;-23.6033780034802,-46.6147345882342;-23.6013352406393,-46.6151920792878;-23.6033784 -46.6147373;-23.6013375 -46.6152367;233;47;35
122;Thu Mar 14 23:08:42 2019;-23.6033780034802,-46.6147345882342;-23.6013352406393,-46.6151920792878;-23.6033784 -46.6147373;-23.6013375 -46.6152367;233;47;35
123;Thu Mar 14 23:09:42 2019;-23.6033780034802,-46.6147345882342;-23.6013352406393,-46.6151920792878;-23.6033784 -46.6147373;-23.6013375 -46.6152367;233;47;36
124;Thu Mar 14 23:10:42 2019;-23.6033780034802,-46.6147345882342;-23.6013352406393,-46.6151920792878;-23.6033784 -46.6147373;-23.6013375 -46.6152367;233;47;35
125;Thu Mar 14 23:11:42 2019;-23.6033780034802,-46.6147345882342;-23.6013352406393,-46.6151920792878;-23.6033784 -46.6147373;-23.6013375 -46.6152367;233;47;32
126;Thu Mar 14 23:12:42 2019;-23.6033780034802,-46.6147345882342;-23.6013352406393,-46.6151920792878;-23.6033784 -46.6147373;-23.6013375 -46.6152367;233;47;31
127;Thu Mar 14 23:13:42 2019;-23.6033780034802,-46.6147345882342;-23.6013352406393,-46.6151920792878;-23.6033784 -46.6147373;-23.6013375 -46.6152367;233;47;32
128;Thu Mar 14 23:14:42 2019;-23.6033780034802,-46.6147345882342;-23.6013352406393,-46.6151920792878;-23.6033784 -46.6147373;-23.6013375 -46.6152367;233;47;32
129;Thu Mar 14 23:15:42 2019;-23.6033780034802,-46.6147345882342;-23.6013352406393,-46.6151920792878;-23.6033784 -46.6147373;-23.6013375 -46.6152367;233;47;30
130;Thu Mar 14 23:16:42 2019;-23.6033780034802,-46.6147345882342;-23.6013352406393,-46.6151920792878;-23.6033784 -46.6147373;-23.6013375 -46.6152367;233;47;29
131;Thu Mar 14 23:17:42 2019;-23.6033780034802,-46.6147345882342;-23.6013352406393,-46.6151920792878;-23.6033784 -46.6147373;-23.6013375 -46.6152367;233;47;30
132;Thu Mar 14 23:18:42 2019;-23.6033780034802,-46.6147345882342;-23.6013352406393,-46.6151920792878;-23.6033784 -46.6147373;-23.6013375 -46.6152367;233;47;30
133;Thu Mar 14 23:19:42 2019;-23.6033780034802,-46.6147345882342;-23.6013352406393,-46.6151920792878;-23.6033784 -46.6147373;-23.6013375 -46.6152367;233;47;30
134;Thu Mar 14 23:20:42 2019;-23.6033780034802,-46.6147345882342;-23.6013352406393,-46.6151920792878;-23.6033784 -46.6147373;-23.6013375 -46.6152367;233;47;30
135;Thu Mar 14 23:21:43 2019;-23.6033780034802,-46.6147345882342;-23.6013352406393,-46.6151920792878;-23.6033784 -46.6147373;-23.6013375 -46.6152367;233;47;30
136;Thu Mar 14 23:22:44 2019;-23.6033780034802,-46.6147345882342;-23.6013352406393,-46.6151920792878;-23.6033784 -46.6147373;-23.6013375 -46.6152367;233;47;30
137;Thu Mar 14 23:23:42 2019;-23.6033780034802,-46.6147345882342;-23.6013352406393,-46.6151920792878;-23.6033784 -46.6147373;-23.6013375 -46.6152367;233;47;29
138;Thu Mar 14 23:24:42 2019;-23.6033780034802,-46.6147345882342;-23.6013352406393,-46.6151920792878;-23.6033784 -46.6147373;-23.6013375 -46.6152367;233;47;29
139;Thu Mar 14 23:25:42 2019;-23.6033780034802,-46.6147345882342;-23.6013352406393,-46.6151920792878;-23.6033784 -46.6147373;-23.6013375 -46.6152367;233;47;29
140;Thu Mar 14 23:26:42 2019;-23.6033780034802,-46.6147345882342;-23.6013352406393,-46.6151920792878;-23.6033784 -46.6147373;-23.6013375 -46.6152367;233;47;29
141;Thu Mar 14 23:27:42 2019;-23.6033780034802,-46.6147345882342;-23.6013352406393,-46.6151920792878;-23.6033784 -46.6147373;-23.6013375 -46.6152367;233;47;29
142;Thu Mar 14 23:28:42 2019;-23.6033780034802,-46.6147345882342;-23.6013352406393,-46.6151920792878;-23.6033784 -46.6147373;-23.6013375 -46.6152367;233;47;28
143;Thu Mar 14 23:29:42 2019;-23.6033780034802,-46.6147345882342;-23.6013352406393,-46.6151920792878;-23.6033784 -46.6147373;-23.6013375 -46.6152367;233;47;29
144;Thu Mar 14 23:30:42 2019;-23.6033780034802,-46.6147345882342;-23.6013352406393,-46.6151920792878;-23.6033784 -46.6147373;-23.6013375 -46.6152367;233;47;29
145;Thu Mar 14 23:31:43 2019;-23.6033780034802,-46.6147345882342;-23.6013352406393,-46.6151920792878;-23.6033784 -46.6147373;-23.6013375 -46.6152367;233;47;30
146;Thu Mar 14 23:32:42 2019;-23.6033780034802,-46.6147345882342;-23.6013352406393,-46.6151920792878;-23.6033784 -46.6147373;-23.6013375 -46.6152367;233;47;30
147;Thu Mar 14 23:33:42 2019;-23.6033780034802,-46.6147345882342;-23.6013352406393,-46.6151920792878;-23.6033784 -46.6147373;-23.6013375 -46.6152367;233;47;31
148;Thu Mar 14 23:34:42 2019;-23.6033780034802,-46.6147345882342;-23.6013352406393,-46.6151920792878;-23.6033784 -46.6147373;-23.6013375 -46.6152367;233;47;32
149;Thu Mar 14 23:35:43 2019;-23.6033780034802,-46.6147345882342;-23.6013352406393,-46.6151920792878;-23.6033784 -46.6147373;-23.6013375 -46.6152367;233;47;31
150;Thu Mar 14 23:36:42 2019;-23.6033780034802,-46.6147345882342;-23.6013352406393,-46.6151920792878;-23.6033784 -46.6147373;-23.6013375 -46.6152367;233;47;30
151;Thu Mar 14 23:37:44 2019;-23.6033780034802,-46.6147345882342;-23.6013352406393,-46.6151920792878;-23.6033784 -46.6147373;-23.6013375 -46.6152367;233;47;30
152;Thu Mar 14 23:38:42 2019;-23.6033780034802,-46.6147345882342;-23.6013352406393,-46.6151920792878;-23.6033784 -46.6147373;-23.6013375 -46.6152367;233;47;31
153;Thu Mar 14 23:39:42 2019;-23.6033780034802,-46.6147345882342;-23.6013352406393,-46.6151920792878;-23.6033784 -46.6147373;-23.6013375 -46.6152367;233;47;31
154;Thu Mar 14 23:40:42 2019;-23.6033780034802,-46.6147345882342;-23.6013352406393,-46.6151920792878;-23.6033784 -46.6147373;-23.6013375 -46.6152367;233;47;31
155;Thu Mar 14 23:41:42 2019;-23.6033780034802,-46.6147345882342;-23.6013352406393,-46.6151920792878;-23.6033784 -46.6147373;-23.6013375 -46.6152367;233;47;31
156;Thu Mar 14 23:42:43 2019;-23.6033780034802,-46.6147345882342;-23.6013352406393,-46.6151920792878;-23.6033784 -46.6147373;-23.6013375 -46.6152367;233;47;32
157;Thu Mar 14 23:43:42 2019;-23.6033780034802,-46.6147345882342;-23.6013352406393,-46.6151920792878;-23.6033784 -46.6147373;-23.6013375 -46.6152367;233;47;31
158;Thu Mar 14 23:44:42 2019;-23.6033780034802,-46.6147345882342;-23.6013352406393,-46.6151920792878;-23.6033784 -46.6147373;-23.6013375 -46.6152367;233;47;31
159;Thu Mar 14 23:45:42 2019;-23.6033780034802,-46.6147345882342;-23.6013352406393,-46.6151920792878;-23.6033784 -46.6147373;-23.6013375 -46.6152367;233;47;31
160;Thu Mar 14 23:46:43 2019;-23.6033780034802,-46.6147345882342;-23.6013352406393,-46.6151920792878;-23.6033784 -46.6147373;-23.6013375 -46.6152367;233;47;31
161;Thu Mar 14 23:47:42 2019;-23.6033780034802,-46.6147345882342;-23.6013352406393,-46.6151920792878;-23.6033784 -46.6147373;-23.6013375 -46.6152367;233;47;30
162;Thu Mar 14 23:48:43 2019;-23.6033780034802,-46.6147345882342;-23.6013352406393,-46.6151920792878;-23.6033784 -46.6147373;-23.6013375 -46.6152367;233;47;30
163;Thu Mar 14 23:49:42 2019;-23.6033780034802,-46.6147345882342;-23.6013352406393,-46.6151920792878;-23.6033784 -46.6147373;-23.6013375 -46.6152367;233;47;30
164;Thu Mar 14 23:50:42 2019;-23.6033780034802,-46.6147345882342;-23.6013352406393,-46.6151920792878;-23.6033784 -46.6147373;-23.6013375 -46.6152367;233;47;29
165;Thu Mar 14 23:51:42 2019;-23.6033780034802,-46.6147345882342;-23.6013352406393,-46.6151920792878;-23.6033784 -46.6147373;-23.6013375 -46.6152367;233;47;28
166;Thu Mar 14 23:52:44 2019;-23.6033780034802,-46.6147345882342;-23.6013352406393,-46.6151920792878;-23.6033784 -46.6147373;-23.6013375 -46.6152367;233;47;28
167;Thu Mar 14 23:53:43 2019;-23.6033780034802,-46.6147345882342;-23.6013352406393,-46.6151920792878;-23.6033784 -46.6147373;-23.6013375 -46.6152367;233;47;28
168;Thu Mar 14 23:54:42 2019;-23.6033780034802,-46.6147345882342;-23.6013352406393,-46.6151920792878;-23.6033784 -46.6147373;-23.6013375 -46.6152367;233;47;27
169;Thu Mar 14 23:55:42 2019;-23.6033780034802,-46.6147345882342;-23.6013352406393,-46.6151920792878;-23.6033784 -46.6147373;-23.6013375 -46.6152367;233;47;27
170;Thu Mar 14 23:56:42 2019;-23.6033780034802,-46.6147345882342;-23.6013352406393,-46.6151920792878;-23.6033784 -46.6147373;-23.6013375 -46.6152367;233;47;27
171;Thu Mar 14 23:57:43 2019;-23.6033780034802,-46.6147345882342;-23.6013352406393,-46.6151920792878;-23.6033784 -46.6147373;-23.6013375 -46.6152367;233;47;27
172;Thu Mar 14 23:58:42 2019;-23.6033780034802,-46.6147345882342;-23.6013352406393,-46.6151920792878;-23.6033784 -46.6147373;-23.6013375 -46.6152367;233;47;27
173;Thu Mar 14 23:59:42 2019;-23.6033780034802,-46.6147345882342;-23.6013352406393,-46.6151920792878;-23.6033784 -46.6147373;-23.6013375 -46.6152367;233;47;27
