38972;Thu Mar 14 00:00:08 2019;-23.614298869195,-46.6091920964885;-23.6137285082604,-46.6103523570251;-23.6143001 -46.609187;-23.6137299 -46.6103525;196;24;21
39213;Thu Mar 14 04:01:11 2019;-23.614298869195,-46.6091920964885;-23.6137285082604,-46.6103523570251;-23.6143001 -46.609187;-23.6137299 -46.6103525;196;24;21
39214;Thu Mar 14 04:02:08 2019;-23.614298869195,-46.6091920964885;-23.6137285082604,-46.6103523570251;-23.6143001 -46.609187;-23.6137299 -46.6103525;196;24;21
39215;Thu Mar 14 04:03:09 2019;-23.614298869195,-46.6091920964885;-23.6137285082604,-46.6103523570251;-23.6143001 -46.609187;-23.6137299 -46.6103525;196;24;21
39216;Thu Mar 14 04:04:08 2019;-23.614298869195,-46.6091920964885;-23.6137285082604,-46.6103523570251;-23.6143001 -46.609187;-23.6137299 -46.6103525;196;24;21
39217;Thu Mar 14 04:05:08 2019;-23.614298869195,-46.6091920964885;-23.6137285082604,-46.6103523570251;-23.6143001 -46.609187;-23.6137299 -46.6103525;196;24;21
39218;Thu Mar 14 04:06:08 2019;-23.614298869195,-46.6091920964885;-23.6137285082604,-46.6103523570251;-23.6143001 -46.609187;-23.6137299 -46.6103525;196;24;21
39219;Thu Mar 14 04:07:08 2019;-23.614298869195,-46.6091920964885;-23.6137285082604,-46.6103523570251;-23.6143001 -46.609187;-23.6137299 -46.6103525;196;24;21
39220;Thu Mar 14 04:08:08 2019;-23.614298869195,-46.6091920964885;-23.6137285082604,-46.6103523570251;-23.6143001 -46.609187;-23.6137299 -46.6103525;196;24;20
39221;Thu Mar 14 04:09:08 2019;-23.614298869195,-46.6091920964885;-23.6137285082604,-46.6103523570251;-23.6143001 -46.609187;-23.6137299 -46.6103525;196;24;20
39222;Thu Mar 14 04:10:08 2019;-23.614298869195,-46.6091920964885;-23.6137285082604,-46.6103523570251;-23.6143001 -46.609187;-23.6137299 -46.6103525;196;24;20
1;Thu Mar 14 21:07:46 2019;-23.614298869195,-46.6091920964885;-23.6137285082604,-46.6103523570251;-23.6143001 -46.609187;-23.6137299 -46.6103525;196;24;23
2;Thu Mar 14 21:08:45 2019;-23.614298869195,-46.6091920964885;-23.6137285082604,-46.6103523570251;-23.6143001 -46.609187;-23.6137299 -46.6103525;196;24;23
3;Thu Mar 14 21:09:42 2019;-23.614298869195,-46.6091920964885;-23.6137285082604,-46.6103523570251;-23.6143001 -46.609187;-23.6137299 -46.6103525;196;24;23
4;Thu Mar 14 21:10:42 2019;-23.614298869195,-46.6091920964885;-23.6137285082604,-46.6103523570251;-23.6143001 -46.609187;-23.6137299 -46.6103525;196;24;23
5;Thu Mar 14 21:11:42 2019;-23.614298869195,-46.6091920964885;-23.6137285082604,-46.6103523570251;-23.6143001 -46.609187;-23.6137299 -46.6103525;196;24;23
6;Thu Mar 14 21:12:41 2019;-23.614298869195,-46.6091920964885;-23.6137285082604,-46.6103523570251;-23.6143001 -46.609187;-23.6137299 -46.6103525;196;24;23
7;Thu Mar 14 21:13:42 2019;-23.614298869195,-46.6091920964885;-23.6137285082604,-46.6103523570251;-23.6143001 -46.609187;-23.6137299 -46.6103525;196;24;23
8;Thu Mar 14 21:14:42 2019;-23.614298869195,-46.6091920964885;-23.6137285082604,-46.6103523570251;-23.6143001 -46.609187;-23.6137299 -46.6103525;196;24;23
9;Thu Mar 14 21:15:42 2019;-23.614298869195,-46.6091920964885;-23.6137285082604,-46.6103523570251;-23.6143001 -46.609187;-23.6137299 -46.6103525;196;24;23
10;Thu Mar 14 21:16:42 2019;-23.614298869195,-46.6091920964885;-23.6137285082604,-46.6103523570251;-23.6143001 -46.609187;-23.6137299 -46.6103525;196;24;23
11;Thu Mar 14 21:17:42 2019;-23.614298869195,-46.6091920964885;-23.6137285082604,-46.6103523570251;-23.6143001 -46.609187;-23.6137299 -46.6103525;196;24;23
12;Thu Mar 14 21:18:42 2019;-23.614298869195,-46.6091920964885;-23.6137285082604,-46.6103523570251;-23.6143001 -46.609187;-23.6137299 -46.6103525;196;24;23
13;Thu Mar 14 21:19:42 2019;-23.614298869195,-46.6091920964885;-23.6137285082604,-46.6103523570251;-23.6143001 -46.609187;-23.6137299 -46.6103525;196;24;23
14;Thu Mar 14 21:20:42 2019;-23.614298869195,-46.6091920964885;-23.6137285082604,-46.6103523570251;-23.6143001 -46.609187;-23.6137299 -46.6103525;196;24;23
15;Thu Mar 14 21:21:43 2019;-23.614298869195,-46.6091920964885;-23.6137285082604,-46.6103523570251;-23.6143001 -46.609187;-23.6137299 -46.6103525;196;24;23
16;Thu Mar 14 21:22:44 2019;-23.614298869195,-46.6091920964885;-23.6137285082604,-46.6103523570251;-23.6143001 -46.609187;-23.6137299 -46.6103525;196;24;23
17;Thu Mar 14 21:23:42 2019;-23.614298869195,-46.6091920964885;-23.6137285082604,-46.6103523570251;-23.6143001 -46.609187;-23.6137299 -46.6103525;196;24;23
18;Thu Mar 14 21:24:42 2019;-23.614298869195,-46.6091920964885;-23.6137285082604,-46.6103523570251;-23.6143001 -46.609187;-23.6137299 -46.6103525;196;24;23
19;Thu Mar 14 21:25:42 2019;-23.614298869195,-46.6091920964885;-23.6137285082604,-46.6103523570251;-23.6143001 -46.609187;-23.6137299 -46.6103525;196;24;23
20;Thu Mar 14 21:26:42 2019;-23.614298869195,-46.6091920964885;-23.6137285082604,-46.6103523570251;-23.6143001 -46.609187;-23.6137299 -46.6103525;196;24;22
21;Thu Mar 14 21:27:42 2019;-23.614298869195,-46.6091920964885;-23.6137285082604,-46.6103523570251;-23.6143001 -46.609187;-23.6137299 -46.6103525;196;24;22
22;Thu Mar 14 21:28:42 2019;-23.614298869195,-46.6091920964885;-23.6137285082604,-46.6103523570251;-23.6143001 -46.609187;-23.6137299 -46.6103525;196;24;22
23;Thu Mar 14 21:29:42 2019;-23.614298869195,-46.6091920964885;-23.6137285082604,-46.6103523570251;-23.6143001 -46.609187;-23.6137299 -46.6103525;196;24;22
24;Thu Mar 14 21:30:42 2019;-23.614298869195,-46.6091920964885;-23.6137285082604,-46.6103523570251;-23.6143001 -46.609187;-23.6137299 -46.6103525;196;24;22
25;Thu Mar 14 21:31:42 2019;-23.614298869195,-46.6091920964885;-23.6137285082604,-46.6103523570251;-23.6143001 -46.609187;-23.6137299 -46.6103525;196;24;22
26;Thu Mar 14 21:32:42 2019;-23.614298869195,-46.6091920964885;-23.6137285082604,-46.6103523570251;-23.6143001 -46.609187;-23.6137299 -46.6103525;196;24;22
27;Thu Mar 14 21:33:42 2019;-23.614298869195,-46.6091920964885;-23.6137285082604,-46.6103523570251;-23.6143001 -46.609187;-23.6137299 -46.6103525;196;24;22
28;Thu Mar 14 21:34:42 2019;-23.614298869195,-46.6091920964885;-23.6137285082604,-46.6103523570251;-23.6143001 -46.609187;-23.6137299 -46.6103525;196;24;22
29;Thu Mar 14 21:35:42 2019;-23.614298869195,-46.6091920964885;-23.6137285082604,-46.6103523570251;-23.6143001 -46.609187;-23.6137299 -46.6103525;196;24;22
30;Thu Mar 14 21:36:42 2019;-23.614298869195,-46.6091920964885;-23.6137285082604,-46.6103523570251;-23.6143001 -46.609187;-23.6137299 -46.6103525;196;24;22
31;Thu Mar 14 21:37:44 2019;-23.614298869195,-46.6091920964885;-23.6137285082604,-46.6103523570251;-23.6143001 -46.609187;-23.6137299 -46.6103525;196;24;22
32;Thu Mar 14 21:38:42 2019;-23.614298869195,-46.6091920964885;-23.6137285082604,-46.6103523570251;-23.6143001 -46.609187;-23.6137299 -46.6103525;196;24;22
33;Thu Mar 14 21:39:42 2019;-23.614298869195,-46.6091920964885;-23.6137285082604,-46.6103523570251;-23.6143001 -46.609187;-23.6137299 -46.6103525;196;24;22
34;Thu Mar 14 21:40:41 2019;-23.614298869195,-46.6091920964885;-23.6137285082604,-46.6103523570251;-23.6143001 -46.609187;-23.6137299 -46.6103525;196;24;22
35;Thu Mar 14 21:41:42 2019;-23.614298869195,-46.6091920964885;-23.6137285082604,-46.6103523570251;-23.6143001 -46.609187;-23.6137299 -46.6103525;196;24;22
36;Thu Mar 14 21:42:42 2019;-23.614298869195,-46.6091920964885;-23.6137285082604,-46.6103523570251;-23.6143001 -46.609187;-23.6137299 -46.6103525;196;24;22
37;Thu Mar 14 21:43:42 2019;-23.614298869195,-46.6091920964885;-23.6137285082604,-46.6103523570251;-23.6143001 -46.609187;-23.6137299 -46.6103525;196;24;22
38;Thu Mar 14 21:44:42 2019;-23.614298869195,-46.6091920964885;-23.6137285082604,-46.6103523570251;-23.6143001 -46.609187;-23.6137299 -46.6103525;196;24;22
39;Thu Mar 14 21:45:42 2019;-23.614298869195,-46.6091920964885;-23.6137285082604,-46.6103523570251;-23.6143001 -46.609187;-23.6137299 -46.6103525;196;24;22
40;Thu Mar 14 21:46:42 2019;-23.614298869195,-46.6091920964885;-23.6137285082604,-46.6103523570251;-23.6143001 -46.609187;-23.6137299 -46.6103525;196;24;22
41;Thu Mar 14 21:47:42 2019;-23.614298869195,-46.6091920964885;-23.6137285082604,-46.6103523570251;-23.6143001 -46.609187;-23.6137299 -46.6103525;196;24;22
42;Thu Mar 14 21:48:42 2019;-23.614298869195,-46.6091920964885;-23.6137285082604,-46.6103523570251;-23.6143001 -46.609187;-23.6137299 -46.6103525;196;24;22
43;Thu Mar 14 21:49:42 2019;-23.614298869195,-46.6091920964885;-23.6137285082604,-46.6103523570251;-23.6143001 -46.609187;-23.6137299 -46.6103525;196;24;22
44;Thu Mar 14 21:50:42 2019;-23.614298869195,-46.6091920964885;-23.6137285082604,-46.6103523570251;-23.6143001 -46.609187;-23.6137299 -46.6103525;196;24;22
45;Thu Mar 14 21:51:42 2019;-23.614298869195,-46.6091920964885;-23.6137285082604,-46.6103523570251;-23.6143001 -46.609187;-23.6137299 -46.6103525;196;24;22
46;Thu Mar 14 21:52:43 2019;-23.614298869195,-46.6091920964885;-23.6137285082604,-46.6103523570251;-23.6143001 -46.609187;-23.6137299 -46.6103525;196;24;22
47;Thu Mar 14 21:53:42 2019;-23.614298869195,-46.6091920964885;-23.6137285082604,-46.6103523570251;-23.6143001 -46.609187;-23.6137299 -46.6103525;196;24;23
48;Thu Mar 14 21:54:42 2019;-23.614298869195,-46.6091920964885;-23.6137285082604,-46.6103523570251;-23.6143001 -46.609187;-23.6137299 -46.6103525;196;24;22
49;Thu Mar 14 21:55:42 2019;-23.614298869195,-46.6091920964885;-23.6137285082604,-46.6103523570251;-23.6143001 -46.609187;-23.6137299 -46.6103525;196;24;22
50;Thu Mar 14 21:56:42 2019;-23.614298869195,-46.6091920964885;-23.6137285082604,-46.6103523570251;-23.6143001 -46.609187;-23.6137299 -46.6103525;196;24;22
51;Thu Mar 14 21:57:42 2019;-23.614298869195,-46.6091920964885;-23.6137285082604,-46.6103523570251;-23.6143001 -46.609187;-23.6137299 -46.6103525;196;24;22
52;Thu Mar 14 21:58:42 2019;-23.614298869195,-46.6091920964885;-23.6137285082604,-46.6103523570251;-23.6143001 -46.609187;-23.6137299 -46.6103525;196;24;23
53;Thu Mar 14 21:59:42 2019;-23.614298869195,-46.6091920964885;-23.6137285082604,-46.6103523570251;-23.6143001 -46.609187;-23.6137299 -46.6103525;196;24;23
54;Thu Mar 14 22:00:42 2019;-23.614298869195,-46.6091920964885;-23.6137285082604,-46.6103523570251;-23.6143001 -46.609187;-23.6137299 -46.6103525;196;24;22
55;Thu Mar 14 22:01:42 2019;-23.614298869195,-46.6091920964885;-23.6137285082604,-46.6103523570251;-23.6143001 -46.609187;-23.6137299 -46.6103525;196;24;22
56;Thu Mar 14 22:02:42 2019;-23.614298869195,-46.6091920964885;-23.6137285082604,-46.6103523570251;-23.6143001 -46.609187;-23.6137299 -46.6103525;196;24;22
57;Thu Mar 14 22:03:42 2019;-23.614298869195,-46.6091920964885;-23.6137285082604,-46.6103523570251;-23.6143001 -46.609187;-23.6137299 -46.6103525;196;24;23
58;Thu Mar 14 22:04:42 2019;-23.614298869195,-46.6091920964885;-23.6137285082604,-46.6103523570251;-23.6143001 -46.609187;-23.6137299 -46.6103525;196;24;22
59;Thu Mar 14 22:05:42 2019;-23.614298869195,-46.6091920964885;-23.6137285082604,-46.6103523570251;-23.6143001 -46.609187;-23.6137299 -46.6103525;196;24;22
60;Thu Mar 14 22:06:43 2019;-23.614298869195,-46.6091920964885;-23.6137285082604,-46.6103523570251;-23.6143001 -46.609187;-23.6137299 -46.6103525;196;24;22
61;Thu Mar 14 22:07:43 2019;-23.614298869195,-46.6091920964885;-23.6137285082604,-46.6103523570251;-23.6143001 -46.609187;-23.6137299 -46.6103525;196;24;23
62;Thu Mar 14 22:08:42 2019;-23.614298869195,-46.6091920964885;-23.6137285082604,-46.6103523570251;-23.6143001 -46.609187;-23.6137299 -46.6103525;196;24;23
63;Thu Mar 14 22:09:42 2019;-23.614298869195,-46.6091920964885;-23.6137285082604,-46.6103523570251;-23.6143001 -46.609187;-23.6137299 -46.6103525;196;24;22
64;Thu Mar 14 22:10:42 2019;-23.614298869195,-46.6091920964885;-23.6137285082604,-46.6103523570251;-23.6143001 -46.609187;-23.6137299 -46.6103525;196;24;22
65;Thu Mar 14 22:11:42 2019;-23.614298869195,-46.6091920964885;-23.6137285082604,-46.6103523570251;-23.6143001 -46.609187;-23.6137299 -46.6103525;196;24;22
66;Thu Mar 14 22:12:41 2019;-23.614298869195,-46.6091920964885;-23.6137285082604,-46.6103523570251;-23.6143001 -46.609187;-23.6137299 -46.6103525;196;24;22
67;Thu Mar 14 22:13:42 2019;-23.614298869195,-46.6091920964885;-23.6137285082604,-46.6103523570251;-23.6143001 -46.609187;-23.6137299 -46.6103525;196;24;22
68;Thu Mar 14 22:14:42 2019;-23.614298869195,-46.6091920964885;-23.6137285082604,-46.6103523570251;-23.6143001 -46.609187;-23.6137299 -46.6103525;196;24;23
69;Thu Mar 14 22:15:41 2019;-23.614298869195,-46.6091920964885;-23.6137285082604,-46.6103523570251;-23.6143001 -46.609187;-23.6137299 -46.6103525;196;24;23
70;Thu Mar 14 22:16:42 2019;-23.614298869195,-46.6091920964885;-23.6137285082604,-46.6103523570251;-23.6143001 -46.609187;-23.6137299 -46.6103525;196;24;22
71;Thu Mar 14 22:17:42 2019;-23.614298869195,-46.6091920964885;-23.6137285082604,-46.6103523570251;-23.6143001 -46.609187;-23.6137299 -46.6103525;196;24;22
72;Thu Mar 14 22:18:42 2019;-23.614298869195,-46.6091920964885;-23.6137285082604,-46.6103523570251;-23.6143001 -46.609187;-23.6137299 -46.6103525;196;24;23
73;Thu Mar 14 22:19:42 2019;-23.614298869195,-46.6091920964885;-23.6137285082604,-46.6103523570251;-23.6143001 -46.609187;-23.6137299 -46.6103525;196;24;23
74;Thu Mar 14 22:20:42 2019;-23.614298869195,-46.6091920964885;-23.6137285082604,-46.6103523570251;-23.6143001 -46.609187;-23.6137299 -46.6103525;196;24;22
75;Thu Mar 14 22:21:42 2019;-23.614298869195,-46.6091920964885;-23.6137285082604,-46.6103523570251;-23.6143001 -46.609187;-23.6137299 -46.6103525;196;24;22
76;Thu Mar 14 22:22:44 2019;-23.614298869195,-46.6091920964885;-23.6137285082604,-46.6103523570251;-23.6143001 -46.609187;-23.6137299 -46.6103525;196;24;22
77;Thu Mar 14 22:23:42 2019;-23.614298869195,-46.6091920964885;-23.6137285082604,-46.6103523570251;-23.6143001 -46.609187;-23.6137299 -46.6103525;196;24;23
78;Thu Mar 14 22:24:41 2019;-23.614298869195,-46.6091920964885;-23.6137285082604,-46.6103523570251;-23.6143001 -46.609187;-23.6137299 -46.6103525;196;24;23
79;Thu Mar 14 22:25:42 2019;-23.614298869195,-46.6091920964885;-23.6137285082604,-46.6103523570251;-23.6143001 -46.609187;-23.6137299 -46.6103525;196;24;23
80;Thu Mar 14 22:26:42 2019;-23.614298869195,-46.6091920964885;-23.6137285082604,-46.6103523570251;-23.6143001 -46.609187;-23.6137299 -46.6103525;196;24;23
81;Thu Mar 14 22:27:42 2019;-23.614298869195,-46.6091920964885;-23.6137285082604,-46.6103523570251;-23.6143001 -46.609187;-23.6137299 -46.6103525;196;24;23
82;Thu Mar 14 22:28:42 2019;-23.614298869195,-46.6091920964885;-23.6137285082604,-46.6103523570251;-23.6143001 -46.609187;-23.6137299 -46.6103525;196;24;23
83;Thu Mar 14 22:29:42 2019;-23.614298869195,-46.6091920964885;-23.6137285082604,-46.6103523570251;-23.6143001 -46.609187;-23.6137299 -46.6103525;196;24;22
84;Thu Mar 14 22:30:42 2019;-23.614298869195,-46.6091920964885;-23.6137285082604,-46.6103523570251;-23.6143001 -46.609187;-23.6137299 -46.6103525;196;24;22
85;Thu Mar 14 22:31:42 2019;-23.614298869195,-46.6091920964885;-23.6137285082604,-46.6103523570251;-23.6143001 -46.609187;-23.6137299 -46.6103525;196;24;22
86;Thu Mar 14 22:32:42 2019;-23.614298869195,-46.6091920964885;-23.6137285082604,-46.6103523570251;-23.6143001 -46.609187;-23.6137299 -46.6103525;196;24;22
87;Thu Mar 14 22:33:42 2019;-23.614298869195,-46.6091920964885;-23.6137285082604,-46.6103523570251;-23.6143001 -46.609187;-23.6137299 -46.6103525;196;24;22
88;Thu Mar 14 22:34:42 2019;-23.614298869195,-46.6091920964885;-23.6137285082604,-46.6103523570251;-23.6143001 -46.609187;-23.6137299 -46.6103525;196;24;22
89;Thu Mar 14 22:35:41 2019;-23.614298869195,-46.6091920964885;-23.6137285082604,-46.6103523570251;-23.6143001 -46.609187;-23.6137299 -46.6103525;196;24;22
90;Thu Mar 14 22:36:42 2019;-23.614298869195,-46.6091920964885;-23.6137285082604,-46.6103523570251;-23.6143001 -46.609187;-23.6137299 -46.6103525;196;24;22
91;Thu Mar 14 22:37:44 2019;-23.614298869195,-46.6091920964885;-23.6137285082604,-46.6103523570251;-23.6143001 -46.609187;-23.6137299 -46.6103525;196;24;23
92;Thu Mar 14 22:38:42 2019;-23.614298869195,-46.6091920964885;-23.6137285082604,-46.6103523570251;-23.6143001 -46.609187;-23.6137299 -46.6103525;196;24;23
93;Thu Mar 14 22:39:42 2019;-23.614298869195,-46.6091920964885;-23.6137285082604,-46.6103523570251;-23.6143001 -46.609187;-23.6137299 -46.6103525;196;24;23
94;Thu Mar 14 22:40:43 2019;-23.614298869195,-46.6091920964885;-23.6137285082604,-46.6103523570251;-23.6143001 -46.609187;-23.6137299 -46.6103525;196;24;23
95;Thu Mar 14 22:41:42 2019;-23.614298869195,-46.6091920964885;-23.6137285082604,-46.6103523570251;-23.6143001 -46.609187;-23.6137299 -46.6103525;196;24;23
96;Thu Mar 14 22:42:42 2019;-23.614298869195,-46.6091920964885;-23.6137285082604,-46.6103523570251;-23.6143001 -46.609187;-23.6137299 -46.6103525;196;24;23
97;Thu Mar 14 22:43:42 2019;-23.614298869195,-46.6091920964885;-23.6137285082604,-46.6103523570251;-23.6143001 -46.609187;-23.6137299 -46.6103525;196;24;23
98;Thu Mar 14 22:44:42 2019;-23.614298869195,-46.6091920964885;-23.6137285082604,-46.6103523570251;-23.6143001 -46.609187;-23.6137299 -46.6103525;196;24;23
99;Thu Mar 14 22:45:42 2019;-23.614298869195,-46.6091920964885;-23.6137285082604,-46.6103523570251;-23.6143001 -46.609187;-23.6137299 -46.6103525;196;24;23
100;Thu Mar 14 22:46:42 2019;-23.614298869195,-46.6091920964885;-23.6137285082604,-46.6103523570251;-23.6143001 -46.609187;-23.6137299 -46.6103525;196;24;23
101;Thu Mar 14 22:47:42 2019;-23.614298869195,-46.6091920964885;-23.6137285082604,-46.6103523570251;-23.6143001 -46.609187;-23.6137299 -46.6103525;196;24;23
102;Thu Mar 14 22:48:42 2019;-23.614298869195,-46.6091920964885;-23.6137285082604,-46.6103523570251;-23.6143001 -46.609187;-23.6137299 -46.6103525;196;24;22
103;Thu Mar 14 22:49:43 2019;-23.614298869195,-46.6091920964885;-23.6137285082604,-46.6103523570251;-23.6143001 -46.609187;-23.6137299 -46.6103525;196;24;23
104;Thu Mar 14 22:50:42 2019;-23.614298869195,-46.6091920964885;-23.6137285082604,-46.6103523570251;-23.6143001 -46.609187;-23.6137299 -46.6103525;196;24;23
105;Thu Mar 14 22:51:42 2019;-23.614298869195,-46.6091920964885;-23.6137285082604,-46.6103523570251;-23.6143001 -46.609187;-23.6137299 -46.6103525;196;24;23
106;Thu Mar 14 22:52:44 2019;-23.614298869195,-46.6091920964885;-23.6137285082604,-46.6103523570251;-23.6143001 -46.609187;-23.6137299 -46.6103525;196;24;23
107;Thu Mar 14 22:53:42 2019;-23.614298869195,-46.6091920964885;-23.6137285082604,-46.6103523570251;-23.6143001 -46.609187;-23.6137299 -46.6103525;196;24;23
108;Thu Mar 14 22:54:42 2019;-23.614298869195,-46.6091920964885;-23.6137285082604,-46.6103523570251;-23.6143001 -46.609187;-23.6137299 -46.6103525;196;24;23
109;Thu Mar 14 22:55:42 2019;-23.614298869195,-46.6091920964885;-23.6137285082604,-46.6103523570251;-23.6143001 -46.609187;-23.6137299 -46.6103525;196;24;23
110;Thu Mar 14 22:56:42 2019;-23.614298869195,-46.6091920964885;-23.6137285082604,-46.6103523570251;-23.6143001 -46.609187;-23.6137299 -46.6103525;196;24;23
111;Thu Mar 14 22:57:42 2019;-23.614298869195,-46.6091920964885;-23.6137285082604,-46.6103523570251;-23.6143001 -46.609187;-23.6137299 -46.6103525;196;24;22
112;Thu Mar 14 22:58:42 2019;-23.614298869195,-46.6091920964885;-23.6137285082604,-46.6103523570251;-23.6143001 -46.609187;-23.6137299 -46.6103525;196;24;23
113;Thu Mar 14 22:59:42 2019;-23.614298869195,-46.6091920964885;-23.6137285082604,-46.6103523570251;-23.6143001 -46.609187;-23.6137299 -46.6103525;196;24;22
114;Thu Mar 14 23:00:42 2019;-23.614298869195,-46.6091920964885;-23.6137285082604,-46.6103523570251;-23.6143001 -46.609187;-23.6137299 -46.6103525;196;24;22
115;Thu Mar 14 23:01:41 2019;-23.614298869195,-46.6091920964885;-23.6137285082604,-46.6103523570251;-23.6143001 -46.609187;-23.6137299 -46.6103525;196;24;22
116;Thu Mar 14 23:02:42 2019;-23.614298869195,-46.6091920964885;-23.6137285082604,-46.6103523570251;-23.6143001 -46.609187;-23.6137299 -46.6103525;196;24;23
117;Thu Mar 14 23:03:42 2019;-23.614298869195,-46.6091920964885;-23.6137285082604,-46.6103523570251;-23.6143001 -46.609187;-23.6137299 -46.6103525;196;24;23
118;Thu Mar 14 23:04:42 2019;-23.614298869195,-46.6091920964885;-23.6137285082604,-46.6103523570251;-23.6143001 -46.609187;-23.6137299 -46.6103525;196;24;23
119;Thu Mar 14 23:05:42 2019;-23.614298869195,-46.6091920964885;-23.6137285082604,-46.6103523570251;-23.6143001 -46.609187;-23.6137299 -46.6103525;196;24;23
120;Thu Mar 14 23:06:41 2019;-23.614298869195,-46.6091920964885;-23.6137285082604,-46.6103523570251;-23.6143001 -46.609187;-23.6137299 -46.6103525;196;24;22
121;Thu Mar 14 23:07:44 2019;-23.614298869195,-46.6091920964885;-23.6137285082604,-46.6103523570251;-23.6143001 -46.609187;-23.6137299 -46.6103525;196;24;23
122;Thu Mar 14 23:08:42 2019;-23.614298869195,-46.6091920964885;-23.6137285082604,-46.6103523570251;-23.6143001 -46.609187;-23.6137299 -46.6103525;196;24;22
123;Thu Mar 14 23:09:42 2019;-23.614298869195,-46.6091920964885;-23.6137285082604,-46.6103523570251;-23.6143001 -46.609187;-23.6137299 -46.6103525;196;24;22
124;Thu Mar 14 23:10:42 2019;-23.614298869195,-46.6091920964885;-23.6137285082604,-46.6103523570251;-23.6143001 -46.609187;-23.6137299 -46.6103525;196;24;22
125;Thu Mar 14 23:11:42 2019;-23.614298869195,-46.6091920964885;-23.6137285082604,-46.6103523570251;-23.6143001 -46.609187;-23.6137299 -46.6103525;196;24;22
126;Thu Mar 14 23:12:42 2019;-23.614298869195,-46.6091920964885;-23.6137285082604,-46.6103523570251;-23.6143001 -46.609187;-23.6137299 -46.6103525;196;24;22
127;Thu Mar 14 23:13:41 2019;-23.614298869195,-46.6091920964885;-23.6137285082604,-46.6103523570251;-23.6143001 -46.609187;-23.6137299 -46.6103525;196;24;22
128;Thu Mar 14 23:14:42 2019;-23.614298869195,-46.6091920964885;-23.6137285082604,-46.6103523570251;-23.6143001 -46.609187;-23.6137299 -46.6103525;196;24;22
129;Thu Mar 14 23:15:42 2019;-23.614298869195,-46.6091920964885;-23.6137285082604,-46.6103523570251;-23.6143001 -46.609187;-23.6137299 -46.6103525;196;24;22
130;Thu Mar 14 23:16:42 2019;-23.614298869195,-46.6091920964885;-23.6137285082604,-46.6103523570251;-23.6143001 -46.609187;-23.6137299 -46.6103525;196;24;22
131;Thu Mar 14 23:17:42 2019;-23.614298869195,-46.6091920964885;-23.6137285082604,-46.6103523570251;-23.6143001 -46.609187;-23.6137299 -46.6103525;196;24;22
132;Thu Mar 14 23:18:42 2019;-23.614298869195,-46.6091920964885;-23.6137285082604,-46.6103523570251;-23.6143001 -46.609187;-23.6137299 -46.6103525;196;24;22
133;Thu Mar 14 23:19:41 2019;-23.614298869195,-46.6091920964885;-23.6137285082604,-46.6103523570251;-23.6143001 -46.609187;-23.6137299 -46.6103525;196;24;23
134;Thu Mar 14 23:20:41 2019;-23.614298869195,-46.6091920964885;-23.6137285082604,-46.6103523570251;-23.6143001 -46.609187;-23.6137299 -46.6103525;196;24;23
135;Thu Mar 14 23:21:42 2019;-23.614298869195,-46.6091920964885;-23.6137285082604,-46.6103523570251;-23.6143001 -46.609187;-23.6137299 -46.6103525;196;24;23
136;Thu Mar 14 23:22:43 2019;-23.614298869195,-46.6091920964885;-23.6137285082604,-46.6103523570251;-23.6143001 -46.609187;-23.6137299 -46.6103525;196;24;23
137;Thu Mar 14 23:23:42 2019;-23.614298869195,-46.6091920964885;-23.6137285082604,-46.6103523570251;-23.6143001 -46.609187;-23.6137299 -46.6103525;196;24;23
138;Thu Mar 14 23:24:42 2019;-23.614298869195,-46.6091920964885;-23.6137285082604,-46.6103523570251;-23.6143001 -46.609187;-23.6137299 -46.6103525;196;24;23
139;Thu Mar 14 23:25:42 2019;-23.614298869195,-46.6091920964885;-23.6137285082604,-46.6103523570251;-23.6143001 -46.609187;-23.6137299 -46.6103525;196;24;23
140;Thu Mar 14 23:26:42 2019;-23.614298869195,-46.6091920964885;-23.6137285082604,-46.6103523570251;-23.6143001 -46.609187;-23.6137299 -46.6103525;196;24;22
141;Thu Mar 14 23:27:42 2019;-23.614298869195,-46.6091920964885;-23.6137285082604,-46.6103523570251;-23.6143001 -46.609187;-23.6137299 -46.6103525;196;24;22
142;Thu Mar 14 23:28:41 2019;-23.614298869195,-46.6091920964885;-23.6137285082604,-46.6103523570251;-23.6143001 -46.609187;-23.6137299 -46.6103525;196;24;23
143;Thu Mar 14 23:29:41 2019;-23.614298869195,-46.6091920964885;-23.6137285082604,-46.6103523570251;-23.6143001 -46.609187;-23.6137299 -46.6103525;196;24;23
144;Thu Mar 14 23:30:42 2019;-23.614298869195,-46.6091920964885;-23.6137285082604,-46.6103523570251;-23.6143001 -46.609187;-23.6137299 -46.6103525;196;24;23
145;Thu Mar 14 23:31:42 2019;-23.614298869195,-46.6091920964885;-23.6137285082604,-46.6103523570251;-23.6143001 -46.609187;-23.6137299 -46.6103525;196;24;23
146;Thu Mar 14 23:32:42 2019;-23.614298869195,-46.6091920964885;-23.6137285082604,-46.6103523570251;-23.6143001 -46.609187;-23.6137299 -46.6103525;196;24;23
147;Thu Mar 14 23:33:42 2019;-23.614298869195,-46.6091920964885;-23.6137285082604,-46.6103523570251;-23.6143001 -46.609187;-23.6137299 -46.6103525;196;24;23
148;Thu Mar 14 23:34:42 2019;-23.614298869195,-46.6091920964885;-23.6137285082604,-46.6103523570251;-23.6143001 -46.609187;-23.6137299 -46.6103525;196;24;23
149;Thu Mar 14 23:35:42 2019;-23.614298869195,-46.6091920964885;-23.6137285082604,-46.6103523570251;-23.6143001 -46.609187;-23.6137299 -46.6103525;196;24;23
150;Thu Mar 14 23:36:42 2019;-23.614298869195,-46.6091920964885;-23.6137285082604,-46.6103523570251;-23.6143001 -46.609187;-23.6137299 -46.6103525;196;24;24
151;Thu Mar 14 23:37:43 2019;-23.614298869195,-46.6091920964885;-23.6137285082604,-46.6103523570251;-23.6143001 -46.609187;-23.6137299 -46.6103525;196;24;24
152;Thu Mar 14 23:38:42 2019;-23.614298869195,-46.6091920964885;-23.6137285082604,-46.6103523570251;-23.6143001 -46.609187;-23.6137299 -46.6103525;196;24;24
153;Thu Mar 14 23:39:42 2019;-23.614298869195,-46.6091920964885;-23.6137285082604,-46.6103523570251;-23.6143001 -46.609187;-23.6137299 -46.6103525;196;24;24
154;Thu Mar 14 23:40:42 2019;-23.614298869195,-46.6091920964885;-23.6137285082604,-46.6103523570251;-23.6143001 -46.609187;-23.6137299 -46.6103525;196;24;24
155;Thu Mar 14 23:41:42 2019;-23.614298869195,-46.6091920964885;-23.6137285082604,-46.6103523570251;-23.6143001 -46.609187;-23.6137299 -46.6103525;196;24;24
156;Thu Mar 14 23:42:42 2019;-23.614298869195,-46.6091920964885;-23.6137285082604,-46.6103523570251;-23.6143001 -46.609187;-23.6137299 -46.6103525;196;24;24
157;Thu Mar 14 23:43:42 2019;-23.614298869195,-46.6091920964885;-23.6137285082604,-46.6103523570251;-23.6143001 -46.609187;-23.6137299 -46.6103525;196;24;24
158;Thu Mar 14 23:44:42 2019;-23.614298869195,-46.6091920964885;-23.6137285082604,-46.6103523570251;-23.6143001 -46.609187;-23.6137299 -46.6103525;196;24;24
159;Thu Mar 14 23:45:42 2019;-23.614298869195,-46.6091920964885;-23.6137285082604,-46.6103523570251;-23.6143001 -46.609187;-23.6137299 -46.6103525;196;24;26
160;Thu Mar 14 23:46:42 2019;-23.614298869195,-46.6091920964885;-23.6137285082604,-46.6103523570251;-23.6143001 -46.609187;-23.6137299 -46.6103525;196;24;26
161;Thu Mar 14 23:47:42 2019;-23.614298869195,-46.6091920964885;-23.6137285082604,-46.6103523570251;-23.6143001 -46.609187;-23.6137299 -46.6103525;196;24;26
162;Thu Mar 14 23:48:42 2019;-23.614298869195,-46.6091920964885;-23.6137285082604,-46.6103523570251;-23.6143001 -46.609187;-23.6137299 -46.6103525;196;24;26
163;Thu Mar 14 23:49:42 2019;-23.614298869195,-46.6091920964885;-23.6137285082604,-46.6103523570251;-23.6143001 -46.609187;-23.6137299 -46.6103525;196;24;25
164;Thu Mar 14 23:50:42 2019;-23.614298869195,-46.6091920964885;-23.6137285082604,-46.6103523570251;-23.6143001 -46.609187;-23.6137299 -46.6103525;196;24;25
165;Thu Mar 14 23:51:42 2019;-23.614298869195,-46.6091920964885;-23.6137285082604,-46.6103523570251;-23.6143001 -46.609187;-23.6137299 -46.6103525;196;24;25
166;Thu Mar 14 23:52:43 2019;-23.614298869195,-46.6091920964885;-23.6137285082604,-46.6103523570251;-23.6143001 -46.609187;-23.6137299 -46.6103525;196;24;25
167;Thu Mar 14 23:53:42 2019;-23.614298869195,-46.6091920964885;-23.6137285082604,-46.6103523570251;-23.6143001 -46.609187;-23.6137299 -46.6103525;196;24;25
168;Thu Mar 14 23:54:41 2019;-23.614298869195,-46.6091920964885;-23.6137285082604,-46.6103523570251;-23.6143001 -46.609187;-23.6137299 -46.6103525;196;24;25
169;Thu Mar 14 23:55:42 2019;-23.614298869195,-46.6091920964885;-23.6137285082604,-46.6103523570251;-23.6143001 -46.609187;-23.6137299 -46.6103525;196;24;25
170;Thu Mar 14 23:56:42 2019;-23.614298869195,-46.6091920964885;-23.6137285082604,-46.6103523570251;-23.6143001 -46.609187;-23.6137299 -46.6103525;196;24;25
171;Thu Mar 14 23:57:42 2019;-23.614298869195,-46.6091920964885;-23.6137285082604,-46.6103523570251;-23.6143001 -46.609187;-23.6137299 -46.6103525;196;24;25
172;Thu Mar 14 23:58:42 2019;-23.614298869195,-46.6091920964885;-23.6137285082604,-46.6103523570251;-23.6143001 -46.609187;-23.6137299 -46.6103525;196;24;25
173;Thu Mar 14 23:59:42 2019;-23.614298869195,-46.6091920964885;-23.6137285082604,-46.6103523570251;-23.6143001 -46.609187;-23.6137299 -46.6103525;196;24;25
