38972;Thu Mar 14 00:00:07 2019;-23.6352490309203,-46.6060593591848;-23.6328908584029,-46.6050373925733;-23.6352449 -46.6060678;-23.6328855 -46.6050517;282;67;39
39213;Thu Mar 14 04:01:08 2019;-23.6352490309203,-46.6060593591848;-23.6328908584029,-46.6050373925733;-23.6352449 -46.6060678;-23.6328855 -46.6050517;282;67;38
39214;Thu Mar 14 04:02:07 2019;-23.6352490309203,-46.6060593591848;-23.6328908584029,-46.6050373925733;-23.6352449 -46.6060678;-23.6328855 -46.6050517;282;67;38
39215;Thu Mar 14 04:03:08 2019;-23.6352490309203,-46.6060593591848;-23.6328908584029,-46.6050373925733;-23.6352449 -46.6060678;-23.6328855 -46.6050517;282;67;38
39216;Thu Mar 14 04:04:08 2019;-23.6352490309203,-46.6060593591848;-23.6328908584029,-46.6050373925733;-23.6352449 -46.6060678;-23.6328855 -46.6050517;282;67;38
39217;Thu Mar 14 04:05:08 2019;-23.6352490309203,-46.6060593591848;-23.6328908584029,-46.6050373925733;-23.6352449 -46.6060678;-23.6328855 -46.6050517;282;67;38
39218;Thu Mar 14 04:06:07 2019;-23.6352490309203,-46.6060593591848;-23.6328908584029,-46.6050373925733;-23.6352449 -46.6060678;-23.6328855 -46.6050517;282;67;38
39219;Thu Mar 14 04:07:08 2019;-23.6352490309203,-46.6060593591848;-23.6328908584029,-46.6050373925733;-23.6352449 -46.6060678;-23.6328855 -46.6050517;282;67;38
39220;Thu Mar 14 04:08:08 2019;-23.6352490309203,-46.6060593591848;-23.6328908584029,-46.6050373925733;-23.6352449 -46.6060678;-23.6328855 -46.6050517;282;67;38
39221;Thu Mar 14 04:09:08 2019;-23.6352490309203,-46.6060593591848;-23.6328908584029,-46.6050373925733;-23.6352449 -46.6060678;-23.6328855 -46.6050517;282;67;38
39222;Thu Mar 14 04:10:08 2019;-23.6352490309203,-46.6060593591848;-23.6328908584029,-46.6050373925733;-23.6352449 -46.6060678;-23.6328855 -46.6050517;282;67;38
1;Thu Mar 14 21:07:45 2019;-23.6352490309203,-46.6060593591848;-23.6328908584029,-46.6050373925733;-23.6352449 -46.6060678;-23.6328855 -46.6050517;282;67;52
2;Thu Mar 14 21:08:44 2019;-23.6352490309203,-46.6060593591848;-23.6328908584029,-46.6050373925733;-23.6352449 -46.6060678;-23.6328855 -46.6050517;282;67;51
3;Thu Mar 14 21:09:41 2019;-23.6352490309203,-46.6060593591848;-23.6328908584029,-46.6050373925733;-23.6352449 -46.6060678;-23.6328855 -46.6050517;282;67;55
4;Thu Mar 14 21:10:41 2019;-23.6352490309203,-46.6060593591848;-23.6328908584029,-46.6050373925733;-23.6352449 -46.6060678;-23.6328855 -46.6050517;282;67;54
5;Thu Mar 14 21:11:41 2019;-23.6352490309203,-46.6060593591848;-23.6328908584029,-46.6050373925733;-23.6352449 -46.6060678;-23.6328855 -46.6050517;282;67;56
6;Thu Mar 14 21:12:40 2019;-23.6352490309203,-46.6060593591848;-23.6328908584029,-46.6050373925733;-23.6352449 -46.6060678;-23.6328855 -46.6050517;282;67;56
7;Thu Mar 14 21:13:41 2019;-23.6352490309203,-46.6060593591848;-23.6328908584029,-46.6050373925733;-23.6352449 -46.6060678;-23.6328855 -46.6050517;282;67;57
8;Thu Mar 14 21:14:41 2019;-23.6352490309203,-46.6060593591848;-23.6328908584029,-46.6050373925733;-23.6352449 -46.6060678;-23.6328855 -46.6050517;282;67;57
9;Thu Mar 14 21:15:41 2019;-23.6352490309203,-46.6060593591848;-23.6328908584029,-46.6050373925733;-23.6352449 -46.6060678;-23.6328855 -46.6050517;282;67;57
10;Thu Mar 14 21:16:41 2019;-23.6352490309203,-46.6060593591848;-23.6328908584029,-46.6050373925733;-23.6352449 -46.6060678;-23.6328855 -46.6050517;282;67;57
11;Thu Mar 14 21:17:41 2019;-23.6352490309203,-46.6060593591848;-23.6328908584029,-46.6050373925733;-23.6352449 -46.6060678;-23.6328855 -46.6050517;282;67;58
12;Thu Mar 14 21:18:41 2019;-23.6352490309203,-46.6060593591848;-23.6328908584029,-46.6050373925733;-23.6352449 -46.6060678;-23.6328855 -46.6050517;282;67;54
13;Thu Mar 14 21:19:41 2019;-23.6352490309203,-46.6060593591848;-23.6328908584029,-46.6050373925733;-23.6352449 -46.6060678;-23.6328855 -46.6050517;282;67;53
14;Thu Mar 14 21:20:41 2019;-23.6352490309203,-46.6060593591848;-23.6328908584029,-46.6050373925733;-23.6352449 -46.6060678;-23.6328855 -46.6050517;282;67;53
15;Thu Mar 14 21:21:42 2019;-23.6352490309203,-46.6060593591848;-23.6328908584029,-46.6050373925733;-23.6352449 -46.6060678;-23.6328855 -46.6050517;282;67;53
16;Thu Mar 14 21:22:42 2019;-23.6352490309203,-46.6060593591848;-23.6328908584029,-46.6050373925733;-23.6352449 -46.6060678;-23.6328855 -46.6050517;282;67;54
17;Thu Mar 14 21:23:41 2019;-23.6352490309203,-46.6060593591848;-23.6328908584029,-46.6050373925733;-23.6352449 -46.6060678;-23.6328855 -46.6050517;282;67;54
18;Thu Mar 14 21:24:41 2019;-23.6352490309203,-46.6060593591848;-23.6328908584029,-46.6050373925733;-23.6352449 -46.6060678;-23.6328855 -46.6050517;282;67;55
19;Thu Mar 14 21:25:41 2019;-23.6352490309203,-46.6060593591848;-23.6328908584029,-46.6050373925733;-23.6352449 -46.6060678;-23.6328855 -46.6050517;282;67;55
20;Thu Mar 14 21:26:41 2019;-23.6352490309203,-46.6060593591848;-23.6328908584029,-46.6050373925733;-23.6352449 -46.6060678;-23.6328855 -46.6050517;282;67;56
21;Thu Mar 14 21:27:41 2019;-23.6352490309203,-46.6060593591848;-23.6328908584029,-46.6050373925733;-23.6352449 -46.6060678;-23.6328855 -46.6050517;282;67;55
22;Thu Mar 14 21:28:41 2019;-23.6352490309203,-46.6060593591848;-23.6328908584029,-46.6050373925733;-23.6352449 -46.6060678;-23.6328855 -46.6050517;282;67;55
23;Thu Mar 14 21:29:41 2019;-23.6352490309203,-46.6060593591848;-23.6328908584029,-46.6050373925733;-23.6352449 -46.6060678;-23.6328855 -46.6050517;282;67;54
24;Thu Mar 14 21:30:41 2019;-23.6352490309203,-46.6060593591848;-23.6328908584029,-46.6050373925733;-23.6352449 -46.6060678;-23.6328855 -46.6050517;282;67;54
25;Thu Mar 14 21:31:41 2019;-23.6352490309203,-46.6060593591848;-23.6328908584029,-46.6050373925733;-23.6352449 -46.6060678;-23.6328855 -46.6050517;282;67;54
26;Thu Mar 14 21:32:41 2019;-23.6352490309203,-46.6060593591848;-23.6328908584029,-46.6050373925733;-23.6352449 -46.6060678;-23.6328855 -46.6050517;282;67;54
27;Thu Mar 14 21:33:41 2019;-23.6352490309203,-46.6060593591848;-23.6328908584029,-46.6050373925733;-23.6352449 -46.6060678;-23.6328855 -46.6050517;282;67;51
28;Thu Mar 14 21:34:41 2019;-23.6352490309203,-46.6060593591848;-23.6328908584029,-46.6050373925733;-23.6352449 -46.6060678;-23.6328855 -46.6050517;282;67;51
29;Thu Mar 14 21:35:41 2019;-23.6352490309203,-46.6060593591848;-23.6328908584029,-46.6050373925733;-23.6352449 -46.6060678;-23.6328855 -46.6050517;282;67;51
30;Thu Mar 14 21:36:41 2019;-23.6352490309203,-46.6060593591848;-23.6328908584029,-46.6050373925733;-23.6352449 -46.6060678;-23.6328855 -46.6050517;282;67;51
31;Thu Mar 14 21:37:42 2019;-23.6352490309203,-46.6060593591848;-23.6328908584029,-46.6050373925733;-23.6352449 -46.6060678;-23.6328855 -46.6050517;282;67;53
32;Thu Mar 14 21:38:41 2019;-23.6352490309203,-46.6060593591848;-23.6328908584029,-46.6050373925733;-23.6352449 -46.6060678;-23.6328855 -46.6050517;282;67;54
33;Thu Mar 14 21:39:41 2019;-23.6352490309203,-46.6060593591848;-23.6328908584029,-46.6050373925733;-23.6352449 -46.6060678;-23.6328855 -46.6050517;282;67;53
34;Thu Mar 14 21:40:41 2019;-23.6352490309203,-46.6060593591848;-23.6328908584029,-46.6050373925733;-23.6352449 -46.6060678;-23.6328855 -46.6050517;282;67;53
35;Thu Mar 14 21:41:41 2019;-23.6352490309203,-46.6060593591848;-23.6328908584029,-46.6050373925733;-23.6352449 -46.6060678;-23.6328855 -46.6050517;282;67;53
36;Thu Mar 14 21:42:41 2019;-23.6352490309203,-46.6060593591848;-23.6328908584029,-46.6050373925733;-23.6352449 -46.6060678;-23.6328855 -46.6050517;282;67;53
37;Thu Mar 14 21:43:41 2019;-23.6352490309203,-46.6060593591848;-23.6328908584029,-46.6050373925733;-23.6352449 -46.6060678;-23.6328855 -46.6050517;282;67;53
38;Thu Mar 14 21:44:41 2019;-23.6352490309203,-46.6060593591848;-23.6328908584029,-46.6050373925733;-23.6352449 -46.6060678;-23.6328855 -46.6050517;282;67;51
39;Thu Mar 14 21:45:41 2019;-23.6352490309203,-46.6060593591848;-23.6328908584029,-46.6050373925733;-23.6352449 -46.6060678;-23.6328855 -46.6050517;282;67;51
40;Thu Mar 14 21:46:41 2019;-23.6352490309203,-46.6060593591848;-23.6328908584029,-46.6050373925733;-23.6352449 -46.6060678;-23.6328855 -46.6050517;282;67;52
41;Thu Mar 14 21:47:41 2019;-23.6352490309203,-46.6060593591848;-23.6328908584029,-46.6050373925733;-23.6352449 -46.6060678;-23.6328855 -46.6050517;282;67;51
42;Thu Mar 14 21:48:41 2019;-23.6352490309203,-46.6060593591848;-23.6328908584029,-46.6050373925733;-23.6352449 -46.6060678;-23.6328855 -46.6050517;282;67;51
43;Thu Mar 14 21:49:41 2019;-23.6352490309203,-46.6060593591848;-23.6328908584029,-46.6050373925733;-23.6352449 -46.6060678;-23.6328855 -46.6050517;282;67;50
44;Thu Mar 14 21:50:41 2019;-23.6352490309203,-46.6060593591848;-23.6328908584029,-46.6050373925733;-23.6352449 -46.6060678;-23.6328855 -46.6050517;282;67;47
45;Thu Mar 14 21:51:41 2019;-23.6352490309203,-46.6060593591848;-23.6328908584029,-46.6050373925733;-23.6352449 -46.6060678;-23.6328855 -46.6050517;282;67;47
46;Thu Mar 14 21:52:41 2019;-23.6352490309203,-46.6060593591848;-23.6328908584029,-46.6050373925733;-23.6352449 -46.6060678;-23.6328855 -46.6050517;282;67;47
47;Thu Mar 14 21:53:41 2019;-23.6352490309203,-46.6060593591848;-23.6328908584029,-46.6050373925733;-23.6352449 -46.6060678;-23.6328855 -46.6050517;282;67;48
48;Thu Mar 14 21:54:41 2019;-23.6352490309203,-46.6060593591848;-23.6328908584029,-46.6050373925733;-23.6352449 -46.6060678;-23.6328855 -46.6050517;282;67;48
49;Thu Mar 14 21:55:41 2019;-23.6352490309203,-46.6060593591848;-23.6328908584029,-46.6050373925733;-23.6352449 -46.6060678;-23.6328855 -46.6050517;282;67;48
50;Thu Mar 14 21:56:41 2019;-23.6352490309203,-46.6060593591848;-23.6328908584029,-46.6050373925733;-23.6352449 -46.6060678;-23.6328855 -46.6050517;282;67;46
51;Thu Mar 14 21:57:41 2019;-23.6352490309203,-46.6060593591848;-23.6328908584029,-46.6050373925733;-23.6352449 -46.6060678;-23.6328855 -46.6050517;282;67;46
52;Thu Mar 14 21:58:41 2019;-23.6352490309203,-46.6060593591848;-23.6328908584029,-46.6050373925733;-23.6352449 -46.6060678;-23.6328855 -46.6050517;282;67;46
53;Thu Mar 14 21:59:41 2019;-23.6352490309203,-46.6060593591848;-23.6328908584029,-46.6050373925733;-23.6352449 -46.6060678;-23.6328855 -46.6050517;282;67;46
54;Thu Mar 14 22:00:41 2019;-23.6352490309203,-46.6060593591848;-23.6328908584029,-46.6050373925733;-23.6352449 -46.6060678;-23.6328855 -46.6050517;282;67;47
55;Thu Mar 14 22:01:41 2019;-23.6352490309203,-46.6060593591848;-23.6328908584029,-46.6050373925733;-23.6352449 -46.6060678;-23.6328855 -46.6050517;282;67;45
56;Thu Mar 14 22:02:41 2019;-23.6352490309203,-46.6060593591848;-23.6328908584029,-46.6050373925733;-23.6352449 -46.6060678;-23.6328855 -46.6050517;282;67;47
57;Thu Mar 14 22:03:41 2019;-23.6352490309203,-46.6060593591848;-23.6328908584029,-46.6050373925733;-23.6352449 -46.6060678;-23.6328855 -46.6050517;282;67;47
58;Thu Mar 14 22:04:41 2019;-23.6352490309203,-46.6060593591848;-23.6328908584029,-46.6050373925733;-23.6352449 -46.6060678;-23.6328855 -46.6050517;282;67;48
59;Thu Mar 14 22:05:41 2019;-23.6352490309203,-46.6060593591848;-23.6328908584029,-46.6050373925733;-23.6352449 -46.6060678;-23.6328855 -46.6050517;282;67;48
60;Thu Mar 14 22:06:42 2019;-23.6352490309203,-46.6060593591848;-23.6328908584029,-46.6050373925733;-23.6352449 -46.6060678;-23.6328855 -46.6050517;282;67;47
61;Thu Mar 14 22:07:41 2019;-23.6352490309203,-46.6060593591848;-23.6328908584029,-46.6050373925733;-23.6352449 -46.6060678;-23.6328855 -46.6050517;282;67;49
62;Thu Mar 14 22:08:41 2019;-23.6352490309203,-46.6060593591848;-23.6328908584029,-46.6050373925733;-23.6352449 -46.6060678;-23.6328855 -46.6050517;282;67;50
63;Thu Mar 14 22:09:41 2019;-23.6352490309203,-46.6060593591848;-23.6328908584029,-46.6050373925733;-23.6352449 -46.6060678;-23.6328855 -46.6050517;282;67;49
64;Thu Mar 14 22:10:41 2019;-23.6352490309203,-46.6060593591848;-23.6328908584029,-46.6050373925733;-23.6352449 -46.6060678;-23.6328855 -46.6050517;282;67;50
65;Thu Mar 14 22:11:41 2019;-23.6352490309203,-46.6060593591848;-23.6328908584029,-46.6050373925733;-23.6352449 -46.6060678;-23.6328855 -46.6050517;282;67;50
66;Thu Mar 14 22:12:41 2019;-23.6352490309203,-46.6060593591848;-23.6328908584029,-46.6050373925733;-23.6352449 -46.6060678;-23.6328855 -46.6050517;282;67;50
67;Thu Mar 14 22:13:41 2019;-23.6352490309203,-46.6060593591848;-23.6328908584029,-46.6050373925733;-23.6352449 -46.6060678;-23.6328855 -46.6050517;282;67;49
68;Thu Mar 14 22:14:41 2019;-23.6352490309203,-46.6060593591848;-23.6328908584029,-46.6050373925733;-23.6352449 -46.6060678;-23.6328855 -46.6050517;282;67;49
69;Thu Mar 14 22:15:41 2019;-23.6352490309203,-46.6060593591848;-23.6328908584029,-46.6050373925733;-23.6352449 -46.6060678;-23.6328855 -46.6050517;282;67;49
70;Thu Mar 14 22:16:41 2019;-23.6352490309203,-46.6060593591848;-23.6328908584029,-46.6050373925733;-23.6352449 -46.6060678;-23.6328855 -46.6050517;282;67;49
71;Thu Mar 14 22:17:41 2019;-23.6352490309203,-46.6060593591848;-23.6328908584029,-46.6050373925733;-23.6352449 -46.6060678;-23.6328855 -46.6050517;282;67;49
72;Thu Mar 14 22:18:41 2019;-23.6352490309203,-46.6060593591848;-23.6328908584029,-46.6050373925733;-23.6352449 -46.6060678;-23.6328855 -46.6050517;282;67;49
73;Thu Mar 14 22:19:41 2019;-23.6352490309203,-46.6060593591848;-23.6328908584029,-46.6050373925733;-23.6352449 -46.6060678;-23.6328855 -46.6050517;282;67;49
74;Thu Mar 14 22:20:41 2019;-23.6352490309203,-46.6060593591848;-23.6328908584029,-46.6050373925733;-23.6352449 -46.6060678;-23.6328855 -46.6050517;282;67;50
75;Thu Mar 14 22:21:41 2019;-23.6352490309203,-46.6060593591848;-23.6328908584029,-46.6050373925733;-23.6352449 -46.6060678;-23.6328855 -46.6050517;282;67;50
76;Thu Mar 14 22:22:41 2019;-23.6352490309203,-46.6060593591848;-23.6328908584029,-46.6050373925733;-23.6352449 -46.6060678;-23.6328855 -46.6050517;282;67;50
77;Thu Mar 14 22:23:41 2019;-23.6352490309203,-46.6060593591848;-23.6328908584029,-46.6050373925733;-23.6352449 -46.6060678;-23.6328855 -46.6050517;282;67;50
78;Thu Mar 14 22:24:41 2019;-23.6352490309203,-46.6060593591848;-23.6328908584029,-46.6050373925733;-23.6352449 -46.6060678;-23.6328855 -46.6050517;282;67;50
79;Thu Mar 14 22:25:41 2019;-23.6352490309203,-46.6060593591848;-23.6328908584029,-46.6050373925733;-23.6352449 -46.6060678;-23.6328855 -46.6050517;282;67;50
80;Thu Mar 14 22:26:41 2019;-23.6352490309203,-46.6060593591848;-23.6328908584029,-46.6050373925733;-23.6352449 -46.6060678;-23.6328855 -46.6050517;282;67;50
81;Thu Mar 14 22:27:41 2019;-23.6352490309203,-46.6060593591848;-23.6328908584029,-46.6050373925733;-23.6352449 -46.6060678;-23.6328855 -46.6050517;282;67;50
82;Thu Mar 14 22:28:41 2019;-23.6352490309203,-46.6060593591848;-23.6328908584029,-46.6050373925733;-23.6352449 -46.6060678;-23.6328855 -46.6050517;282;67;50
83;Thu Mar 14 22:29:41 2019;-23.6352490309203,-46.6060593591848;-23.6328908584029,-46.6050373925733;-23.6352449 -46.6060678;-23.6328855 -46.6050517;282;67;51
84;Thu Mar 14 22:30:41 2019;-23.6352490309203,-46.6060593591848;-23.6328908584029,-46.6050373925733;-23.6352449 -46.6060678;-23.6328855 -46.6050517;282;67;49
85;Thu Mar 14 22:31:41 2019;-23.6352490309203,-46.6060593591848;-23.6328908584029,-46.6050373925733;-23.6352449 -46.6060678;-23.6328855 -46.6050517;282;67;50
86;Thu Mar 14 22:32:41 2019;-23.6352490309203,-46.6060593591848;-23.6328908584029,-46.6050373925733;-23.6352449 -46.6060678;-23.6328855 -46.6050517;282;67;48
87;Thu Mar 14 22:33:41 2019;-23.6352490309203,-46.6060593591848;-23.6328908584029,-46.6050373925733;-23.6352449 -46.6060678;-23.6328855 -46.6050517;282;67;49
88;Thu Mar 14 22:34:41 2019;-23.6352490309203,-46.6060593591848;-23.6328908584029,-46.6050373925733;-23.6352449 -46.6060678;-23.6328855 -46.6050517;282;67;49
89;Thu Mar 14 22:35:40 2019;-23.6352490309203,-46.6060593591848;-23.6328908584029,-46.6050373925733;-23.6352449 -46.6060678;-23.6328855 -46.6050517;282;67;49
90;Thu Mar 14 22:36:41 2019;-23.6352490309203,-46.6060593591848;-23.6328908584029,-46.6050373925733;-23.6352449 -46.6060678;-23.6328855 -46.6050517;282;67;47
91;Thu Mar 14 22:37:41 2019;-23.6352490309203,-46.6060593591848;-23.6328908584029,-46.6050373925733;-23.6352449 -46.6060678;-23.6328855 -46.6050517;282;67;48
92;Thu Mar 14 22:38:41 2019;-23.6352490309203,-46.6060593591848;-23.6328908584029,-46.6050373925733;-23.6352449 -46.6060678;-23.6328855 -46.6050517;282;67;48
93;Thu Mar 14 22:39:41 2019;-23.6352490309203,-46.6060593591848;-23.6328908584029,-46.6050373925733;-23.6352449 -46.6060678;-23.6328855 -46.6050517;282;67;47
94;Thu Mar 14 22:40:42 2019;-23.6352490309203,-46.6060593591848;-23.6328908584029,-46.6050373925733;-23.6352449 -46.6060678;-23.6328855 -46.6050517;282;67;47
95;Thu Mar 14 22:41:41 2019;-23.6352490309203,-46.6060593591848;-23.6328908584029,-46.6050373925733;-23.6352449 -46.6060678;-23.6328855 -46.6050517;282;67;46
96;Thu Mar 14 22:42:41 2019;-23.6352490309203,-46.6060593591848;-23.6328908584029,-46.6050373925733;-23.6352449 -46.6060678;-23.6328855 -46.6050517;282;67;46
97;Thu Mar 14 22:43:41 2019;-23.6352490309203,-46.6060593591848;-23.6328908584029,-46.6050373925733;-23.6352449 -46.6060678;-23.6328855 -46.6050517;282;67;46
98;Thu Mar 14 22:44:41 2019;-23.6352490309203,-46.6060593591848;-23.6328908584029,-46.6050373925733;-23.6352449 -46.6060678;-23.6328855 -46.6050517;282;67;46
99;Thu Mar 14 22:45:41 2019;-23.6352490309203,-46.6060593591848;-23.6328908584029,-46.6050373925733;-23.6352449 -46.6060678;-23.6328855 -46.6050517;282;67;46
100;Thu Mar 14 22:46:41 2019;-23.6352490309203,-46.6060593591848;-23.6328908584029,-46.6050373925733;-23.6352449 -46.6060678;-23.6328855 -46.6050517;282;67;45
101;Thu Mar 14 22:47:41 2019;-23.6352490309203,-46.6060593591848;-23.6328908584029,-46.6050373925733;-23.6352449 -46.6060678;-23.6328855 -46.6050517;282;67;46
102;Thu Mar 14 22:48:41 2019;-23.6352490309203,-46.6060593591848;-23.6328908584029,-46.6050373925733;-23.6352449 -46.6060678;-23.6328855 -46.6050517;282;67;45
103;Thu Mar 14 22:49:42 2019;-23.6352490309203,-46.6060593591848;-23.6328908584029,-46.6050373925733;-23.6352449 -46.6060678;-23.6328855 -46.6050517;282;67;45
104;Thu Mar 14 22:50:41 2019;-23.6352490309203,-46.6060593591848;-23.6328908584029,-46.6050373925733;-23.6352449 -46.6060678;-23.6328855 -46.6050517;282;67;45
105;Thu Mar 14 22:51:41 2019;-23.6352490309203,-46.6060593591848;-23.6328908584029,-46.6050373925733;-23.6352449 -46.6060678;-23.6328855 -46.6050517;282;67;45
106;Thu Mar 14 22:52:42 2019;-23.6352490309203,-46.6060593591848;-23.6328908584029,-46.6050373925733;-23.6352449 -46.6060678;-23.6328855 -46.6050517;282;67;51
107;Thu Mar 14 22:53:41 2019;-23.6352490309203,-46.6060593591848;-23.6328908584029,-46.6050373925733;-23.6352449 -46.6060678;-23.6328855 -46.6050517;282;67;51
108;Thu Mar 14 22:54:41 2019;-23.6352490309203,-46.6060593591848;-23.6328908584029,-46.6050373925733;-23.6352449 -46.6060678;-23.6328855 -46.6050517;282;67;52
109;Thu Mar 14 22:55:41 2019;-23.6352490309203,-46.6060593591848;-23.6328908584029,-46.6050373925733;-23.6352449 -46.6060678;-23.6328855 -46.6050517;282;67;51
110;Thu Mar 14 22:56:41 2019;-23.6352490309203,-46.6060593591848;-23.6328908584029,-46.6050373925733;-23.6352449 -46.6060678;-23.6328855 -46.6050517;282;67;50
111;Thu Mar 14 22:57:42 2019;-23.6352490309203,-46.6060593591848;-23.6328908584029,-46.6050373925733;-23.6352449 -46.6060678;-23.6328855 -46.6050517;282;67;49
112;Thu Mar 14 22:58:41 2019;-23.6352490309203,-46.6060593591848;-23.6328908584029,-46.6050373925733;-23.6352449 -46.6060678;-23.6328855 -46.6050517;282;67;44
113;Thu Mar 14 22:59:41 2019;-23.6352490309203,-46.6060593591848;-23.6328908584029,-46.6050373925733;-23.6352449 -46.6060678;-23.6328855 -46.6050517;282;67;46
114;Thu Mar 14 23:00:41 2019;-23.6352490309203,-46.6060593591848;-23.6328908584029,-46.6050373925733;-23.6352449 -46.6060678;-23.6328855 -46.6050517;282;67;47
115;Thu Mar 14 23:01:41 2019;-23.6352490309203,-46.6060593591848;-23.6328908584029,-46.6050373925733;-23.6352449 -46.6060678;-23.6328855 -46.6050517;282;67;46
116;Thu Mar 14 23:02:41 2019;-23.6352490309203,-46.6060593591848;-23.6328908584029,-46.6050373925733;-23.6352449 -46.6060678;-23.6328855 -46.6050517;282;67;46
117;Thu Mar 14 23:03:41 2019;-23.6352490309203,-46.6060593591848;-23.6328908584029,-46.6050373925733;-23.6352449 -46.6060678;-23.6328855 -46.6050517;282;67;48
118;Thu Mar 14 23:04:41 2019;-23.6352490309203,-46.6060593591848;-23.6328908584029,-46.6050373925733;-23.6352449 -46.6060678;-23.6328855 -46.6050517;282;67;48
119;Thu Mar 14 23:05:41 2019;-23.6352490309203,-46.6060593591848;-23.6328908584029,-46.6050373925733;-23.6352449 -46.6060678;-23.6328855 -46.6050517;282;67;48
120;Thu Mar 14 23:06:40 2019;-23.6352490309203,-46.6060593591848;-23.6328908584029,-46.6050373925733;-23.6352449 -46.6060678;-23.6328855 -46.6050517;282;67;48
121;Thu Mar 14 23:07:41 2019;-23.6352490309203,-46.6060593591848;-23.6328908584029,-46.6050373925733;-23.6352449 -46.6060678;-23.6328855 -46.6050517;282;67;50
122;Thu Mar 14 23:08:41 2019;-23.6352490309203,-46.6060593591848;-23.6328908584029,-46.6050373925733;-23.6352449 -46.6060678;-23.6328855 -46.6050517;282;67;50
123;Thu Mar 14 23:09:41 2019;-23.6352490309203,-46.6060593591848;-23.6328908584029,-46.6050373925733;-23.6352449 -46.6060678;-23.6328855 -46.6050517;282;67;49
124;Thu Mar 14 23:10:41 2019;-23.6352490309203,-46.6060593591848;-23.6328908584029,-46.6050373925733;-23.6352449 -46.6060678;-23.6328855 -46.6050517;282;67;48
125;Thu Mar 14 23:11:41 2019;-23.6352490309203,-46.6060593591848;-23.6328908584029,-46.6050373925733;-23.6352449 -46.6060678;-23.6328855 -46.6050517;282;67;48
126;Thu Mar 14 23:12:41 2019;-23.6352490309203,-46.6060593591848;-23.6328908584029,-46.6050373925733;-23.6352449 -46.6060678;-23.6328855 -46.6050517;282;67;48
127;Thu Mar 14 23:13:40 2019;-23.6352490309203,-46.6060593591848;-23.6328908584029,-46.6050373925733;-23.6352449 -46.6060678;-23.6328855 -46.6050517;282;67;49
128;Thu Mar 14 23:14:41 2019;-23.6352490309203,-46.6060593591848;-23.6328908584029,-46.6050373925733;-23.6352449 -46.6060678;-23.6328855 -46.6050517;282;67;48
129;Thu Mar 14 23:15:41 2019;-23.6352490309203,-46.6060593591848;-23.6328908584029,-46.6050373925733;-23.6352449 -46.6060678;-23.6328855 -46.6050517;282;67;48
130;Thu Mar 14 23:16:41 2019;-23.6352490309203,-46.6060593591848;-23.6328908584029,-46.6050373925733;-23.6352449 -46.6060678;-23.6328855 -46.6050517;282;67;48
131;Thu Mar 14 23:17:41 2019;-23.6352490309203,-46.6060593591848;-23.6328908584029,-46.6050373925733;-23.6352449 -46.6060678;-23.6328855 -46.6050517;282;67;47
132;Thu Mar 14 23:18:41 2019;-23.6352490309203,-46.6060593591848;-23.6328908584029,-46.6050373925733;-23.6352449 -46.6060678;-23.6328855 -46.6050517;282;67;45
133;Thu Mar 14 23:19:40 2019;-23.6352490309203,-46.6060593591848;-23.6328908584029,-46.6050373925733;-23.6352449 -46.6060678;-23.6328855 -46.6050517;282;67;45
134;Thu Mar 14 23:20:41 2019;-23.6352490309203,-46.6060593591848;-23.6328908584029,-46.6050373925733;-23.6352449 -46.6060678;-23.6328855 -46.6050517;282;67;45
135;Thu Mar 14 23:21:41 2019;-23.6352490309203,-46.6060593591848;-23.6328908584029,-46.6050373925733;-23.6352449 -46.6060678;-23.6328855 -46.6050517;282;67;45
136;Thu Mar 14 23:22:41 2019;-23.6352490309203,-46.6060593591848;-23.6328908584029,-46.6050373925733;-23.6352449 -46.6060678;-23.6328855 -46.6050517;282;67;46
137;Thu Mar 14 23:23:41 2019;-23.6352490309203,-46.6060593591848;-23.6328908584029,-46.6050373925733;-23.6352449 -46.6060678;-23.6328855 -46.6050517;282;67;46
138;Thu Mar 14 23:24:41 2019;-23.6352490309203,-46.6060593591848;-23.6328908584029,-46.6050373925733;-23.6352449 -46.6060678;-23.6328855 -46.6050517;282;67;43
139;Thu Mar 14 23:25:41 2019;-23.6352490309203,-46.6060593591848;-23.6328908584029,-46.6050373925733;-23.6352449 -46.6060678;-23.6328855 -46.6050517;282;67;43
140;Thu Mar 14 23:26:41 2019;-23.6352490309203,-46.6060593591848;-23.6328908584029,-46.6050373925733;-23.6352449 -46.6060678;-23.6328855 -46.6050517;282;67;43
141;Thu Mar 14 23:27:41 2019;-23.6352490309203,-46.6060593591848;-23.6328908584029,-46.6050373925733;-23.6352449 -46.6060678;-23.6328855 -46.6050517;282;67;43
142;Thu Mar 14 23:28:41 2019;-23.6352490309203,-46.6060593591848;-23.6328908584029,-46.6050373925733;-23.6352449 -46.6060678;-23.6328855 -46.6050517;282;67;44
143;Thu Mar 14 23:29:41 2019;-23.6352490309203,-46.6060593591848;-23.6328908584029,-46.6050373925733;-23.6352449 -46.6060678;-23.6328855 -46.6050517;282;67;44
144;Thu Mar 14 23:30:41 2019;-23.6352490309203,-46.6060593591848;-23.6328908584029,-46.6050373925733;-23.6352449 -46.6060678;-23.6328855 -46.6050517;282;67;43
145;Thu Mar 14 23:31:41 2019;-23.6352490309203,-46.6060593591848;-23.6328908584029,-46.6050373925733;-23.6352449 -46.6060678;-23.6328855 -46.6050517;282;67;43
146;Thu Mar 14 23:32:41 2019;-23.6352490309203,-46.6060593591848;-23.6328908584029,-46.6050373925733;-23.6352449 -46.6060678;-23.6328855 -46.6050517;282;67;42
147;Thu Mar 14 23:33:41 2019;-23.6352490309203,-46.6060593591848;-23.6328908584029,-46.6050373925733;-23.6352449 -46.6060678;-23.6328855 -46.6050517;282;67;42
148;Thu Mar 14 23:34:41 2019;-23.6352490309203,-46.6060593591848;-23.6328908584029,-46.6050373925733;-23.6352449 -46.6060678;-23.6328855 -46.6050517;282;67;43
149;Thu Mar 14 23:35:41 2019;-23.6352490309203,-46.6060593591848;-23.6328908584029,-46.6050373925733;-23.6352449 -46.6060678;-23.6328855 -46.6050517;282;67;43
150;Thu Mar 14 23:36:41 2019;-23.6352490309203,-46.6060593591848;-23.6328908584029,-46.6050373925733;-23.6352449 -46.6060678;-23.6328855 -46.6050517;282;67;42
151;Thu Mar 14 23:37:41 2019;-23.6352490309203,-46.6060593591848;-23.6328908584029,-46.6050373925733;-23.6352449 -46.6060678;-23.6328855 -46.6050517;282;67;42
152;Thu Mar 14 23:38:41 2019;-23.6352490309203,-46.6060593591848;-23.6328908584029,-46.6050373925733;-23.6352449 -46.6060678;-23.6328855 -46.6050517;282;67;42
153;Thu Mar 14 23:39:41 2019;-23.6352490309203,-46.6060593591848;-23.6328908584029,-46.6050373925733;-23.6352449 -46.6060678;-23.6328855 -46.6050517;282;67;42
154;Thu Mar 14 23:40:41 2019;-23.6352490309203,-46.6060593591848;-23.6328908584029,-46.6050373925733;-23.6352449 -46.6060678;-23.6328855 -46.6050517;282;67;41
155;Thu Mar 14 23:41:41 2019;-23.6352490309203,-46.6060593591848;-23.6328908584029,-46.6050373925733;-23.6352449 -46.6060678;-23.6328855 -46.6050517;282;67;41
156;Thu Mar 14 23:42:41 2019;-23.6352490309203,-46.6060593591848;-23.6328908584029,-46.6050373925733;-23.6352449 -46.6060678;-23.6328855 -46.6050517;282;67;42
157;Thu Mar 14 23:43:41 2019;-23.6352490309203,-46.6060593591848;-23.6328908584029,-46.6050373925733;-23.6352449 -46.6060678;-23.6328855 -46.6050517;282;67;42
158;Thu Mar 14 23:44:41 2019;-23.6352490309203,-46.6060593591848;-23.6328908584029,-46.6050373925733;-23.6352449 -46.6060678;-23.6328855 -46.6050517;282;67;41
159;Thu Mar 14 23:45:41 2019;-23.6352490309203,-46.6060593591848;-23.6328908584029,-46.6050373925733;-23.6352449 -46.6060678;-23.6328855 -46.6050517;282;67;41
160;Thu Mar 14 23:46:41 2019;-23.6352490309203,-46.6060593591848;-23.6328908584029,-46.6050373925733;-23.6352449 -46.6060678;-23.6328855 -46.6050517;282;67;40
161;Thu Mar 14 23:47:41 2019;-23.6352490309203,-46.6060593591848;-23.6328908584029,-46.6050373925733;-23.6352449 -46.6060678;-23.6328855 -46.6050517;282;67;40
162;Thu Mar 14 23:48:41 2019;-23.6352490309203,-46.6060593591848;-23.6328908584029,-46.6050373925733;-23.6352449 -46.6060678;-23.6328855 -46.6050517;282;67;40
163;Thu Mar 14 23:49:41 2019;-23.6352490309203,-46.6060593591848;-23.6328908584029,-46.6050373925733;-23.6352449 -46.6060678;-23.6328855 -46.6050517;282;67;40
164;Thu Mar 14 23:50:41 2019;-23.6352490309203,-46.6060593591848;-23.6328908584029,-46.6050373925733;-23.6352449 -46.6060678;-23.6328855 -46.6050517;282;67;41
165;Thu Mar 14 23:51:41 2019;-23.6352490309203,-46.6060593591848;-23.6328908584029,-46.6050373925733;-23.6352449 -46.6060678;-23.6328855 -46.6050517;282;67;42
166;Thu Mar 14 23:52:41 2019;-23.6352490309203,-46.6060593591848;-23.6328908584029,-46.6050373925733;-23.6352449 -46.6060678;-23.6328855 -46.6050517;282;67;41
167;Thu Mar 14 23:53:41 2019;-23.6352490309203,-46.6060593591848;-23.6328908584029,-46.6050373925733;-23.6352449 -46.6060678;-23.6328855 -46.6050517;282;67;42
168;Thu Mar 14 23:54:41 2019;-23.6352490309203,-46.6060593591848;-23.6328908584029,-46.6050373925733;-23.6352449 -46.6060678;-23.6328855 -46.6050517;282;67;41
169;Thu Mar 14 23:55:41 2019;-23.6352490309203,-46.6060593591848;-23.6328908584029,-46.6050373925733;-23.6352449 -46.6060678;-23.6328855 -46.6050517;282;67;41
170;Thu Mar 14 23:56:41 2019;-23.6352490309203,-46.6060593591848;-23.6328908584029,-46.6050373925733;-23.6352449 -46.6060678;-23.6328855 -46.6050517;282;67;39
171;Thu Mar 14 23:57:41 2019;-23.6352490309203,-46.6060593591848;-23.6328908584029,-46.6050373925733;-23.6352449 -46.6060678;-23.6328855 -46.6050517;282;67;39
172;Thu Mar 14 23:58:41 2019;-23.6352490309203,-46.6060593591848;-23.6328908584029,-46.6050373925733;-23.6352449 -46.6060678;-23.6328855 -46.6050517;282;67;39
173;Thu Mar 14 23:59:41 2019;-23.6352490309203,-46.6060593591848;-23.6328908584029,-46.6050373925733;-23.6352449 -46.6060678;-23.6328855 -46.6050517;282;67;39
