38972;Thu Mar 14 00:00:09 2019;-23.5955448934394,-46.617134202324;-23.5954838261225,-46.6174758224958;-23.5955759 -46.6171751;-23.5954876 -46.6174751;34;4;3
39213;Thu Mar 14 04:01:14 2019;-23.5955448934394,-46.617134202324;-23.5954838261225,-46.6174758224958;-23.5955759 -46.6171751;-23.5954876 -46.6174751;34;4;3
39214;Thu Mar 14 04:02:09 2019;-23.5955448934394,-46.617134202324;-23.5954838261225,-46.6174758224958;-23.5955759 -46.6171751;-23.5954876 -46.6174751;34;4;3
39215;Thu Mar 14 04:03:09 2019;-23.5955448934394,-46.617134202324;-23.5954838261225,-46.6174758224958;-23.5955759 -46.6171751;-23.5954876 -46.6174751;34;4;3
39216;Thu Mar 14 04:04:09 2019;-23.5955448934394,-46.617134202324;-23.5954838261225,-46.6174758224958;-23.5955759 -46.6171751;-23.5954876 -46.6174751;34;4;3
39217;Thu Mar 14 04:05:09 2019;-23.5955448934394,-46.617134202324;-23.5954838261225,-46.6174758224958;-23.5955759 -46.6171751;-23.5954876 -46.6174751;34;4;3
39218;Thu Mar 14 04:06:09 2019;-23.5955448934394,-46.617134202324;-23.5954838261225,-46.6174758224958;-23.5955759 -46.6171751;-23.5954876 -46.6174751;34;4;3
39219;Thu Mar 14 04:07:09 2019;-23.5955448934394,-46.617134202324;-23.5954838261225,-46.6174758224958;-23.5955759 -46.6171751;-23.5954876 -46.6174751;34;4;3
39220;Thu Mar 14 04:08:09 2019;-23.5955448934394,-46.617134202324;-23.5954838261225,-46.6174758224958;-23.5955759 -46.6171751;-23.5954876 -46.6174751;34;4;3
39221;Thu Mar 14 04:09:09 2019;-23.5955448934394,-46.617134202324;-23.5954838261225,-46.6174758224958;-23.5955759 -46.6171751;-23.5954876 -46.6174751;34;4;3
39222;Thu Mar 14 04:10:09 2019;-23.5955448934394,-46.617134202324;-23.5954838261225,-46.6174758224958;-23.5955759 -46.6171751;-23.5954876 -46.6174751;34;4;3
1;Thu Mar 14 21:07:47 2019;-23.5955448934394,-46.617134202324;-23.5954838261225,-46.6174758224958;-23.5955759 -46.6171751;-23.5954876 -46.6174751;34;4;4
2;Thu Mar 14 21:08:46 2019;-23.5955448934394,-46.617134202324;-23.5954838261225,-46.6174758224958;-23.5955759 -46.6171751;-23.5954876 -46.6174751;34;4;4
3;Thu Mar 14 21:09:43 2019;-23.5955448934394,-46.617134202324;-23.5954838261225,-46.6174758224958;-23.5955759 -46.6171751;-23.5954876 -46.6174751;34;4;4
4;Thu Mar 14 21:10:42 2019;-23.5955448934394,-46.617134202324;-23.5954838261225,-46.6174758224958;-23.5955759 -46.6171751;-23.5954876 -46.6174751;34;4;4
5;Thu Mar 14 21:11:43 2019;-23.5955448934394,-46.617134202324;-23.5954838261225,-46.6174758224958;-23.5955759 -46.6171751;-23.5954876 -46.6174751;34;4;4
6;Thu Mar 14 21:12:42 2019;-23.5955448934394,-46.617134202324;-23.5954838261225,-46.6174758224958;-23.5955759 -46.6171751;-23.5954876 -46.6174751;34;4;4
7;Thu Mar 14 21:13:43 2019;-23.5955448934394,-46.617134202324;-23.5954838261225,-46.6174758224958;-23.5955759 -46.6171751;-23.5954876 -46.6174751;34;4;4
8;Thu Mar 14 21:14:43 2019;-23.5955448934394,-46.617134202324;-23.5954838261225,-46.6174758224958;-23.5955759 -46.6171751;-23.5954876 -46.6174751;34;4;4
9;Thu Mar 14 21:15:43 2019;-23.5955448934394,-46.617134202324;-23.5954838261225,-46.6174758224958;-23.5955759 -46.6171751;-23.5954876 -46.6174751;34;4;4
10;Thu Mar 14 21:16:43 2019;-23.5955448934394,-46.617134202324;-23.5954838261225,-46.6174758224958;-23.5955759 -46.6171751;-23.5954876 -46.6174751;34;4;4
11;Thu Mar 14 21:17:43 2019;-23.5955448934394,-46.617134202324;-23.5954838261225,-46.6174758224958;-23.5955759 -46.6171751;-23.5954876 -46.6174751;34;4;3
12;Thu Mar 14 21:18:43 2019;-23.5955448934394,-46.617134202324;-23.5954838261225,-46.6174758224958;-23.5955759 -46.6171751;-23.5954876 -46.6174751;34;4;3
13;Thu Mar 14 21:19:43 2019;-23.5955448934394,-46.617134202324;-23.5954838261225,-46.6174758224958;-23.5955759 -46.6171751;-23.5954876 -46.6174751;34;4;3
14;Thu Mar 14 21:20:43 2019;-23.5955448934394,-46.617134202324;-23.5954838261225,-46.6174758224958;-23.5955759 -46.6171751;-23.5954876 -46.6174751;34;4;3
15;Thu Mar 14 21:21:44 2019;-23.5955448934394,-46.617134202324;-23.5954838261225,-46.6174758224958;-23.5955759 -46.6171751;-23.5954876 -46.6174751;34;4;3
16;Thu Mar 14 21:22:46 2019;-23.5955448934394,-46.617134202324;-23.5954838261225,-46.6174758224958;-23.5955759 -46.6171751;-23.5954876 -46.6174751;34;4;3
17;Thu Mar 14 21:23:43 2019;-23.5955448934394,-46.617134202324;-23.5954838261225,-46.6174758224958;-23.5955759 -46.6171751;-23.5954876 -46.6174751;34;4;3
18;Thu Mar 14 21:24:43 2019;-23.5955448934394,-46.617134202324;-23.5954838261225,-46.6174758224958;-23.5955759 -46.6171751;-23.5954876 -46.6174751;34;4;3
19;Thu Mar 14 21:25:43 2019;-23.5955448934394,-46.617134202324;-23.5954838261225,-46.6174758224958;-23.5955759 -46.6171751;-23.5954876 -46.6174751;34;4;3
20;Thu Mar 14 21:26:43 2019;-23.5955448934394,-46.617134202324;-23.5954838261225,-46.6174758224958;-23.5955759 -46.6171751;-23.5954876 -46.6174751;34;4;3
21;Thu Mar 14 21:27:43 2019;-23.5955448934394,-46.617134202324;-23.5954838261225,-46.6174758224958;-23.5955759 -46.6171751;-23.5954876 -46.6174751;34;4;3
22;Thu Mar 14 21:28:43 2019;-23.5955448934394,-46.617134202324;-23.5954838261225,-46.6174758224958;-23.5955759 -46.6171751;-23.5954876 -46.6174751;34;4;3
23;Thu Mar 14 21:29:43 2019;-23.5955448934394,-46.617134202324;-23.5954838261225,-46.6174758224958;-23.5955759 -46.6171751;-23.5954876 -46.6174751;34;4;3
24;Thu Mar 14 21:30:43 2019;-23.5955448934394,-46.617134202324;-23.5954838261225,-46.6174758224958;-23.5955759 -46.6171751;-23.5954876 -46.6174751;34;4;3
25;Thu Mar 14 21:31:43 2019;-23.5955448934394,-46.617134202324;-23.5954838261225,-46.6174758224958;-23.5955759 -46.6171751;-23.5954876 -46.6174751;34;4;3
26;Thu Mar 14 21:32:43 2019;-23.5955448934394,-46.617134202324;-23.5954838261225,-46.6174758224958;-23.5955759 -46.6171751;-23.5954876 -46.6174751;34;4;3
27;Thu Mar 14 21:33:43 2019;-23.5955448934394,-46.617134202324;-23.5954838261225,-46.6174758224958;-23.5955759 -46.6171751;-23.5954876 -46.6174751;34;4;3
28;Thu Mar 14 21:34:43 2019;-23.5955448934394,-46.617134202324;-23.5954838261225,-46.6174758224958;-23.5955759 -46.6171751;-23.5954876 -46.6174751;34;4;3
29;Thu Mar 14 21:35:43 2019;-23.5955448934394,-46.617134202324;-23.5954838261225,-46.6174758224958;-23.5955759 -46.6171751;-23.5954876 -46.6174751;34;4;3
30;Thu Mar 14 21:36:43 2019;-23.5955448934394,-46.617134202324;-23.5954838261225,-46.6174758224958;-23.5955759 -46.6171751;-23.5954876 -46.6174751;34;4;3
31;Thu Mar 14 21:37:47 2019;-23.5955448934394,-46.617134202324;-23.5954838261225,-46.6174758224958;-23.5955759 -46.6171751;-23.5954876 -46.6174751;34;4;3
32;Thu Mar 14 21:38:43 2019;-23.5955448934394,-46.617134202324;-23.5954838261225,-46.6174758224958;-23.5955759 -46.6171751;-23.5954876 -46.6174751;34;4;3
33;Thu Mar 14 21:39:43 2019;-23.5955448934394,-46.617134202324;-23.5954838261225,-46.6174758224958;-23.5955759 -46.6171751;-23.5954876 -46.6174751;34;4;3
34;Thu Mar 14 21:40:42 2019;-23.5955448934394,-46.617134202324;-23.5954838261225,-46.6174758224958;-23.5955759 -46.6171751;-23.5954876 -46.6174751;34;4;3
35;Thu Mar 14 21:41:43 2019;-23.5955448934394,-46.617134202324;-23.5954838261225,-46.6174758224958;-23.5955759 -46.6171751;-23.5954876 -46.6174751;34;4;3
36;Thu Mar 14 21:42:43 2019;-23.5955448934394,-46.617134202324;-23.5954838261225,-46.6174758224958;-23.5955759 -46.6171751;-23.5954876 -46.6174751;34;4;3
37;Thu Mar 14 21:43:43 2019;-23.5955448934394,-46.617134202324;-23.5954838261225,-46.6174758224958;-23.5955759 -46.6171751;-23.5954876 -46.6174751;34;4;3
38;Thu Mar 14 21:44:43 2019;-23.5955448934394,-46.617134202324;-23.5954838261225,-46.6174758224958;-23.5955759 -46.6171751;-23.5954876 -46.6174751;34;4;3
39;Thu Mar 14 21:45:43 2019;-23.5955448934394,-46.617134202324;-23.5954838261225,-46.6174758224958;-23.5955759 -46.6171751;-23.5954876 -46.6174751;34;4;3
40;Thu Mar 14 21:46:43 2019;-23.5955448934394,-46.617134202324;-23.5954838261225,-46.6174758224958;-23.5955759 -46.6171751;-23.5954876 -46.6174751;34;4;3
41;Thu Mar 14 21:47:43 2019;-23.5955448934394,-46.617134202324;-23.5954838261225,-46.6174758224958;-23.5955759 -46.6171751;-23.5954876 -46.6174751;34;4;3
42;Thu Mar 14 21:48:43 2019;-23.5955448934394,-46.617134202324;-23.5954838261225,-46.6174758224958;-23.5955759 -46.6171751;-23.5954876 -46.6174751;34;4;3
43;Thu Mar 14 21:49:43 2019;-23.5955448934394,-46.617134202324;-23.5954838261225,-46.6174758224958;-23.5955759 -46.6171751;-23.5954876 -46.6174751;34;4;3
44;Thu Mar 14 21:50:43 2019;-23.5955448934394,-46.617134202324;-23.5954838261225,-46.6174758224958;-23.5955759 -46.6171751;-23.5954876 -46.6174751;34;4;3
45;Thu Mar 14 21:51:42 2019;-23.5955448934394,-46.617134202324;-23.5954838261225,-46.6174758224958;-23.5955759 -46.6171751;-23.5954876 -46.6174751;34;4;3
46;Thu Mar 14 21:52:46 2019;-23.5955448934394,-46.617134202324;-23.5954838261225,-46.6174758224958;-23.5955759 -46.6171751;-23.5954876 -46.6174751;34;4;3
47;Thu Mar 14 21:53:43 2019;-23.5955448934394,-46.617134202324;-23.5954838261225,-46.6174758224958;-23.5955759 -46.6171751;-23.5954876 -46.6174751;34;4;3
48;Thu Mar 14 21:54:43 2019;-23.5955448934394,-46.617134202324;-23.5954838261225,-46.6174758224958;-23.5955759 -46.6171751;-23.5954876 -46.6174751;34;4;3
49;Thu Mar 14 21:55:43 2019;-23.5955448934394,-46.617134202324;-23.5954838261225,-46.6174758224958;-23.5955759 -46.6171751;-23.5954876 -46.6174751;34;4;3
50;Thu Mar 14 21:56:42 2019;-23.5955448934394,-46.617134202324;-23.5954838261225,-46.6174758224958;-23.5955759 -46.6171751;-23.5954876 -46.6174751;34;4;3
51;Thu Mar 14 21:57:43 2019;-23.5955448934394,-46.617134202324;-23.5954838261225,-46.6174758224958;-23.5955759 -46.6171751;-23.5954876 -46.6174751;34;4;4
52;Thu Mar 14 21:58:43 2019;-23.5955448934394,-46.617134202324;-23.5954838261225,-46.6174758224958;-23.5955759 -46.6171751;-23.5954876 -46.6174751;34;4;4
53;Thu Mar 14 21:59:43 2019;-23.5955448934394,-46.617134202324;-23.5954838261225,-46.6174758224958;-23.5955759 -46.6171751;-23.5954876 -46.6174751;34;4;4
54;Thu Mar 14 22:00:43 2019;-23.5955448934394,-46.617134202324;-23.5954838261225,-46.6174758224958;-23.5955759 -46.6171751;-23.5954876 -46.6174751;34;4;4
55;Thu Mar 14 22:01:42 2019;-23.5955448934394,-46.617134202324;-23.5954838261225,-46.6174758224958;-23.5955759 -46.6171751;-23.5954876 -46.6174751;34;4;4
56;Thu Mar 14 22:02:43 2019;-23.5955448934394,-46.617134202324;-23.5954838261225,-46.6174758224958;-23.5955759 -46.6171751;-23.5954876 -46.6174751;34;4;4
57;Thu Mar 14 22:03:42 2019;-23.5955448934394,-46.617134202324;-23.5954838261225,-46.6174758224958;-23.5955759 -46.6171751;-23.5954876 -46.6174751;34;4;4
58;Thu Mar 14 22:04:43 2019;-23.5955448934394,-46.617134202324;-23.5954838261225,-46.6174758224958;-23.5955759 -46.6171751;-23.5954876 -46.6174751;34;4;4
59;Thu Mar 14 22:05:42 2019;-23.5955448934394,-46.617134202324;-23.5954838261225,-46.6174758224958;-23.5955759 -46.6171751;-23.5954876 -46.6174751;34;4;3
60;Thu Mar 14 22:06:43 2019;-23.5955448934394,-46.617134202324;-23.5954838261225,-46.6174758224958;-23.5955759 -46.6171751;-23.5954876 -46.6174751;34;4;3
61;Thu Mar 14 22:07:46 2019;-23.5955448934394,-46.617134202324;-23.5954838261225,-46.6174758224958;-23.5955759 -46.6171751;-23.5954876 -46.6174751;34;4;3
62;Thu Mar 14 22:08:43 2019;-23.5955448934394,-46.617134202324;-23.5954838261225,-46.6174758224958;-23.5955759 -46.6171751;-23.5954876 -46.6174751;34;4;3
63;Thu Mar 14 22:09:43 2019;-23.5955448934394,-46.617134202324;-23.5954838261225,-46.6174758224958;-23.5955759 -46.6171751;-23.5954876 -46.6174751;34;4;4
64;Thu Mar 14 22:10:43 2019;-23.5955448934394,-46.617134202324;-23.5954838261225,-46.6174758224958;-23.5955759 -46.6171751;-23.5954876 -46.6174751;34;4;4
65;Thu Mar 14 22:11:43 2019;-23.5955448934394,-46.617134202324;-23.5954838261225,-46.6174758224958;-23.5955759 -46.6171751;-23.5954876 -46.6174751;34;4;4
66;Thu Mar 14 22:12:42 2019;-23.5955448934394,-46.617134202324;-23.5954838261225,-46.6174758224958;-23.5955759 -46.6171751;-23.5954876 -46.6174751;34;4;4
67;Thu Mar 14 22:13:43 2019;-23.5955448934394,-46.617134202324;-23.5954838261225,-46.6174758224958;-23.5955759 -46.6171751;-23.5954876 -46.6174751;34;4;4
68;Thu Mar 14 22:14:43 2019;-23.5955448934394,-46.617134202324;-23.5954838261225,-46.6174758224958;-23.5955759 -46.6171751;-23.5954876 -46.6174751;34;4;4
69;Thu Mar 14 22:15:42 2019;-23.5955448934394,-46.617134202324;-23.5954838261225,-46.6174758224958;-23.5955759 -46.6171751;-23.5954876 -46.6174751;34;4;4
70;Thu Mar 14 22:16:43 2019;-23.5955448934394,-46.617134202324;-23.5954838261225,-46.6174758224958;-23.5955759 -46.6171751;-23.5954876 -46.6174751;34;4;4
71;Thu Mar 14 22:17:43 2019;-23.5955448934394,-46.617134202324;-23.5954838261225,-46.6174758224958;-23.5955759 -46.6171751;-23.5954876 -46.6174751;34;4;4
72;Thu Mar 14 22:18:43 2019;-23.5955448934394,-46.617134202324;-23.5954838261225,-46.6174758224958;-23.5955759 -46.6171751;-23.5954876 -46.6174751;34;4;4
73;Thu Mar 14 22:19:43 2019;-23.5955448934394,-46.617134202324;-23.5954838261225,-46.6174758224958;-23.5955759 -46.6171751;-23.5954876 -46.6174751;34;4;4
74;Thu Mar 14 22:20:43 2019;-23.5955448934394,-46.617134202324;-23.5954838261225,-46.6174758224958;-23.5955759 -46.6171751;-23.5954876 -46.6174751;34;4;4
75;Thu Mar 14 22:21:43 2019;-23.5955448934394,-46.617134202324;-23.5954838261225,-46.6174758224958;-23.5955759 -46.6171751;-23.5954876 -46.6174751;34;4;4
76;Thu Mar 14 22:22:47 2019;-23.5955448934394,-46.617134202324;-23.5954838261225,-46.6174758224958;-23.5955759 -46.6171751;-23.5954876 -46.6174751;34;4;4
77;Thu Mar 14 22:23:43 2019;-23.5955448934394,-46.617134202324;-23.5954838261225,-46.6174758224958;-23.5955759 -46.6171751;-23.5954876 -46.6174751;34;4;3
78;Thu Mar 14 22:24:42 2019;-23.5955448934394,-46.617134202324;-23.5954838261225,-46.6174758224958;-23.5955759 -46.6171751;-23.5954876 -46.6174751;34;4;3
79;Thu Mar 14 22:25:43 2019;-23.5955448934394,-46.617134202324;-23.5954838261225,-46.6174758224958;-23.5955759 -46.6171751;-23.5954876 -46.6174751;34;4;3
80;Thu Mar 14 22:26:43 2019;-23.5955448934394,-46.617134202324;-23.5954838261225,-46.6174758224958;-23.5955759 -46.6171751;-23.5954876 -46.6174751;34;4;3
81;Thu Mar 14 22:27:43 2019;-23.5955448934394,-46.617134202324;-23.5954838261225,-46.6174758224958;-23.5955759 -46.6171751;-23.5954876 -46.6174751;34;4;3
82;Thu Mar 14 22:28:43 2019;-23.5955448934394,-46.617134202324;-23.5954838261225,-46.6174758224958;-23.5955759 -46.6171751;-23.5954876 -46.6174751;34;4;3
83;Thu Mar 14 22:29:43 2019;-23.5955448934394,-46.617134202324;-23.5954838261225,-46.6174758224958;-23.5955759 -46.6171751;-23.5954876 -46.6174751;34;4;3
84;Thu Mar 14 22:30:43 2019;-23.5955448934394,-46.617134202324;-23.5954838261225,-46.6174758224958;-23.5955759 -46.6171751;-23.5954876 -46.6174751;34;4;3
85;Thu Mar 14 22:31:44 2019;-23.5955448934394,-46.617134202324;-23.5954838261225,-46.6174758224958;-23.5955759 -46.6171751;-23.5954876 -46.6174751;34;4;3
86;Thu Mar 14 22:32:43 2019;-23.5955448934394,-46.617134202324;-23.5954838261225,-46.6174758224958;-23.5955759 -46.6171751;-23.5954876 -46.6174751;34;4;3
87;Thu Mar 14 22:33:43 2019;-23.5955448934394,-46.617134202324;-23.5954838261225,-46.6174758224958;-23.5955759 -46.6171751;-23.5954876 -46.6174751;34;4;3
88;Thu Mar 14 22:34:42 2019;-23.5955448934394,-46.617134202324;-23.5954838261225,-46.6174758224958;-23.5955759 -46.6171751;-23.5954876 -46.6174751;34;4;3
89;Thu Mar 14 22:35:42 2019;-23.5955448934394,-46.617134202324;-23.5954838261225,-46.6174758224958;-23.5955759 -46.6171751;-23.5954876 -46.6174751;34;4;3
90;Thu Mar 14 22:36:43 2019;-23.5955448934394,-46.617134202324;-23.5954838261225,-46.6174758224958;-23.5955759 -46.6171751;-23.5954876 -46.6174751;34;4;3
91;Thu Mar 14 22:37:46 2019;-23.5955448934394,-46.617134202324;-23.5954838261225,-46.6174758224958;-23.5955759 -46.6171751;-23.5954876 -46.6174751;34;4;3
92;Thu Mar 14 22:38:43 2019;-23.5955448934394,-46.617134202324;-23.5954838261225,-46.6174758224958;-23.5955759 -46.6171751;-23.5954876 -46.6174751;34;4;3
93;Thu Mar 14 22:39:43 2019;-23.5955448934394,-46.617134202324;-23.5954838261225,-46.6174758224958;-23.5955759 -46.6171751;-23.5954876 -46.6174751;34;4;3
94;Thu Mar 14 22:40:43 2019;-23.5955448934394,-46.617134202324;-23.5954838261225,-46.6174758224958;-23.5955759 -46.6171751;-23.5954876 -46.6174751;34;4;3
95;Thu Mar 14 22:41:42 2019;-23.5955448934394,-46.617134202324;-23.5954838261225,-46.6174758224958;-23.5955759 -46.6171751;-23.5954876 -46.6174751;34;4;3
96;Thu Mar 14 22:42:42 2019;-23.5955448934394,-46.617134202324;-23.5954838261225,-46.6174758224958;-23.5955759 -46.6171751;-23.5954876 -46.6174751;34;4;3
97;Thu Mar 14 22:43:43 2019;-23.5955448934394,-46.617134202324;-23.5954838261225,-46.6174758224958;-23.5955759 -46.6171751;-23.5954876 -46.6174751;34;4;3
98;Thu Mar 14 22:44:43 2019;-23.5955448934394,-46.617134202324;-23.5954838261225,-46.6174758224958;-23.5955759 -46.6171751;-23.5954876 -46.6174751;34;4;3
99;Thu Mar 14 22:45:43 2019;-23.5955448934394,-46.617134202324;-23.5954838261225,-46.6174758224958;-23.5955759 -46.6171751;-23.5954876 -46.6174751;34;4;3
100;Thu Mar 14 22:46:43 2019;-23.5955448934394,-46.617134202324;-23.5954838261225,-46.6174758224958;-23.5955759 -46.6171751;-23.5954876 -46.6174751;34;4;3
101;Thu Mar 14 22:47:43 2019;-23.5955448934394,-46.617134202324;-23.5954838261225,-46.6174758224958;-23.5955759 -46.6171751;-23.5954876 -46.6174751;34;4;3
102;Thu Mar 14 22:48:43 2019;-23.5955448934394,-46.617134202324;-23.5954838261225,-46.6174758224958;-23.5955759 -46.6171751;-23.5954876 -46.6174751;34;4;3
103;Thu Mar 14 22:49:43 2019;-23.5955448934394,-46.617134202324;-23.5954838261225,-46.6174758224958;-23.5955759 -46.6171751;-23.5954876 -46.6174751;34;4;3
104;Thu Mar 14 22:50:43 2019;-23.5955448934394,-46.617134202324;-23.5954838261225,-46.6174758224958;-23.5955759 -46.6171751;-23.5954876 -46.6174751;34;4;3
105;Thu Mar 14 22:51:43 2019;-23.5955448934394,-46.617134202324;-23.5954838261225,-46.6174758224958;-23.5955759 -46.6171751;-23.5954876 -46.6174751;34;4;3
106;Thu Mar 14 22:52:47 2019;-23.5955448934394,-46.617134202324;-23.5954838261225,-46.6174758224958;-23.5955759 -46.6171751;-23.5954876 -46.6174751;34;4;3
107;Thu Mar 14 22:53:42 2019;-23.5955448934394,-46.617134202324;-23.5954838261225,-46.6174758224958;-23.5955759 -46.6171751;-23.5954876 -46.6174751;34;4;3
108;Thu Mar 14 22:54:43 2019;-23.5955448934394,-46.617134202324;-23.5954838261225,-46.6174758224958;-23.5955759 -46.6171751;-23.5954876 -46.6174751;34;4;3
109;Thu Mar 14 22:55:43 2019;-23.5955448934394,-46.617134202324;-23.5954838261225,-46.6174758224958;-23.5955759 -46.6171751;-23.5954876 -46.6174751;34;4;3
110;Thu Mar 14 22:56:42 2019;-23.5955448934394,-46.617134202324;-23.5954838261225,-46.6174758224958;-23.5955759 -46.6171751;-23.5954876 -46.6174751;34;4;3
111;Thu Mar 14 22:57:43 2019;-23.5955448934394,-46.617134202324;-23.5954838261225,-46.6174758224958;-23.5955759 -46.6171751;-23.5954876 -46.6174751;34;4;3
112;Thu Mar 14 22:58:42 2019;-23.5955448934394,-46.617134202324;-23.5954838261225,-46.6174758224958;-23.5955759 -46.6171751;-23.5954876 -46.6174751;34;4;3
113;Thu Mar 14 22:59:43 2019;-23.5955448934394,-46.617134202324;-23.5954838261225,-46.6174758224958;-23.5955759 -46.6171751;-23.5954876 -46.6174751;34;4;3
114;Thu Mar 14 23:00:43 2019;-23.5955448934394,-46.617134202324;-23.5954838261225,-46.6174758224958;-23.5955759 -46.6171751;-23.5954876 -46.6174751;34;4;4
115;Thu Mar 14 23:01:42 2019;-23.5955448934394,-46.617134202324;-23.5954838261225,-46.6174758224958;-23.5955759 -46.6171751;-23.5954876 -46.6174751;34;4;4
116;Thu Mar 14 23:02:43 2019;-23.5955448934394,-46.617134202324;-23.5954838261225,-46.6174758224958;-23.5955759 -46.6171751;-23.5954876 -46.6174751;34;4;4
117;Thu Mar 14 23:03:42 2019;-23.5955448934394,-46.617134202324;-23.5954838261225,-46.6174758224958;-23.5955759 -46.6171751;-23.5954876 -46.6174751;34;4;4
118;Thu Mar 14 23:04:43 2019;-23.5955448934394,-46.617134202324;-23.5954838261225,-46.6174758224958;-23.5955759 -46.6171751;-23.5954876 -46.6174751;34;4;4
119;Thu Mar 14 23:05:43 2019;-23.5955448934394,-46.617134202324;-23.5954838261225,-46.6174758224958;-23.5955759 -46.6171751;-23.5954876 -46.6174751;34;4;4
120;Thu Mar 14 23:06:42 2019;-23.5955448934394,-46.617134202324;-23.5954838261225,-46.6174758224958;-23.5955759 -46.6171751;-23.5954876 -46.6174751;34;4;4
121;Thu Mar 14 23:07:46 2019;-23.5955448934394,-46.617134202324;-23.5954838261225,-46.6174758224958;-23.5955759 -46.6171751;-23.5954876 -46.6174751;34;4;3
122;Thu Mar 14 23:08:43 2019;-23.5955448934394,-46.617134202324;-23.5954838261225,-46.6174758224958;-23.5955759 -46.6171751;-23.5954876 -46.6174751;34;4;3
123;Thu Mar 14 23:09:43 2019;-23.5955448934394,-46.617134202324;-23.5954838261225,-46.6174758224958;-23.5955759 -46.6171751;-23.5954876 -46.6174751;34;4;3
124;Thu Mar 14 23:10:43 2019;-23.5955448934394,-46.617134202324;-23.5954838261225,-46.6174758224958;-23.5955759 -46.6171751;-23.5954876 -46.6174751;34;4;3
125;Thu Mar 14 23:11:43 2019;-23.5955448934394,-46.617134202324;-23.5954838261225,-46.6174758224958;-23.5955759 -46.6171751;-23.5954876 -46.6174751;34;4;4
126;Thu Mar 14 23:12:42 2019;-23.5955448934394,-46.617134202324;-23.5954838261225,-46.6174758224958;-23.5955759 -46.6171751;-23.5954876 -46.6174751;34;4;4
127;Thu Mar 14 23:13:42 2019;-23.5955448934394,-46.617134202324;-23.5954838261225,-46.6174758224958;-23.5955759 -46.6171751;-23.5954876 -46.6174751;34;4;4
128;Thu Mar 14 23:14:43 2019;-23.5955448934394,-46.617134202324;-23.5954838261225,-46.6174758224958;-23.5955759 -46.6171751;-23.5954876 -46.6174751;34;4;4
129;Thu Mar 14 23:15:43 2019;-23.5955448934394,-46.617134202324;-23.5954838261225,-46.6174758224958;-23.5955759 -46.6171751;-23.5954876 -46.6174751;34;4;4
130;Thu Mar 14 23:16:42 2019;-23.5955448934394,-46.617134202324;-23.5954838261225,-46.6174758224958;-23.5955759 -46.6171751;-23.5954876 -46.6174751;34;4;4
131;Thu Mar 14 23:17:43 2019;-23.5955448934394,-46.617134202324;-23.5954838261225,-46.6174758224958;-23.5955759 -46.6171751;-23.5954876 -46.6174751;34;4;4
132;Thu Mar 14 23:18:43 2019;-23.5955448934394,-46.617134202324;-23.5954838261225,-46.6174758224958;-23.5955759 -46.6171751;-23.5954876 -46.6174751;34;4;4
133;Thu Mar 14 23:19:42 2019;-23.5955448934394,-46.617134202324;-23.5954838261225,-46.6174758224958;-23.5955759 -46.6171751;-23.5954876 -46.6174751;34;4;4
134;Thu Mar 14 23:20:42 2019;-23.5955448934394,-46.617134202324;-23.5954838261225,-46.6174758224958;-23.5955759 -46.6171751;-23.5954876 -46.6174751;34;4;4
135;Thu Mar 14 23:21:43 2019;-23.5955448934394,-46.617134202324;-23.5954838261225,-46.6174758224958;-23.5955759 -46.6171751;-23.5954876 -46.6174751;34;4;4
136;Thu Mar 14 23:22:45 2019;-23.5955448934394,-46.617134202324;-23.5954838261225,-46.6174758224958;-23.5955759 -46.6171751;-23.5954876 -46.6174751;34;4;3
137;Thu Mar 14 23:23:43 2019;-23.5955448934394,-46.617134202324;-23.5954838261225,-46.6174758224958;-23.5955759 -46.6171751;-23.5954876 -46.6174751;34;4;3
138;Thu Mar 14 23:24:42 2019;-23.5955448934394,-46.617134202324;-23.5954838261225,-46.6174758224958;-23.5955759 -46.6171751;-23.5954876 -46.6174751;34;4;3
139;Thu Mar 14 23:25:43 2019;-23.5955448934394,-46.617134202324;-23.5954838261225,-46.6174758224958;-23.5955759 -46.6171751;-23.5954876 -46.6174751;34;4;3
140;Thu Mar 14 23:26:42 2019;-23.5955448934394,-46.617134202324;-23.5954838261225,-46.6174758224958;-23.5955759 -46.6171751;-23.5954876 -46.6174751;34;4;3
141;Thu Mar 14 23:27:43 2019;-23.5955448934394,-46.617134202324;-23.5954838261225,-46.6174758224958;-23.5955759 -46.6171751;-23.5954876 -46.6174751;34;4;3
142;Thu Mar 14 23:28:42 2019;-23.5955448934394,-46.617134202324;-23.5954838261225,-46.6174758224958;-23.5955759 -46.6171751;-23.5954876 -46.6174751;34;4;3
143;Thu Mar 14 23:29:42 2019;-23.5955448934394,-46.617134202324;-23.5954838261225,-46.6174758224958;-23.5955759 -46.6171751;-23.5954876 -46.6174751;34;4;3
144;Thu Mar 14 23:30:43 2019;-23.5955448934394,-46.617134202324;-23.5954838261225,-46.6174758224958;-23.5955759 -46.6171751;-23.5954876 -46.6174751;34;4;3
145;Thu Mar 14 23:31:43 2019;-23.5955448934394,-46.617134202324;-23.5954838261225,-46.6174758224958;-23.5955759 -46.6171751;-23.5954876 -46.6174751;34;4;3
146;Thu Mar 14 23:32:42 2019;-23.5955448934394,-46.617134202324;-23.5954838261225,-46.6174758224958;-23.5955759 -46.6171751;-23.5954876 -46.6174751;34;4;3
147;Thu Mar 14 23:33:43 2019;-23.5955448934394,-46.617134202324;-23.5954838261225,-46.6174758224958;-23.5955759 -46.6171751;-23.5954876 -46.6174751;34;4;3
148;Thu Mar 14 23:34:42 2019;-23.5955448934394,-46.617134202324;-23.5954838261225,-46.6174758224958;-23.5955759 -46.6171751;-23.5954876 -46.6174751;34;4;3
149;Thu Mar 14 23:35:43 2019;-23.5955448934394,-46.617134202324;-23.5954838261225,-46.6174758224958;-23.5955759 -46.6171751;-23.5954876 -46.6174751;34;4;3
150;Thu Mar 14 23:36:43 2019;-23.5955448934394,-46.617134202324;-23.5954838261225,-46.6174758224958;-23.5955759 -46.6171751;-23.5954876 -46.6174751;34;4;3
151;Thu Mar 14 23:37:45 2019;-23.5955448934394,-46.617134202324;-23.5954838261225,-46.6174758224958;-23.5955759 -46.6171751;-23.5954876 -46.6174751;34;4;3
152;Thu Mar 14 23:38:43 2019;-23.5955448934394,-46.617134202324;-23.5954838261225,-46.6174758224958;-23.5955759 -46.6171751;-23.5954876 -46.6174751;34;4;3
153;Thu Mar 14 23:39:42 2019;-23.5955448934394,-46.617134202324;-23.5954838261225,-46.6174758224958;-23.5955759 -46.6171751;-23.5954876 -46.6174751;34;4;3
154;Thu Mar 14 23:40:42 2019;-23.5955448934394,-46.617134202324;-23.5954838261225,-46.6174758224958;-23.5955759 -46.6171751;-23.5954876 -46.6174751;34;4;3
155;Thu Mar 14 23:41:43 2019;-23.5955448934394,-46.617134202324;-23.5954838261225,-46.6174758224958;-23.5955759 -46.6171751;-23.5954876 -46.6174751;34;4;3
156;Thu Mar 14 23:42:43 2019;-23.5955448934394,-46.617134202324;-23.5954838261225,-46.6174758224958;-23.5955759 -46.6171751;-23.5954876 -46.6174751;34;4;3
157;Thu Mar 14 23:43:43 2019;-23.5955448934394,-46.617134202324;-23.5954838261225,-46.6174758224958;-23.5955759 -46.6171751;-23.5954876 -46.6174751;34;4;3
158;Thu Mar 14 23:44:43 2019;-23.5955448934394,-46.617134202324;-23.5954838261225,-46.6174758224958;-23.5955759 -46.6171751;-23.5954876 -46.6174751;34;4;3
159;Thu Mar 14 23:45:42 2019;-23.5955448934394,-46.617134202324;-23.5954838261225,-46.6174758224958;-23.5955759 -46.6171751;-23.5954876 -46.6174751;34;4;3
160;Thu Mar 14 23:46:43 2019;-23.5955448934394,-46.617134202324;-23.5954838261225,-46.6174758224958;-23.5955759 -46.6171751;-23.5954876 -46.6174751;34;4;3
161;Thu Mar 14 23:47:43 2019;-23.5955448934394,-46.617134202324;-23.5954838261225,-46.6174758224958;-23.5955759 -46.6171751;-23.5954876 -46.6174751;34;4;3
162;Thu Mar 14 23:48:43 2019;-23.5955448934394,-46.617134202324;-23.5954838261225,-46.6174758224958;-23.5955759 -46.6171751;-23.5954876 -46.6174751;34;4;3
163;Thu Mar 14 23:49:43 2019;-23.5955448934394,-46.617134202324;-23.5954838261225,-46.6174758224958;-23.5955759 -46.6171751;-23.5954876 -46.6174751;34;4;3
164;Thu Mar 14 23:50:43 2019;-23.5955448934394,-46.617134202324;-23.5954838261225,-46.6174758224958;-23.5955759 -46.6171751;-23.5954876 -46.6174751;34;4;3
165;Thu Mar 14 23:51:43 2019;-23.5955448934394,-46.617134202324;-23.5954838261225,-46.6174758224958;-23.5955759 -46.6171751;-23.5954876 -46.6174751;34;4;3
166;Thu Mar 14 23:52:45 2019;-23.5955448934394,-46.617134202324;-23.5954838261225,-46.6174758224958;-23.5955759 -46.6171751;-23.5954876 -46.6174751;34;4;3
167;Thu Mar 14 23:53:43 2019;-23.5955448934394,-46.617134202324;-23.5954838261225,-46.6174758224958;-23.5955759 -46.6171751;-23.5954876 -46.6174751;34;4;3
168;Thu Mar 14 23:54:42 2019;-23.5955448934394,-46.617134202324;-23.5954838261225,-46.6174758224958;-23.5955759 -46.6171751;-23.5954876 -46.6174751;34;4;3
169;Thu Mar 14 23:55:43 2019;-23.5955448934394,-46.617134202324;-23.5954838261225,-46.6174758224958;-23.5955759 -46.6171751;-23.5954876 -46.6174751;34;4;3
170;Thu Mar 14 23:56:43 2019;-23.5955448934394,-46.617134202324;-23.5954838261225,-46.6174758224958;-23.5955759 -46.6171751;-23.5954876 -46.6174751;34;4;3
171;Thu Mar 14 23:57:43 2019;-23.5955448934394,-46.617134202324;-23.5954838261225,-46.6174758224958;-23.5955759 -46.6171751;-23.5954876 -46.6174751;34;4;3
172;Thu Mar 14 23:58:43 2019;-23.5955448934394,-46.617134202324;-23.5954838261225,-46.6174758224958;-23.5955759 -46.6171751;-23.5954876 -46.6174751;34;4;3
173;Thu Mar 14 23:59:43 2019;-23.5955448934394,-46.617134202324;-23.5954838261225,-46.6174758224958;-23.5955759 -46.6171751;-23.5954876 -46.6174751;34;4;3
