38972;Thu Mar 14 00:00:09 2019;-23.5982853004579,-46.6158408373559;-23.5964170809876,-46.6165202977249;-23.5982894 -46.6158233;-23.5964338 -46.6165287;230;28;24
39213;Thu Mar 14 04:01:13 2019;-23.5982853004579,-46.6158408373559;-23.5964170809876,-46.6165202977249;-23.5982894 -46.6158233;-23.5964338 -46.6165287;230;28;23
39214;Thu Mar 14 04:02:09 2019;-23.5982853004579,-46.6158408373559;-23.5964170809876,-46.6165202977249;-23.5982894 -46.6158233;-23.5964338 -46.6165287;230;28;23
39215;Thu Mar 14 04:03:09 2019;-23.5982853004579,-46.6158408373559;-23.5964170809876,-46.6165202977249;-23.5982894 -46.6158233;-23.5964338 -46.6165287;230;28;23
39216;Thu Mar 14 04:04:09 2019;-23.5982853004579,-46.6158408373559;-23.5964170809876,-46.6165202977249;-23.5982894 -46.6158233;-23.5964338 -46.6165287;230;28;23
39217;Thu Mar 14 04:05:09 2019;-23.5982853004579,-46.6158408373559;-23.5964170809876,-46.6165202977249;-23.5982894 -46.6158233;-23.5964338 -46.6165287;230;28;23
39218;Thu Mar 14 04:06:09 2019;-23.5982853004579,-46.6158408373559;-23.5964170809876,-46.6165202977249;-23.5982894 -46.6158233;-23.5964338 -46.6165287;230;28;23
39219;Thu Mar 14 04:07:09 2019;-23.5982853004579,-46.6158408373559;-23.5964170809876,-46.6165202977249;-23.5982894 -46.6158233;-23.5964338 -46.6165287;230;28;23
39220;Thu Mar 14 04:08:09 2019;-23.5982853004579,-46.6158408373559;-23.5964170809876,-46.6165202977249;-23.5982894 -46.6158233;-23.5964338 -46.6165287;230;28;23
39221;Thu Mar 14 04:09:09 2019;-23.5982853004579,-46.6158408373559;-23.5964170809876,-46.6165202977249;-23.5982894 -46.6158233;-23.5964338 -46.6165287;230;28;23
39222;Thu Mar 14 04:10:09 2019;-23.5982853004579,-46.6158408373559;-23.5964170809876,-46.6165202977249;-23.5982894 -46.6158233;-23.5964338 -46.6165287;230;28;23
1;Thu Mar 14 21:07:47 2019;-23.5982853004579,-46.6158408373559;-23.5964170809876,-46.6165202977249;-23.5982894 -46.6158233;-23.5964338 -46.6165287;230;28;26
2;Thu Mar 14 21:08:45 2019;-23.5982853004579,-46.6158408373559;-23.5964170809876,-46.6165202977249;-23.5982894 -46.6158233;-23.5964338 -46.6165287;230;28;26
3;Thu Mar 14 21:09:42 2019;-23.5982853004579,-46.6158408373559;-23.5964170809876,-46.6165202977249;-23.5982894 -46.6158233;-23.5964338 -46.6165287;230;28;26
4;Thu Mar 14 21:10:42 2019;-23.5982853004579,-46.6158408373559;-23.5964170809876,-46.6165202977249;-23.5982894 -46.6158233;-23.5964338 -46.6165287;230;28;26
5;Thu Mar 14 21:11:43 2019;-23.5982853004579,-46.6158408373559;-23.5964170809876,-46.6165202977249;-23.5982894 -46.6158233;-23.5964338 -46.6165287;230;28;26
6;Thu Mar 14 21:12:42 2019;-23.5982853004579,-46.6158408373559;-23.5964170809876,-46.6165202977249;-23.5982894 -46.6158233;-23.5964338 -46.6165287;230;28;26
7;Thu Mar 14 21:13:43 2019;-23.5982853004579,-46.6158408373559;-23.5964170809876,-46.6165202977249;-23.5982894 -46.6158233;-23.5964338 -46.6165287;230;28;26
8;Thu Mar 14 21:14:43 2019;-23.5982853004579,-46.6158408373559;-23.5964170809876,-46.6165202977249;-23.5982894 -46.6158233;-23.5964338 -46.6165287;230;28;26
9;Thu Mar 14 21:15:43 2019;-23.5982853004579,-46.6158408373559;-23.5964170809876,-46.6165202977249;-23.5982894 -46.6158233;-23.5964338 -46.6165287;230;28;26
10;Thu Mar 14 21:16:43 2019;-23.5982853004579,-46.6158408373559;-23.5964170809876,-46.6165202977249;-23.5982894 -46.6158233;-23.5964338 -46.6165287;230;28;26
11;Thu Mar 14 21:17:43 2019;-23.5982853004579,-46.6158408373559;-23.5964170809876,-46.6165202977249;-23.5982894 -46.6158233;-23.5964338 -46.6165287;230;28;26
12;Thu Mar 14 21:18:43 2019;-23.5982853004579,-46.6158408373559;-23.5964170809876,-46.6165202977249;-23.5982894 -46.6158233;-23.5964338 -46.6165287;230;28;26
13;Thu Mar 14 21:19:43 2019;-23.5982853004579,-46.6158408373559;-23.5964170809876,-46.6165202977249;-23.5982894 -46.6158233;-23.5964338 -46.6165287;230;28;26
14;Thu Mar 14 21:20:43 2019;-23.5982853004579,-46.6158408373559;-23.5964170809876,-46.6165202977249;-23.5982894 -46.6158233;-23.5964338 -46.6165287;230;28;26
15;Thu Mar 14 21:21:44 2019;-23.5982853004579,-46.6158408373559;-23.5964170809876,-46.6165202977249;-23.5982894 -46.6158233;-23.5964338 -46.6165287;230;28;26
16;Thu Mar 14 21:22:46 2019;-23.5982853004579,-46.6158408373559;-23.5964170809876,-46.6165202977249;-23.5982894 -46.6158233;-23.5964338 -46.6165287;230;28;26
17;Thu Mar 14 21:23:43 2019;-23.5982853004579,-46.6158408373559;-23.5964170809876,-46.6165202977249;-23.5982894 -46.6158233;-23.5964338 -46.6165287;230;28;26
18;Thu Mar 14 21:24:43 2019;-23.5982853004579,-46.6158408373559;-23.5964170809876,-46.6165202977249;-23.5982894 -46.6158233;-23.5964338 -46.6165287;230;28;26
19;Thu Mar 14 21:25:43 2019;-23.5982853004579,-46.6158408373559;-23.5964170809876,-46.6165202977249;-23.5982894 -46.6158233;-23.5964338 -46.6165287;230;28;26
20;Thu Mar 14 21:26:42 2019;-23.5982853004579,-46.6158408373559;-23.5964170809876,-46.6165202977249;-23.5982894 -46.6158233;-23.5964338 -46.6165287;230;28;26
21;Thu Mar 14 21:27:43 2019;-23.5982853004579,-46.6158408373559;-23.5964170809876,-46.6165202977249;-23.5982894 -46.6158233;-23.5964338 -46.6165287;230;28;26
22;Thu Mar 14 21:28:43 2019;-23.5982853004579,-46.6158408373559;-23.5964170809876,-46.6165202977249;-23.5982894 -46.6158233;-23.5964338 -46.6165287;230;28;26
23;Thu Mar 14 21:29:42 2019;-23.5982853004579,-46.6158408373559;-23.5964170809876,-46.6165202977249;-23.5982894 -46.6158233;-23.5964338 -46.6165287;230;28;26
24;Thu Mar 14 21:30:42 2019;-23.5982853004579,-46.6158408373559;-23.5964170809876,-46.6165202977249;-23.5982894 -46.6158233;-23.5964338 -46.6165287;230;28;26
25;Thu Mar 14 21:31:43 2019;-23.5982853004579,-46.6158408373559;-23.5964170809876,-46.6165202977249;-23.5982894 -46.6158233;-23.5964338 -46.6165287;230;28;26
26;Thu Mar 14 21:32:43 2019;-23.5982853004579,-46.6158408373559;-23.5964170809876,-46.6165202977249;-23.5982894 -46.6158233;-23.5964338 -46.6165287;230;28;26
27;Thu Mar 14 21:33:43 2019;-23.5982853004579,-46.6158408373559;-23.5964170809876,-46.6165202977249;-23.5982894 -46.6158233;-23.5964338 -46.6165287;230;28;26
28;Thu Mar 14 21:34:42 2019;-23.5982853004579,-46.6158408373559;-23.5964170809876,-46.6165202977249;-23.5982894 -46.6158233;-23.5964338 -46.6165287;230;28;26
29;Thu Mar 14 21:35:43 2019;-23.5982853004579,-46.6158408373559;-23.5964170809876,-46.6165202977249;-23.5982894 -46.6158233;-23.5964338 -46.6165287;230;28;26
30;Thu Mar 14 21:36:43 2019;-23.5982853004579,-46.6158408373559;-23.5964170809876,-46.6165202977249;-23.5982894 -46.6158233;-23.5964338 -46.6165287;230;28;26
31;Thu Mar 14 21:37:47 2019;-23.5982853004579,-46.6158408373559;-23.5964170809876,-46.6165202977249;-23.5982894 -46.6158233;-23.5964338 -46.6165287;230;28;25
32;Thu Mar 14 21:38:42 2019;-23.5982853004579,-46.6158408373559;-23.5964170809876,-46.6165202977249;-23.5982894 -46.6158233;-23.5964338 -46.6165287;230;28;25
33;Thu Mar 14 21:39:43 2019;-23.5982853004579,-46.6158408373559;-23.5964170809876,-46.6165202977249;-23.5982894 -46.6158233;-23.5964338 -46.6165287;230;28;25
34;Thu Mar 14 21:40:42 2019;-23.5982853004579,-46.6158408373559;-23.5964170809876,-46.6165202977249;-23.5982894 -46.6158233;-23.5964338 -46.6165287;230;28;25
35;Thu Mar 14 21:41:42 2019;-23.5982853004579,-46.6158408373559;-23.5964170809876,-46.6165202977249;-23.5982894 -46.6158233;-23.5964338 -46.6165287;230;28;25
36;Thu Mar 14 21:42:42 2019;-23.5982853004579,-46.6158408373559;-23.5964170809876,-46.6165202977249;-23.5982894 -46.6158233;-23.5964338 -46.6165287;230;28;25
37;Thu Mar 14 21:43:43 2019;-23.5982853004579,-46.6158408373559;-23.5964170809876,-46.6165202977249;-23.5982894 -46.6158233;-23.5964338 -46.6165287;230;28;25
38;Thu Mar 14 21:44:43 2019;-23.5982853004579,-46.6158408373559;-23.5964170809876,-46.6165202977249;-23.5982894 -46.6158233;-23.5964338 -46.6165287;230;28;25
39;Thu Mar 14 21:45:43 2019;-23.5982853004579,-46.6158408373559;-23.5964170809876,-46.6165202977249;-23.5982894 -46.6158233;-23.5964338 -46.6165287;230;28;25
40;Thu Mar 14 21:46:43 2019;-23.5982853004579,-46.6158408373559;-23.5964170809876,-46.6165202977249;-23.5982894 -46.6158233;-23.5964338 -46.6165287;230;28;25
41;Thu Mar 14 21:47:43 2019;-23.5982853004579,-46.6158408373559;-23.5964170809876,-46.6165202977249;-23.5982894 -46.6158233;-23.5964338 -46.6165287;230;28;25
42;Thu Mar 14 21:48:43 2019;-23.5982853004579,-46.6158408373559;-23.5964170809876,-46.6165202977249;-23.5982894 -46.6158233;-23.5964338 -46.6165287;230;28;24
43;Thu Mar 14 21:49:43 2019;-23.5982853004579,-46.6158408373559;-23.5964170809876,-46.6165202977249;-23.5982894 -46.6158233;-23.5964338 -46.6165287;230;28;25
44;Thu Mar 14 21:50:43 2019;-23.5982853004579,-46.6158408373559;-23.5964170809876,-46.6165202977249;-23.5982894 -46.6158233;-23.5964338 -46.6165287;230;28;25
45;Thu Mar 14 21:51:42 2019;-23.5982853004579,-46.6158408373559;-23.5964170809876,-46.6165202977249;-23.5982894 -46.6158233;-23.5964338 -46.6165287;230;28;24
46;Thu Mar 14 21:52:46 2019;-23.5982853004579,-46.6158408373559;-23.5964170809876,-46.6165202977249;-23.5982894 -46.6158233;-23.5964338 -46.6165287;230;28;24
47;Thu Mar 14 21:53:43 2019;-23.5982853004579,-46.6158408373559;-23.5964170809876,-46.6165202977249;-23.5982894 -46.6158233;-23.5964338 -46.6165287;230;28;24
48;Thu Mar 14 21:54:43 2019;-23.5982853004579,-46.6158408373559;-23.5964170809876,-46.6165202977249;-23.5982894 -46.6158233;-23.5964338 -46.6165287;230;28;24
49;Thu Mar 14 21:55:43 2019;-23.5982853004579,-46.6158408373559;-23.5964170809876,-46.6165202977249;-23.5982894 -46.6158233;-23.5964338 -46.6165287;230;28;24
50;Thu Mar 14 21:56:42 2019;-23.5982853004579,-46.6158408373559;-23.5964170809876,-46.6165202977249;-23.5982894 -46.6158233;-23.5964338 -46.6165287;230;28;24
51;Thu Mar 14 21:57:43 2019;-23.5982853004579,-46.6158408373559;-23.5964170809876,-46.6165202977249;-23.5982894 -46.6158233;-23.5964338 -46.6165287;230;28;24
52;Thu Mar 14 21:58:43 2019;-23.5982853004579,-46.6158408373559;-23.5964170809876,-46.6165202977249;-23.5982894 -46.6158233;-23.5964338 -46.6165287;230;28;24
53;Thu Mar 14 21:59:43 2019;-23.5982853004579,-46.6158408373559;-23.5964170809876,-46.6165202977249;-23.5982894 -46.6158233;-23.5964338 -46.6165287;230;28;24
54;Thu Mar 14 22:00:43 2019;-23.5982853004579,-46.6158408373559;-23.5964170809876,-46.6165202977249;-23.5982894 -46.6158233;-23.5964338 -46.6165287;230;28;24
55;Thu Mar 14 22:01:42 2019;-23.5982853004579,-46.6158408373559;-23.5964170809876,-46.6165202977249;-23.5982894 -46.6158233;-23.5964338 -46.6165287;230;28;24
56;Thu Mar 14 22:02:43 2019;-23.5982853004579,-46.6158408373559;-23.5964170809876,-46.6165202977249;-23.5982894 -46.6158233;-23.5964338 -46.6165287;230;28;24
57;Thu Mar 14 22:03:42 2019;-23.5982853004579,-46.6158408373559;-23.5964170809876,-46.6165202977249;-23.5982894 -46.6158233;-23.5964338 -46.6165287;230;28;24
58;Thu Mar 14 22:04:42 2019;-23.5982853004579,-46.6158408373559;-23.5964170809876,-46.6165202977249;-23.5982894 -46.6158233;-23.5964338 -46.6165287;230;28;24
59;Thu Mar 14 22:05:42 2019;-23.5982853004579,-46.6158408373559;-23.5964170809876,-46.6165202977249;-23.5982894 -46.6158233;-23.5964338 -46.6165287;230;28;24
60;Thu Mar 14 22:06:43 2019;-23.5982853004579,-46.6158408373559;-23.5964170809876,-46.6165202977249;-23.5982894 -46.6158233;-23.5964338 -46.6165287;230;28;24
61;Thu Mar 14 22:07:45 2019;-23.5982853004579,-46.6158408373559;-23.5964170809876,-46.6165202977249;-23.5982894 -46.6158233;-23.5964338 -46.6165287;230;28;24
62;Thu Mar 14 22:08:42 2019;-23.5982853004579,-46.6158408373559;-23.5964170809876,-46.6165202977249;-23.5982894 -46.6158233;-23.5964338 -46.6165287;230;28;24
63;Thu Mar 14 22:09:43 2019;-23.5982853004579,-46.6158408373559;-23.5964170809876,-46.6165202977249;-23.5982894 -46.6158233;-23.5964338 -46.6165287;230;28;24
64;Thu Mar 14 22:10:42 2019;-23.5982853004579,-46.6158408373559;-23.5964170809876,-46.6165202977249;-23.5982894 -46.6158233;-23.5964338 -46.6165287;230;28;24
65;Thu Mar 14 22:11:43 2019;-23.5982853004579,-46.6158408373559;-23.5964170809876,-46.6165202977249;-23.5982894 -46.6158233;-23.5964338 -46.6165287;230;28;24
66;Thu Mar 14 22:12:42 2019;-23.5982853004579,-46.6158408373559;-23.5964170809876,-46.6165202977249;-23.5982894 -46.6158233;-23.5964338 -46.6165287;230;28;24
67;Thu Mar 14 22:13:42 2019;-23.5982853004579,-46.6158408373559;-23.5964170809876,-46.6165202977249;-23.5982894 -46.6158233;-23.5964338 -46.6165287;230;28;24
68;Thu Mar 14 22:14:43 2019;-23.5982853004579,-46.6158408373559;-23.5964170809876,-46.6165202977249;-23.5982894 -46.6158233;-23.5964338 -46.6165287;230;28;24
69;Thu Mar 14 22:15:42 2019;-23.5982853004579,-46.6158408373559;-23.5964170809876,-46.6165202977249;-23.5982894 -46.6158233;-23.5964338 -46.6165287;230;28;24
70;Thu Mar 14 22:16:42 2019;-23.5982853004579,-46.6158408373559;-23.5964170809876,-46.6165202977249;-23.5982894 -46.6158233;-23.5964338 -46.6165287;230;28;24
71;Thu Mar 14 22:17:43 2019;-23.5982853004579,-46.6158408373559;-23.5964170809876,-46.6165202977249;-23.5982894 -46.6158233;-23.5964338 -46.6165287;230;28;24
72;Thu Mar 14 22:18:43 2019;-23.5982853004579,-46.6158408373559;-23.5964170809876,-46.6165202977249;-23.5982894 -46.6158233;-23.5964338 -46.6165287;230;28;24
73;Thu Mar 14 22:19:43 2019;-23.5982853004579,-46.6158408373559;-23.5964170809876,-46.6165202977249;-23.5982894 -46.6158233;-23.5964338 -46.6165287;230;28;25
74;Thu Mar 14 22:20:43 2019;-23.5982853004579,-46.6158408373559;-23.5964170809876,-46.6165202977249;-23.5982894 -46.6158233;-23.5964338 -46.6165287;230;28;25
75;Thu Mar 14 22:21:42 2019;-23.5982853004579,-46.6158408373559;-23.5964170809876,-46.6165202977249;-23.5982894 -46.6158233;-23.5964338 -46.6165287;230;28;25
76;Thu Mar 14 22:22:46 2019;-23.5982853004579,-46.6158408373559;-23.5964170809876,-46.6165202977249;-23.5982894 -46.6158233;-23.5964338 -46.6165287;230;28;24
77;Thu Mar 14 22:23:43 2019;-23.5982853004579,-46.6158408373559;-23.5964170809876,-46.6165202977249;-23.5982894 -46.6158233;-23.5964338 -46.6165287;230;28;24
78;Thu Mar 14 22:24:42 2019;-23.5982853004579,-46.6158408373559;-23.5964170809876,-46.6165202977249;-23.5982894 -46.6158233;-23.5964338 -46.6165287;230;28;24
79;Thu Mar 14 22:25:43 2019;-23.5982853004579,-46.6158408373559;-23.5964170809876,-46.6165202977249;-23.5982894 -46.6158233;-23.5964338 -46.6165287;230;28;24
80;Thu Mar 14 22:26:43 2019;-23.5982853004579,-46.6158408373559;-23.5964170809876,-46.6165202977249;-23.5982894 -46.6158233;-23.5964338 -46.6165287;230;28;24
81;Thu Mar 14 22:27:43 2019;-23.5982853004579,-46.6158408373559;-23.5964170809876,-46.6165202977249;-23.5982894 -46.6158233;-23.5964338 -46.6165287;230;28;24
82;Thu Mar 14 22:28:43 2019;-23.5982853004579,-46.6158408373559;-23.5964170809876,-46.6165202977249;-23.5982894 -46.6158233;-23.5964338 -46.6165287;230;28;24
83;Thu Mar 14 22:29:43 2019;-23.5982853004579,-46.6158408373559;-23.5964170809876,-46.6165202977249;-23.5982894 -46.6158233;-23.5964338 -46.6165287;230;28;24
84;Thu Mar 14 22:30:42 2019;-23.5982853004579,-46.6158408373559;-23.5964170809876,-46.6165202977249;-23.5982894 -46.6158233;-23.5964338 -46.6165287;230;28;24
85;Thu Mar 14 22:31:43 2019;-23.5982853004579,-46.6158408373559;-23.5964170809876,-46.6165202977249;-23.5982894 -46.6158233;-23.5964338 -46.6165287;230;28;24
86;Thu Mar 14 22:32:42 2019;-23.5982853004579,-46.6158408373559;-23.5964170809876,-46.6165202977249;-23.5982894 -46.6158233;-23.5964338 -46.6165287;230;28;24
87;Thu Mar 14 22:33:42 2019;-23.5982853004579,-46.6158408373559;-23.5964170809876,-46.6165202977249;-23.5982894 -46.6158233;-23.5964338 -46.6165287;230;28;24
88;Thu Mar 14 22:34:42 2019;-23.5982853004579,-46.6158408373559;-23.5964170809876,-46.6165202977249;-23.5982894 -46.6158233;-23.5964338 -46.6165287;230;28;24
89;Thu Mar 14 22:35:42 2019;-23.5982853004579,-46.6158408373559;-23.5964170809876,-46.6165202977249;-23.5982894 -46.6158233;-23.5964338 -46.6165287;230;28;24
90;Thu Mar 14 22:36:42 2019;-23.5982853004579,-46.6158408373559;-23.5964170809876,-46.6165202977249;-23.5982894 -46.6158233;-23.5964338 -46.6165287;230;28;24
91;Thu Mar 14 22:37:46 2019;-23.5982853004579,-46.6158408373559;-23.5964170809876,-46.6165202977249;-23.5982894 -46.6158233;-23.5964338 -46.6165287;230;28;24
92;Thu Mar 14 22:38:43 2019;-23.5982853004579,-46.6158408373559;-23.5964170809876,-46.6165202977249;-23.5982894 -46.6158233;-23.5964338 -46.6165287;230;28;24
93;Thu Mar 14 22:39:43 2019;-23.5982853004579,-46.6158408373559;-23.5964170809876,-46.6165202977249;-23.5982894 -46.6158233;-23.5964338 -46.6165287;230;28;24
94;Thu Mar 14 22:40:43 2019;-23.5982853004579,-46.6158408373559;-23.5964170809876,-46.6165202977249;-23.5982894 -46.6158233;-23.5964338 -46.6165287;230;28;24
95;Thu Mar 14 22:41:42 2019;-23.5982853004579,-46.6158408373559;-23.5964170809876,-46.6165202977249;-23.5982894 -46.6158233;-23.5964338 -46.6165287;230;28;24
96;Thu Mar 14 22:42:42 2019;-23.5982853004579,-46.6158408373559;-23.5964170809876,-46.6165202977249;-23.5982894 -46.6158233;-23.5964338 -46.6165287;230;28;24
97;Thu Mar 14 22:43:43 2019;-23.5982853004579,-46.6158408373559;-23.5964170809876,-46.6165202977249;-23.5982894 -46.6158233;-23.5964338 -46.6165287;230;28;23
98;Thu Mar 14 22:44:43 2019;-23.5982853004579,-46.6158408373559;-23.5964170809876,-46.6165202977249;-23.5982894 -46.6158233;-23.5964338 -46.6165287;230;28;23
99;Thu Mar 14 22:45:43 2019;-23.5982853004579,-46.6158408373559;-23.5964170809876,-46.6165202977249;-23.5982894 -46.6158233;-23.5964338 -46.6165287;230;28;23
100;Thu Mar 14 22:46:43 2019;-23.5982853004579,-46.6158408373559;-23.5964170809876,-46.6165202977249;-23.5982894 -46.6158233;-23.5964338 -46.6165287;230;28;23
101;Thu Mar 14 22:47:43 2019;-23.5982853004579,-46.6158408373559;-23.5964170809876,-46.6165202977249;-23.5982894 -46.6158233;-23.5964338 -46.6165287;230;28;23
102;Thu Mar 14 22:48:42 2019;-23.5982853004579,-46.6158408373559;-23.5964170809876,-46.6165202977249;-23.5982894 -46.6158233;-23.5964338 -46.6165287;230;28;23
103;Thu Mar 14 22:49:43 2019;-23.5982853004579,-46.6158408373559;-23.5964170809876,-46.6165202977249;-23.5982894 -46.6158233;-23.5964338 -46.6165287;230;28;23
104;Thu Mar 14 22:50:43 2019;-23.5982853004579,-46.6158408373559;-23.5964170809876,-46.6165202977249;-23.5982894 -46.6158233;-23.5964338 -46.6165287;230;28;23
105;Thu Mar 14 22:51:42 2019;-23.5982853004579,-46.6158408373559;-23.5964170809876,-46.6165202977249;-23.5982894 -46.6158233;-23.5964338 -46.6165287;230;28;23
106;Thu Mar 14 22:52:47 2019;-23.5982853004579,-46.6158408373559;-23.5964170809876,-46.6165202977249;-23.5982894 -46.6158233;-23.5964338 -46.6165287;230;28;24
107;Thu Mar 14 22:53:42 2019;-23.5982853004579,-46.6158408373559;-23.5964170809876,-46.6165202977249;-23.5982894 -46.6158233;-23.5964338 -46.6165287;230;28;24
108;Thu Mar 14 22:54:43 2019;-23.5982853004579,-46.6158408373559;-23.5964170809876,-46.6165202977249;-23.5982894 -46.6158233;-23.5964338 -46.6165287;230;28;24
109;Thu Mar 14 22:55:43 2019;-23.5982853004579,-46.6158408373559;-23.5964170809876,-46.6165202977249;-23.5982894 -46.6158233;-23.5964338 -46.6165287;230;28;24
110;Thu Mar 14 22:56:42 2019;-23.5982853004579,-46.6158408373559;-23.5964170809876,-46.6165202977249;-23.5982894 -46.6158233;-23.5964338 -46.6165287;230;28;24
111;Thu Mar 14 22:57:43 2019;-23.5982853004579,-46.6158408373559;-23.5964170809876,-46.6165202977249;-23.5982894 -46.6158233;-23.5964338 -46.6165287;230;28;24
112;Thu Mar 14 22:58:42 2019;-23.5982853004579,-46.6158408373559;-23.5964170809876,-46.6165202977249;-23.5982894 -46.6158233;-23.5964338 -46.6165287;230;28;24
113;Thu Mar 14 22:59:43 2019;-23.5982853004579,-46.6158408373559;-23.5964170809876,-46.6165202977249;-23.5982894 -46.6158233;-23.5964338 -46.6165287;230;28;24
114;Thu Mar 14 23:00:43 2019;-23.5982853004579,-46.6158408373559;-23.5964170809876,-46.6165202977249;-23.5982894 -46.6158233;-23.5964338 -46.6165287;230;28;24
115;Thu Mar 14 23:01:42 2019;-23.5982853004579,-46.6158408373559;-23.5964170809876,-46.6165202977249;-23.5982894 -46.6158233;-23.5964338 -46.6165287;230;28;24
116;Thu Mar 14 23:02:42 2019;-23.5982853004579,-46.6158408373559;-23.5964170809876,-46.6165202977249;-23.5982894 -46.6158233;-23.5964338 -46.6165287;230;28;24
117;Thu Mar 14 23:03:42 2019;-23.5982853004579,-46.6158408373559;-23.5964170809876,-46.6165202977249;-23.5982894 -46.6158233;-23.5964338 -46.6165287;230;28;24
118;Thu Mar 14 23:04:42 2019;-23.5982853004579,-46.6158408373559;-23.5964170809876,-46.6165202977249;-23.5982894 -46.6158233;-23.5964338 -46.6165287;230;28;25
119;Thu Mar 14 23:05:42 2019;-23.5982853004579,-46.6158408373559;-23.5964170809876,-46.6165202977249;-23.5982894 -46.6158233;-23.5964338 -46.6165287;230;28;25
120;Thu Mar 14 23:06:42 2019;-23.5982853004579,-46.6158408373559;-23.5964170809876,-46.6165202977249;-23.5982894 -46.6158233;-23.5964338 -46.6165287;230;28;25
121;Thu Mar 14 23:07:46 2019;-23.5982853004579,-46.6158408373559;-23.5964170809876,-46.6165202977249;-23.5982894 -46.6158233;-23.5964338 -46.6165287;230;28;24
122;Thu Mar 14 23:08:42 2019;-23.5982853004579,-46.6158408373559;-23.5964170809876,-46.6165202977249;-23.5982894 -46.6158233;-23.5964338 -46.6165287;230;28;24
123;Thu Mar 14 23:09:43 2019;-23.5982853004579,-46.6158408373559;-23.5964170809876,-46.6165202977249;-23.5982894 -46.6158233;-23.5964338 -46.6165287;230;28;24
124;Thu Mar 14 23:10:42 2019;-23.5982853004579,-46.6158408373559;-23.5964170809876,-46.6165202977249;-23.5982894 -46.6158233;-23.5964338 -46.6165287;230;28;24
125;Thu Mar 14 23:11:42 2019;-23.5982853004579,-46.6158408373559;-23.5964170809876,-46.6165202977249;-23.5982894 -46.6158233;-23.5964338 -46.6165287;230;28;26
126;Thu Mar 14 23:12:42 2019;-23.5982853004579,-46.6158408373559;-23.5964170809876,-46.6165202977249;-23.5982894 -46.6158233;-23.5964338 -46.6165287;230;28;25
127;Thu Mar 14 23:13:42 2019;-23.5982853004579,-46.6158408373559;-23.5964170809876,-46.6165202977249;-23.5982894 -46.6158233;-23.5964338 -46.6165287;230;28;25
128;Thu Mar 14 23:14:43 2019;-23.5982853004579,-46.6158408373559;-23.5964170809876,-46.6165202977249;-23.5982894 -46.6158233;-23.5964338 -46.6165287;230;28;25
129;Thu Mar 14 23:15:43 2019;-23.5982853004579,-46.6158408373559;-23.5964170809876,-46.6165202977249;-23.5982894 -46.6158233;-23.5964338 -46.6165287;230;28;25
130;Thu Mar 14 23:16:42 2019;-23.5982853004579,-46.6158408373559;-23.5964170809876,-46.6165202977249;-23.5982894 -46.6158233;-23.5964338 -46.6165287;230;28;24
131;Thu Mar 14 23:17:43 2019;-23.5982853004579,-46.6158408373559;-23.5964170809876,-46.6165202977249;-23.5982894 -46.6158233;-23.5964338 -46.6165287;230;28;24
132;Thu Mar 14 23:18:43 2019;-23.5982853004579,-46.6158408373559;-23.5964170809876,-46.6165202977249;-23.5982894 -46.6158233;-23.5964338 -46.6165287;230;28;24
133;Thu Mar 14 23:19:42 2019;-23.5982853004579,-46.6158408373559;-23.5964170809876,-46.6165202977249;-23.5982894 -46.6158233;-23.5964338 -46.6165287;230;28;24
134;Thu Mar 14 23:20:42 2019;-23.5982853004579,-46.6158408373559;-23.5964170809876,-46.6165202977249;-23.5982894 -46.6158233;-23.5964338 -46.6165287;230;28;24
135;Thu Mar 14 23:21:43 2019;-23.5982853004579,-46.6158408373559;-23.5964170809876,-46.6165202977249;-23.5982894 -46.6158233;-23.5964338 -46.6165287;230;28;24
136;Thu Mar 14 23:22:45 2019;-23.5982853004579,-46.6158408373559;-23.5964170809876,-46.6165202977249;-23.5982894 -46.6158233;-23.5964338 -46.6165287;230;28;24
137;Thu Mar 14 23:23:42 2019;-23.5982853004579,-46.6158408373559;-23.5964170809876,-46.6165202977249;-23.5982894 -46.6158233;-23.5964338 -46.6165287;230;28;24
138;Thu Mar 14 23:24:42 2019;-23.5982853004579,-46.6158408373559;-23.5964170809876,-46.6165202977249;-23.5982894 -46.6158233;-23.5964338 -46.6165287;230;28;24
139;Thu Mar 14 23:25:43 2019;-23.5982853004579,-46.6158408373559;-23.5964170809876,-46.6165202977249;-23.5982894 -46.6158233;-23.5964338 -46.6165287;230;28;24
140;Thu Mar 14 23:26:42 2019;-23.5982853004579,-46.6158408373559;-23.5964170809876,-46.6165202977249;-23.5982894 -46.6158233;-23.5964338 -46.6165287;230;28;24
141;Thu Mar 14 23:27:43 2019;-23.5982853004579,-46.6158408373559;-23.5964170809876,-46.6165202977249;-23.5982894 -46.6158233;-23.5964338 -46.6165287;230;28;24
142;Thu Mar 14 23:28:42 2019;-23.5982853004579,-46.6158408373559;-23.5964170809876,-46.6165202977249;-23.5982894 -46.6158233;-23.5964338 -46.6165287;230;28;24
143;Thu Mar 14 23:29:42 2019;-23.5982853004579,-46.6158408373559;-23.5964170809876,-46.6165202977249;-23.5982894 -46.6158233;-23.5964338 -46.6165287;230;28;24
144;Thu Mar 14 23:30:43 2019;-23.5982853004579,-46.6158408373559;-23.5964170809876,-46.6165202977249;-23.5982894 -46.6158233;-23.5964338 -46.6165287;230;28;24
145;Thu Mar 14 23:31:43 2019;-23.5982853004579,-46.6158408373559;-23.5964170809876,-46.6165202977249;-23.5982894 -46.6158233;-23.5964338 -46.6165287;230;28;24
146;Thu Mar 14 23:32:42 2019;-23.5982853004579,-46.6158408373559;-23.5964170809876,-46.6165202977249;-23.5982894 -46.6158233;-23.5964338 -46.6165287;230;28;23
147;Thu Mar 14 23:33:43 2019;-23.5982853004579,-46.6158408373559;-23.5964170809876,-46.6165202977249;-23.5982894 -46.6158233;-23.5964338 -46.6165287;230;28;24
148;Thu Mar 14 23:34:42 2019;-23.5982853004579,-46.6158408373559;-23.5964170809876,-46.6165202977249;-23.5982894 -46.6158233;-23.5964338 -46.6165287;230;28;24
149;Thu Mar 14 23:35:43 2019;-23.5982853004579,-46.6158408373559;-23.5964170809876,-46.6165202977249;-23.5982894 -46.6158233;-23.5964338 -46.6165287;230;28;24
150;Thu Mar 14 23:36:42 2019;-23.5982853004579,-46.6158408373559;-23.5964170809876,-46.6165202977249;-23.5982894 -46.6158233;-23.5964338 -46.6165287;230;28;24
151;Thu Mar 14 23:37:45 2019;-23.5982853004579,-46.6158408373559;-23.5964170809876,-46.6165202977249;-23.5982894 -46.6158233;-23.5964338 -46.6165287;230;28;24
152;Thu Mar 14 23:38:42 2019;-23.5982853004579,-46.6158408373559;-23.5964170809876,-46.6165202977249;-23.5982894 -46.6158233;-23.5964338 -46.6165287;230;28;24
153;Thu Mar 14 23:39:42 2019;-23.5982853004579,-46.6158408373559;-23.5964170809876,-46.6165202977249;-23.5982894 -46.6158233;-23.5964338 -46.6165287;230;28;24
154;Thu Mar 14 23:40:42 2019;-23.5982853004579,-46.6158408373559;-23.5964170809876,-46.6165202977249;-23.5982894 -46.6158233;-23.5964338 -46.6165287;230;28;24
155;Thu Mar 14 23:41:42 2019;-23.5982853004579,-46.6158408373559;-23.5964170809876,-46.6165202977249;-23.5982894 -46.6158233;-23.5964338 -46.6165287;230;28;24
156;Thu Mar 14 23:42:43 2019;-23.5982853004579,-46.6158408373559;-23.5964170809876,-46.6165202977249;-23.5982894 -46.6158233;-23.5964338 -46.6165287;230;28;24
157;Thu Mar 14 23:43:42 2019;-23.5982853004579,-46.6158408373559;-23.5964170809876,-46.6165202977249;-23.5982894 -46.6158233;-23.5964338 -46.6165287;230;28;24
158;Thu Mar 14 23:44:42 2019;-23.5982853004579,-46.6158408373559;-23.5964170809876,-46.6165202977249;-23.5982894 -46.6158233;-23.5964338 -46.6165287;230;28;24
159;Thu Mar 14 23:45:42 2019;-23.5982853004579,-46.6158408373559;-23.5964170809876,-46.6165202977249;-23.5982894 -46.6158233;-23.5964338 -46.6165287;230;28;24
160;Thu Mar 14 23:46:43 2019;-23.5982853004579,-46.6158408373559;-23.5964170809876,-46.6165202977249;-23.5982894 -46.6158233;-23.5964338 -46.6165287;230;28;24
161;Thu Mar 14 23:47:43 2019;-23.5982853004579,-46.6158408373559;-23.5964170809876,-46.6165202977249;-23.5982894 -46.6158233;-23.5964338 -46.6165287;230;28;24
162;Thu Mar 14 23:48:43 2019;-23.5982853004579,-46.6158408373559;-23.5964170809876,-46.6165202977249;-23.5982894 -46.6158233;-23.5964338 -46.6165287;230;28;24
163;Thu Mar 14 23:49:42 2019;-23.5982853004579,-46.6158408373559;-23.5964170809876,-46.6165202977249;-23.5982894 -46.6158233;-23.5964338 -46.6165287;230;28;24
164;Thu Mar 14 23:50:43 2019;-23.5982853004579,-46.6158408373559;-23.5964170809876,-46.6165202977249;-23.5982894 -46.6158233;-23.5964338 -46.6165287;230;28;24
165;Thu Mar 14 23:51:42 2019;-23.5982853004579,-46.6158408373559;-23.5964170809876,-46.6165202977249;-23.5982894 -46.6158233;-23.5964338 -46.6165287;230;28;24
166;Thu Mar 14 23:52:45 2019;-23.5982853004579,-46.6158408373559;-23.5964170809876,-46.6165202977249;-23.5982894 -46.6158233;-23.5964338 -46.6165287;230;28;25
167;Thu Mar 14 23:53:43 2019;-23.5982853004579,-46.6158408373559;-23.5964170809876,-46.6165202977249;-23.5982894 -46.6158233;-23.5964338 -46.6165287;230;28;25
168;Thu Mar 14 23:54:42 2019;-23.5982853004579,-46.6158408373559;-23.5964170809876,-46.6165202977249;-23.5982894 -46.6158233;-23.5964338 -46.6165287;230;28;25
169;Thu Mar 14 23:55:42 2019;-23.5982853004579,-46.6158408373559;-23.5964170809876,-46.6165202977249;-23.5982894 -46.6158233;-23.5964338 -46.6165287;230;28;25
170;Thu Mar 14 23:56:43 2019;-23.5982853004579,-46.6158408373559;-23.5964170809876,-46.6165202977249;-23.5982894 -46.6158233;-23.5964338 -46.6165287;230;28;25
171;Thu Mar 14 23:57:43 2019;-23.5982853004579,-46.6158408373559;-23.5964170809876,-46.6165202977249;-23.5982894 -46.6158233;-23.5964338 -46.6165287;230;28;25
172;Thu Mar 14 23:58:43 2019;-23.5982853004579,-46.6158408373559;-23.5964170809876,-46.6165202977249;-23.5982894 -46.6158233;-23.5964338 -46.6165287;230;28;25
173;Thu Mar 14 23:59:42 2019;-23.5982853004579,-46.6158408373559;-23.5964170809876,-46.6165202977249;-23.5982894 -46.6158233;-23.5964338 -46.6165287;230;28;25
