38972;Thu Mar 14 00:00:08 2019;-23.6249038312799,-46.6070155404753;-23.6230255317148,-46.6076101830839;-23.6249078 -46.6070313;-23.6230217 -46.6075951;217;51;37
39213;Thu Mar 14 04:01:09 2019;-23.6249038312799,-46.6070155404753;-23.6230255317148,-46.6076101830839;-23.6249078 -46.6070313;-23.6230217 -46.6075951;217;51;30
39214;Thu Mar 14 04:02:08 2019;-23.6249038312799,-46.6070155404753;-23.6230255317148,-46.6076101830839;-23.6249078 -46.6070313;-23.6230217 -46.6075951;217;51;30
39215;Thu Mar 14 04:03:08 2019;-23.6249038312799,-46.6070155404753;-23.6230255317148,-46.6076101830839;-23.6249078 -46.6070313;-23.6230217 -46.6075951;217;51;30
39216;Thu Mar 14 04:04:08 2019;-23.6249038312799,-46.6070155404753;-23.6230255317148,-46.6076101830839;-23.6249078 -46.6070313;-23.6230217 -46.6075951;217;51;30
39217;Thu Mar 14 04:05:08 2019;-23.6249038312799,-46.6070155404753;-23.6230255317148,-46.6076101830839;-23.6249078 -46.6070313;-23.6230217 -46.6075951;217;51;30
39218;Thu Mar 14 04:06:08 2019;-23.6249038312799,-46.6070155404753;-23.6230255317148,-46.6076101830839;-23.6249078 -46.6070313;-23.6230217 -46.6075951;217;51;29
39219;Thu Mar 14 04:07:08 2019;-23.6249038312799,-46.6070155404753;-23.6230255317148,-46.6076101830839;-23.6249078 -46.6070313;-23.6230217 -46.6075951;217;51;29
39220;Thu Mar 14 04:08:08 2019;-23.6249038312799,-46.6070155404753;-23.6230255317148,-46.6076101830839;-23.6249078 -46.6070313;-23.6230217 -46.6075951;217;51;28
39221;Thu Mar 14 04:09:08 2019;-23.6249038312799,-46.6070155404753;-23.6230255317148,-46.6076101830839;-23.6249078 -46.6070313;-23.6230217 -46.6075951;217;51;29
39222;Thu Mar 14 04:10:08 2019;-23.6249038312799,-46.6070155404753;-23.6230255317148,-46.6076101830839;-23.6249078 -46.6070313;-23.6230217 -46.6075951;217;51;29
1;Thu Mar 14 21:07:45 2019;-23.6249038312799,-46.6070155404753;-23.6230255317148,-46.6076101830839;-23.6249078 -46.6070313;-23.6230217 -46.6075951;217;51;48
2;Thu Mar 14 21:08:44 2019;-23.6249038312799,-46.6070155404753;-23.6230255317148,-46.6076101830839;-23.6249078 -46.6070313;-23.6230217 -46.6075951;217;51;49
3;Thu Mar 14 21:09:41 2019;-23.6249038312799,-46.6070155404753;-23.6230255317148,-46.6076101830839;-23.6249078 -46.6070313;-23.6230217 -46.6075951;217;51;50
4;Thu Mar 14 21:10:41 2019;-23.6249038312799,-46.6070155404753;-23.6230255317148,-46.6076101830839;-23.6249078 -46.6070313;-23.6230217 -46.6075951;217;51;50
5;Thu Mar 14 21:11:42 2019;-23.6249038312799,-46.6070155404753;-23.6230255317148,-46.6076101830839;-23.6249078 -46.6070313;-23.6230217 -46.6075951;217;51;49
6;Thu Mar 14 21:12:41 2019;-23.6249038312799,-46.6070155404753;-23.6230255317148,-46.6076101830839;-23.6249078 -46.6070313;-23.6230217 -46.6075951;217;51;48
7;Thu Mar 14 21:13:41 2019;-23.6249038312799,-46.6070155404753;-23.6230255317148,-46.6076101830839;-23.6249078 -46.6070313;-23.6230217 -46.6075951;217;51;43
8;Thu Mar 14 21:14:42 2019;-23.6249038312799,-46.6070155404753;-23.6230255317148,-46.6076101830839;-23.6249078 -46.6070313;-23.6230217 -46.6075951;217;51;43
9;Thu Mar 14 21:15:41 2019;-23.6249038312799,-46.6070155404753;-23.6230255317148,-46.6076101830839;-23.6249078 -46.6070313;-23.6230217 -46.6075951;217;51;43
10;Thu Mar 14 21:16:42 2019;-23.6249038312799,-46.6070155404753;-23.6230255317148,-46.6076101830839;-23.6249078 -46.6070313;-23.6230217 -46.6075951;217;51;42
11;Thu Mar 14 21:17:42 2019;-23.6249038312799,-46.6070155404753;-23.6230255317148,-46.6076101830839;-23.6249078 -46.6070313;-23.6230217 -46.6075951;217;51;42
12;Thu Mar 14 21:18:42 2019;-23.6249038312799,-46.6070155404753;-23.6230255317148,-46.6076101830839;-23.6249078 -46.6070313;-23.6230217 -46.6075951;217;51;42
13;Thu Mar 14 21:19:42 2019;-23.6249038312799,-46.6070155404753;-23.6230255317148,-46.6076101830839;-23.6249078 -46.6070313;-23.6230217 -46.6075951;217;51;41
14;Thu Mar 14 21:20:42 2019;-23.6249038312799,-46.6070155404753;-23.6230255317148,-46.6076101830839;-23.6249078 -46.6070313;-23.6230217 -46.6075951;217;51;43
15;Thu Mar 14 21:21:42 2019;-23.6249038312799,-46.6070155404753;-23.6230255317148,-46.6076101830839;-23.6249078 -46.6070313;-23.6230217 -46.6075951;217;51;39
16;Thu Mar 14 21:22:43 2019;-23.6249038312799,-46.6070155404753;-23.6230255317148,-46.6076101830839;-23.6249078 -46.6070313;-23.6230217 -46.6075951;217;51;43
17;Thu Mar 14 21:23:41 2019;-23.6249038312799,-46.6070155404753;-23.6230255317148,-46.6076101830839;-23.6249078 -46.6070313;-23.6230217 -46.6075951;217;51;42
18;Thu Mar 14 21:24:42 2019;-23.6249038312799,-46.6070155404753;-23.6230255317148,-46.6076101830839;-23.6249078 -46.6070313;-23.6230217 -46.6075951;217;51;42
19;Thu Mar 14 21:25:42 2019;-23.6249038312799,-46.6070155404753;-23.6230255317148,-46.6076101830839;-23.6249078 -46.6070313;-23.6230217 -46.6075951;217;51;42
20;Thu Mar 14 21:26:41 2019;-23.6249038312799,-46.6070155404753;-23.6230255317148,-46.6076101830839;-23.6249078 -46.6070313;-23.6230217 -46.6075951;217;51;42
21;Thu Mar 14 21:27:41 2019;-23.6249038312799,-46.6070155404753;-23.6230255317148,-46.6076101830839;-23.6249078 -46.6070313;-23.6230217 -46.6075951;217;51;39
22;Thu Mar 14 21:28:41 2019;-23.6249038312799,-46.6070155404753;-23.6230255317148,-46.6076101830839;-23.6249078 -46.6070313;-23.6230217 -46.6075951;217;51;38
23;Thu Mar 14 21:29:41 2019;-23.6249038312799,-46.6070155404753;-23.6230255317148,-46.6076101830839;-23.6249078 -46.6070313;-23.6230217 -46.6075951;217;51;38
24;Thu Mar 14 21:30:41 2019;-23.6249038312799,-46.6070155404753;-23.6230255317148,-46.6076101830839;-23.6249078 -46.6070313;-23.6230217 -46.6075951;217;51;38
25;Thu Mar 14 21:31:42 2019;-23.6249038312799,-46.6070155404753;-23.6230255317148,-46.6076101830839;-23.6249078 -46.6070313;-23.6230217 -46.6075951;217;51;38
26;Thu Mar 14 21:32:41 2019;-23.6249038312799,-46.6070155404753;-23.6230255317148,-46.6076101830839;-23.6249078 -46.6070313;-23.6230217 -46.6075951;217;51;38
27;Thu Mar 14 21:33:41 2019;-23.6249038312799,-46.6070155404753;-23.6230255317148,-46.6076101830839;-23.6249078 -46.6070313;-23.6230217 -46.6075951;217;51;38
28;Thu Mar 14 21:34:41 2019;-23.6249038312799,-46.6070155404753;-23.6230255317148,-46.6076101830839;-23.6249078 -46.6070313;-23.6230217 -46.6075951;217;51;38
29;Thu Mar 14 21:35:41 2019;-23.6249038312799,-46.6070155404753;-23.6230255317148,-46.6076101830839;-23.6249078 -46.6070313;-23.6230217 -46.6075951;217;51;37
30;Thu Mar 14 21:36:41 2019;-23.6249038312799,-46.6070155404753;-23.6230255317148,-46.6076101830839;-23.6249078 -46.6070313;-23.6230217 -46.6075951;217;51;37
31;Thu Mar 14 21:37:43 2019;-23.6249038312799,-46.6070155404753;-23.6230255317148,-46.6076101830839;-23.6249078 -46.6070313;-23.6230217 -46.6075951;217;51;36
32;Thu Mar 14 21:38:41 2019;-23.6249038312799,-46.6070155404753;-23.6230255317148,-46.6076101830839;-23.6249078 -46.6070313;-23.6230217 -46.6075951;217;51;36
33;Thu Mar 14 21:39:42 2019;-23.6249038312799,-46.6070155404753;-23.6230255317148,-46.6076101830839;-23.6249078 -46.6070313;-23.6230217 -46.6075951;217;51;35
34;Thu Mar 14 21:40:41 2019;-23.6249038312799,-46.6070155404753;-23.6230255317148,-46.6076101830839;-23.6249078 -46.6070313;-23.6230217 -46.6075951;217;51;35
35;Thu Mar 14 21:41:41 2019;-23.6249038312799,-46.6070155404753;-23.6230255317148,-46.6076101830839;-23.6249078 -46.6070313;-23.6230217 -46.6075951;217;51;35
36;Thu Mar 14 21:42:41 2019;-23.6249038312799,-46.6070155404753;-23.6230255317148,-46.6076101830839;-23.6249078 -46.6070313;-23.6230217 -46.6075951;217;51;35
37;Thu Mar 14 21:43:41 2019;-23.6249038312799,-46.6070155404753;-23.6230255317148,-46.6076101830839;-23.6249078 -46.6070313;-23.6230217 -46.6075951;217;51;36
38;Thu Mar 14 21:44:41 2019;-23.6249038312799,-46.6070155404753;-23.6230255317148,-46.6076101830839;-23.6249078 -46.6070313;-23.6230217 -46.6075951;217;51;39
39;Thu Mar 14 21:45:41 2019;-23.6249038312799,-46.6070155404753;-23.6230255317148,-46.6076101830839;-23.6249078 -46.6070313;-23.6230217 -46.6075951;217;51;40
40;Thu Mar 14 21:46:41 2019;-23.6249038312799,-46.6070155404753;-23.6230255317148,-46.6076101830839;-23.6249078 -46.6070313;-23.6230217 -46.6075951;217;51;38
41;Thu Mar 14 21:47:42 2019;-23.6249038312799,-46.6070155404753;-23.6230255317148,-46.6076101830839;-23.6249078 -46.6070313;-23.6230217 -46.6075951;217;51;38
42;Thu Mar 14 21:48:41 2019;-23.6249038312799,-46.6070155404753;-23.6230255317148,-46.6076101830839;-23.6249078 -46.6070313;-23.6230217 -46.6075951;217;51;38
43;Thu Mar 14 21:49:42 2019;-23.6249038312799,-46.6070155404753;-23.6230255317148,-46.6076101830839;-23.6249078 -46.6070313;-23.6230217 -46.6075951;217;51;37
44;Thu Mar 14 21:50:42 2019;-23.6249038312799,-46.6070155404753;-23.6230255317148,-46.6076101830839;-23.6249078 -46.6070313;-23.6230217 -46.6075951;217;51;37
45;Thu Mar 14 21:51:41 2019;-23.6249038312799,-46.6070155404753;-23.6230255317148,-46.6076101830839;-23.6249078 -46.6070313;-23.6230217 -46.6075951;217;51;36
46;Thu Mar 14 21:52:43 2019;-23.6249038312799,-46.6070155404753;-23.6230255317148,-46.6076101830839;-23.6249078 -46.6070313;-23.6230217 -46.6075951;217;51;36
47;Thu Mar 14 21:53:41 2019;-23.6249038312799,-46.6070155404753;-23.6230255317148,-46.6076101830839;-23.6249078 -46.6070313;-23.6230217 -46.6075951;217;51;43
48;Thu Mar 14 21:54:41 2019;-23.6249038312799,-46.6070155404753;-23.6230255317148,-46.6076101830839;-23.6249078 -46.6070313;-23.6230217 -46.6075951;217;51;43
49;Thu Mar 14 21:55:42 2019;-23.6249038312799,-46.6070155404753;-23.6230255317148,-46.6076101830839;-23.6249078 -46.6070313;-23.6230217 -46.6075951;217;51;43
50;Thu Mar 14 21:56:41 2019;-23.6249038312799,-46.6070155404753;-23.6230255317148,-46.6076101830839;-23.6249078 -46.6070313;-23.6230217 -46.6075951;217;51;43
51;Thu Mar 14 21:57:41 2019;-23.6249038312799,-46.6070155404753;-23.6230255317148,-46.6076101830839;-23.6249078 -46.6070313;-23.6230217 -46.6075951;217;51;42
52;Thu Mar 14 21:58:41 2019;-23.6249038312799,-46.6070155404753;-23.6230255317148,-46.6076101830839;-23.6249078 -46.6070313;-23.6230217 -46.6075951;217;51;43
53;Thu Mar 14 21:59:41 2019;-23.6249038312799,-46.6070155404753;-23.6230255317148,-46.6076101830839;-23.6249078 -46.6070313;-23.6230217 -46.6075951;217;51;42
54;Thu Mar 14 22:00:42 2019;-23.6249038312799,-46.6070155404753;-23.6230255317148,-46.6076101830839;-23.6249078 -46.6070313;-23.6230217 -46.6075951;217;51;41
55;Thu Mar 14 22:01:41 2019;-23.6249038312799,-46.6070155404753;-23.6230255317148,-46.6076101830839;-23.6249078 -46.6070313;-23.6230217 -46.6075951;217;51;40
56;Thu Mar 14 22:02:41 2019;-23.6249038312799,-46.6070155404753;-23.6230255317148,-46.6076101830839;-23.6249078 -46.6070313;-23.6230217 -46.6075951;217;51;41
57;Thu Mar 14 22:03:41 2019;-23.6249038312799,-46.6070155404753;-23.6230255317148,-46.6076101830839;-23.6249078 -46.6070313;-23.6230217 -46.6075951;217;51;35
58;Thu Mar 14 22:04:41 2019;-23.6249038312799,-46.6070155404753;-23.6230255317148,-46.6076101830839;-23.6249078 -46.6070313;-23.6230217 -46.6075951;217;51;35
59;Thu Mar 14 22:05:41 2019;-23.6249038312799,-46.6070155404753;-23.6230255317148,-46.6076101830839;-23.6249078 -46.6070313;-23.6230217 -46.6075951;217;51;35
60;Thu Mar 14 22:06:42 2019;-23.6249038312799,-46.6070155404753;-23.6230255317148,-46.6076101830839;-23.6249078 -46.6070313;-23.6230217 -46.6075951;217;51;38
61;Thu Mar 14 22:07:42 2019;-23.6249038312799,-46.6070155404753;-23.6230255317148,-46.6076101830839;-23.6249078 -46.6070313;-23.6230217 -46.6075951;217;51;38
62;Thu Mar 14 22:08:41 2019;-23.6249038312799,-46.6070155404753;-23.6230255317148,-46.6076101830839;-23.6249078 -46.6070313;-23.6230217 -46.6075951;217;51;38
63;Thu Mar 14 22:09:41 2019;-23.6249038312799,-46.6070155404753;-23.6230255317148,-46.6076101830839;-23.6249078 -46.6070313;-23.6230217 -46.6075951;217;51;38
64;Thu Mar 14 22:10:41 2019;-23.6249038312799,-46.6070155404753;-23.6230255317148,-46.6076101830839;-23.6249078 -46.6070313;-23.6230217 -46.6075951;217;51;38
65;Thu Mar 14 22:11:41 2019;-23.6249038312799,-46.6070155404753;-23.6230255317148,-46.6076101830839;-23.6249078 -46.6070313;-23.6230217 -46.6075951;217;51;39
66;Thu Mar 14 22:12:41 2019;-23.6249038312799,-46.6070155404753;-23.6230255317148,-46.6076101830839;-23.6249078 -46.6070313;-23.6230217 -46.6075951;217;51;40
67;Thu Mar 14 22:13:41 2019;-23.6249038312799,-46.6070155404753;-23.6230255317148,-46.6076101830839;-23.6249078 -46.6070313;-23.6230217 -46.6075951;217;51;40
68;Thu Mar 14 22:14:41 2019;-23.6249038312799,-46.6070155404753;-23.6230255317148,-46.6076101830839;-23.6249078 -46.6070313;-23.6230217 -46.6075951;217;51;43
69;Thu Mar 14 22:15:41 2019;-23.6249038312799,-46.6070155404753;-23.6230255317148,-46.6076101830839;-23.6249078 -46.6070313;-23.6230217 -46.6075951;217;51;48
70;Thu Mar 14 22:16:41 2019;-23.6249038312799,-46.6070155404753;-23.6230255317148,-46.6076101830839;-23.6249078 -46.6070313;-23.6230217 -46.6075951;217;51;47
71;Thu Mar 14 22:17:42 2019;-23.6249038312799,-46.6070155404753;-23.6230255317148,-46.6076101830839;-23.6249078 -46.6070313;-23.6230217 -46.6075951;217;51;47
72;Thu Mar 14 22:18:41 2019;-23.6249038312799,-46.6070155404753;-23.6230255317148,-46.6076101830839;-23.6249078 -46.6070313;-23.6230217 -46.6075951;217;51;48
73;Thu Mar 14 22:19:42 2019;-23.6249038312799,-46.6070155404753;-23.6230255317148,-46.6076101830839;-23.6249078 -46.6070313;-23.6230217 -46.6075951;217;51;48
74;Thu Mar 14 22:20:41 2019;-23.6249038312799,-46.6070155404753;-23.6230255317148,-46.6076101830839;-23.6249078 -46.6070313;-23.6230217 -46.6075951;217;51;48
75;Thu Mar 14 22:21:41 2019;-23.6249038312799,-46.6070155404753;-23.6230255317148,-46.6076101830839;-23.6249078 -46.6070313;-23.6230217 -46.6075951;217;51;48
76;Thu Mar 14 22:22:43 2019;-23.6249038312799,-46.6070155404753;-23.6230255317148,-46.6076101830839;-23.6249078 -46.6070313;-23.6230217 -46.6075951;217;51;47
77;Thu Mar 14 22:23:41 2019;-23.6249038312799,-46.6070155404753;-23.6230255317148,-46.6076101830839;-23.6249078 -46.6070313;-23.6230217 -46.6075951;217;51;47
78;Thu Mar 14 22:24:41 2019;-23.6249038312799,-46.6070155404753;-23.6230255317148,-46.6076101830839;-23.6249078 -46.6070313;-23.6230217 -46.6075951;217;51;46
79;Thu Mar 14 22:25:42 2019;-23.6249038312799,-46.6070155404753;-23.6230255317148,-46.6076101830839;-23.6249078 -46.6070313;-23.6230217 -46.6075951;217;51;45
80;Thu Mar 14 22:26:42 2019;-23.6249038312799,-46.6070155404753;-23.6230255317148,-46.6076101830839;-23.6249078 -46.6070313;-23.6230217 -46.6075951;217;51;44
81;Thu Mar 14 22:27:41 2019;-23.6249038312799,-46.6070155404753;-23.6230255317148,-46.6076101830839;-23.6249078 -46.6070313;-23.6230217 -46.6075951;217;51;44
82;Thu Mar 14 22:28:41 2019;-23.6249038312799,-46.6070155404753;-23.6230255317148,-46.6076101830839;-23.6249078 -46.6070313;-23.6230217 -46.6075951;217;51;42
83;Thu Mar 14 22:29:41 2019;-23.6249038312799,-46.6070155404753;-23.6230255317148,-46.6076101830839;-23.6249078 -46.6070313;-23.6230217 -46.6075951;217;51;42
84;Thu Mar 14 22:30:41 2019;-23.6249038312799,-46.6070155404753;-23.6230255317148,-46.6076101830839;-23.6249078 -46.6070313;-23.6230217 -46.6075951;217;51;42
85;Thu Mar 14 22:31:41 2019;-23.6249038312799,-46.6070155404753;-23.6230255317148,-46.6076101830839;-23.6249078 -46.6070313;-23.6230217 -46.6075951;217;51;41
86;Thu Mar 14 22:32:41 2019;-23.6249038312799,-46.6070155404753;-23.6230255317148,-46.6076101830839;-23.6249078 -46.6070313;-23.6230217 -46.6075951;217;51;42
87;Thu Mar 14 22:33:41 2019;-23.6249038312799,-46.6070155404753;-23.6230255317148,-46.6076101830839;-23.6249078 -46.6070313;-23.6230217 -46.6075951;217;51;41
88;Thu Mar 14 22:34:41 2019;-23.6249038312799,-46.6070155404753;-23.6230255317148,-46.6076101830839;-23.6249078 -46.6070313;-23.6230217 -46.6075951;217;51;41
89;Thu Mar 14 22:35:41 2019;-23.6249038312799,-46.6070155404753;-23.6230255317148,-46.6076101830839;-23.6249078 -46.6070313;-23.6230217 -46.6075951;217;51;44
90;Thu Mar 14 22:36:41 2019;-23.6249038312799,-46.6070155404753;-23.6230255317148,-46.6076101830839;-23.6249078 -46.6070313;-23.6230217 -46.6075951;217;51;45
91;Thu Mar 14 22:37:43 2019;-23.6249038312799,-46.6070155404753;-23.6230255317148,-46.6076101830839;-23.6249078 -46.6070313;-23.6230217 -46.6075951;217;51;44
92;Thu Mar 14 22:38:42 2019;-23.6249038312799,-46.6070155404753;-23.6230255317148,-46.6076101830839;-23.6249078 -46.6070313;-23.6230217 -46.6075951;217;51;44
93;Thu Mar 14 22:39:41 2019;-23.6249038312799,-46.6070155404753;-23.6230255317148,-46.6076101830839;-23.6249078 -46.6070313;-23.6230217 -46.6075951;217;51;44
94;Thu Mar 14 22:40:42 2019;-23.6249038312799,-46.6070155404753;-23.6230255317148,-46.6076101830839;-23.6249078 -46.6070313;-23.6230217 -46.6075951;217;51;46
95;Thu Mar 14 22:41:41 2019;-23.6249038312799,-46.6070155404753;-23.6230255317148,-46.6076101830839;-23.6249078 -46.6070313;-23.6230217 -46.6075951;217;51;46
96;Thu Mar 14 22:42:41 2019;-23.6249038312799,-46.6070155404753;-23.6230255317148,-46.6076101830839;-23.6249078 -46.6070313;-23.6230217 -46.6075951;217;51;50
97;Thu Mar 14 22:43:41 2019;-23.6249038312799,-46.6070155404753;-23.6230255317148,-46.6076101830839;-23.6249078 -46.6070313;-23.6230217 -46.6075951;217;51;50
98;Thu Mar 14 22:44:42 2019;-23.6249038312799,-46.6070155404753;-23.6230255317148,-46.6076101830839;-23.6249078 -46.6070313;-23.6230217 -46.6075951;217;51;49
99;Thu Mar 14 22:45:41 2019;-23.6249038312799,-46.6070155404753;-23.6230255317148,-46.6076101830839;-23.6249078 -46.6070313;-23.6230217 -46.6075951;217;51;50
100;Thu Mar 14 22:46:42 2019;-23.6249038312799,-46.6070155404753;-23.6230255317148,-46.6076101830839;-23.6249078 -46.6070313;-23.6230217 -46.6075951;217;51;51
101;Thu Mar 14 22:47:42 2019;-23.6249038312799,-46.6070155404753;-23.6230255317148,-46.6076101830839;-23.6249078 -46.6070313;-23.6230217 -46.6075951;217;51;52
102;Thu Mar 14 22:48:41 2019;-23.6249038312799,-46.6070155404753;-23.6230255317148,-46.6076101830839;-23.6249078 -46.6070313;-23.6230217 -46.6075951;217;51;52
103;Thu Mar 14 22:49:42 2019;-23.6249038312799,-46.6070155404753;-23.6230255317148,-46.6076101830839;-23.6249078 -46.6070313;-23.6230217 -46.6075951;217;51;50
104;Thu Mar 14 22:50:42 2019;-23.6249038312799,-46.6070155404753;-23.6230255317148,-46.6076101830839;-23.6249078 -46.6070313;-23.6230217 -46.6075951;217;51;50
105;Thu Mar 14 22:51:41 2019;-23.6249038312799,-46.6070155404753;-23.6230255317148,-46.6076101830839;-23.6249078 -46.6070313;-23.6230217 -46.6075951;217;51;50
106;Thu Mar 14 22:52:43 2019;-23.6249038312799,-46.6070155404753;-23.6230255317148,-46.6076101830839;-23.6249078 -46.6070313;-23.6230217 -46.6075951;217;51;49
107;Thu Mar 14 22:53:41 2019;-23.6249038312799,-46.6070155404753;-23.6230255317148,-46.6076101830839;-23.6249078 -46.6070313;-23.6230217 -46.6075951;217;51;50
108;Thu Mar 14 22:54:41 2019;-23.6249038312799,-46.6070155404753;-23.6230255317148,-46.6076101830839;-23.6249078 -46.6070313;-23.6230217 -46.6075951;217;51;49
109;Thu Mar 14 22:55:41 2019;-23.6249038312799,-46.6070155404753;-23.6230255317148,-46.6076101830839;-23.6249078 -46.6070313;-23.6230217 -46.6075951;217;51;48
110;Thu Mar 14 22:56:41 2019;-23.6249038312799,-46.6070155404753;-23.6230255317148,-46.6076101830839;-23.6249078 -46.6070313;-23.6230217 -46.6075951;217;51;48
111;Thu Mar 14 22:57:42 2019;-23.6249038312799,-46.6070155404753;-23.6230255317148,-46.6076101830839;-23.6249078 -46.6070313;-23.6230217 -46.6075951;217;51;45
112;Thu Mar 14 22:58:41 2019;-23.6249038312799,-46.6070155404753;-23.6230255317148,-46.6076101830839;-23.6249078 -46.6070313;-23.6230217 -46.6075951;217;51;45
113;Thu Mar 14 22:59:42 2019;-23.6249038312799,-46.6070155404753;-23.6230255317148,-46.6076101830839;-23.6249078 -46.6070313;-23.6230217 -46.6075951;217;51;45
114;Thu Mar 14 23:00:41 2019;-23.6249038312799,-46.6070155404753;-23.6230255317148,-46.6076101830839;-23.6249078 -46.6070313;-23.6230217 -46.6075951;217;51;46
115;Thu Mar 14 23:01:41 2019;-23.6249038312799,-46.6070155404753;-23.6230255317148,-46.6076101830839;-23.6249078 -46.6070313;-23.6230217 -46.6075951;217;51;46
116;Thu Mar 14 23:02:41 2019;-23.6249038312799,-46.6070155404753;-23.6230255317148,-46.6076101830839;-23.6249078 -46.6070313;-23.6230217 -46.6075951;217;51;45
117;Thu Mar 14 23:03:41 2019;-23.6249038312799,-46.6070155404753;-23.6230255317148,-46.6076101830839;-23.6249078 -46.6070313;-23.6230217 -46.6075951;217;51;45
118;Thu Mar 14 23:04:41 2019;-23.6249038312799,-46.6070155404753;-23.6230255317148,-46.6076101830839;-23.6249078 -46.6070313;-23.6230217 -46.6075951;217;51;45
119;Thu Mar 14 23:05:41 2019;-23.6249038312799,-46.6070155404753;-23.6230255317148,-46.6076101830839;-23.6249078 -46.6070313;-23.6230217 -46.6075951;217;51;45
120;Thu Mar 14 23:06:41 2019;-23.6249038312799,-46.6070155404753;-23.6230255317148,-46.6076101830839;-23.6249078 -46.6070313;-23.6230217 -46.6075951;217;51;44
121;Thu Mar 14 23:07:43 2019;-23.6249038312799,-46.6070155404753;-23.6230255317148,-46.6076101830839;-23.6249078 -46.6070313;-23.6230217 -46.6075951;217;51;44
122;Thu Mar 14 23:08:41 2019;-23.6249038312799,-46.6070155404753;-23.6230255317148,-46.6076101830839;-23.6249078 -46.6070313;-23.6230217 -46.6075951;217;51;44
123;Thu Mar 14 23:09:41 2019;-23.6249038312799,-46.6070155404753;-23.6230255317148,-46.6076101830839;-23.6249078 -46.6070313;-23.6230217 -46.6075951;217;51;44
124;Thu Mar 14 23:10:41 2019;-23.6249038312799,-46.6070155404753;-23.6230255317148,-46.6076101830839;-23.6249078 -46.6070313;-23.6230217 -46.6075951;217;51;44
125;Thu Mar 14 23:11:41 2019;-23.6249038312799,-46.6070155404753;-23.6230255317148,-46.6076101830839;-23.6249078 -46.6070313;-23.6230217 -46.6075951;217;51;44
126;Thu Mar 14 23:12:41 2019;-23.6249038312799,-46.6070155404753;-23.6230255317148,-46.6076101830839;-23.6249078 -46.6070313;-23.6230217 -46.6075951;217;51;44
127;Thu Mar 14 23:13:41 2019;-23.6249038312799,-46.6070155404753;-23.6230255317148,-46.6076101830839;-23.6249078 -46.6070313;-23.6230217 -46.6075951;217;51;44
128;Thu Mar 14 23:14:41 2019;-23.6249038312799,-46.6070155404753;-23.6230255317148,-46.6076101830839;-23.6249078 -46.6070313;-23.6230217 -46.6075951;217;51;44
129;Thu Mar 14 23:15:42 2019;-23.6249038312799,-46.6070155404753;-23.6230255317148,-46.6076101830839;-23.6249078 -46.6070313;-23.6230217 -46.6075951;217;51;42
130;Thu Mar 14 23:16:41 2019;-23.6249038312799,-46.6070155404753;-23.6230255317148,-46.6076101830839;-23.6249078 -46.6070313;-23.6230217 -46.6075951;217;51;41
131;Thu Mar 14 23:17:41 2019;-23.6249038312799,-46.6070155404753;-23.6230255317148,-46.6076101830839;-23.6249078 -46.6070313;-23.6230217 -46.6075951;217;51;41
132;Thu Mar 14 23:18:42 2019;-23.6249038312799,-46.6070155404753;-23.6230255317148,-46.6076101830839;-23.6249078 -46.6070313;-23.6230217 -46.6075951;217;51;41
133;Thu Mar 14 23:19:41 2019;-23.6249038312799,-46.6070155404753;-23.6230255317148,-46.6076101830839;-23.6249078 -46.6070313;-23.6230217 -46.6075951;217;51;41
134;Thu Mar 14 23:20:41 2019;-23.6249038312799,-46.6070155404753;-23.6230255317148,-46.6076101830839;-23.6249078 -46.6070313;-23.6230217 -46.6075951;217;51;39
135;Thu Mar 14 23:21:42 2019;-23.6249038312799,-46.6070155404753;-23.6230255317148,-46.6076101830839;-23.6249078 -46.6070313;-23.6230217 -46.6075951;217;51;42
136;Thu Mar 14 23:22:42 2019;-23.6249038312799,-46.6070155404753;-23.6230255317148,-46.6076101830839;-23.6249078 -46.6070313;-23.6230217 -46.6075951;217;51;41
137;Thu Mar 14 23:23:41 2019;-23.6249038312799,-46.6070155404753;-23.6230255317148,-46.6076101830839;-23.6249078 -46.6070313;-23.6230217 -46.6075951;217;51;39
138;Thu Mar 14 23:24:41 2019;-23.6249038312799,-46.6070155404753;-23.6230255317148,-46.6076101830839;-23.6249078 -46.6070313;-23.6230217 -46.6075951;217;51;37
139;Thu Mar 14 23:25:41 2019;-23.6249038312799,-46.6070155404753;-23.6230255317148,-46.6076101830839;-23.6249078 -46.6070313;-23.6230217 -46.6075951;217;51;39
140;Thu Mar 14 23:26:41 2019;-23.6249038312799,-46.6070155404753;-23.6230255317148,-46.6076101830839;-23.6249078 -46.6070313;-23.6230217 -46.6075951;217;51;39
141;Thu Mar 14 23:27:42 2019;-23.6249038312799,-46.6070155404753;-23.6230255317148,-46.6076101830839;-23.6249078 -46.6070313;-23.6230217 -46.6075951;217;51;39
142;Thu Mar 14 23:28:41 2019;-23.6249038312799,-46.6070155404753;-23.6230255317148,-46.6076101830839;-23.6249078 -46.6070313;-23.6230217 -46.6075951;217;51;39
143;Thu Mar 14 23:29:41 2019;-23.6249038312799,-46.6070155404753;-23.6230255317148,-46.6076101830839;-23.6249078 -46.6070313;-23.6230217 -46.6075951;217;51;39
144;Thu Mar 14 23:30:41 2019;-23.6249038312799,-46.6070155404753;-23.6230255317148,-46.6076101830839;-23.6249078 -46.6070313;-23.6230217 -46.6075951;217;51;38
145;Thu Mar 14 23:31:41 2019;-23.6249038312799,-46.6070155404753;-23.6230255317148,-46.6076101830839;-23.6249078 -46.6070313;-23.6230217 -46.6075951;217;51;38
146;Thu Mar 14 23:32:41 2019;-23.6249038312799,-46.6070155404753;-23.6230255317148,-46.6076101830839;-23.6249078 -46.6070313;-23.6230217 -46.6075951;217;51;38
147;Thu Mar 14 23:33:41 2019;-23.6249038312799,-46.6070155404753;-23.6230255317148,-46.6076101830839;-23.6249078 -46.6070313;-23.6230217 -46.6075951;217;51;37
148;Thu Mar 14 23:34:41 2019;-23.6249038312799,-46.6070155404753;-23.6230255317148,-46.6076101830839;-23.6249078 -46.6070313;-23.6230217 -46.6075951;217;51;37
149;Thu Mar 14 23:35:42 2019;-23.6249038312799,-46.6070155404753;-23.6230255317148,-46.6076101830839;-23.6249078 -46.6070313;-23.6230217 -46.6075951;217;51;37
150;Thu Mar 14 23:36:41 2019;-23.6249038312799,-46.6070155404753;-23.6230255317148,-46.6076101830839;-23.6249078 -46.6070313;-23.6230217 -46.6075951;217;51;35
151;Thu Mar 14 23:37:42 2019;-23.6249038312799,-46.6070155404753;-23.6230255317148,-46.6076101830839;-23.6249078 -46.6070313;-23.6230217 -46.6075951;217;51;34
152;Thu Mar 14 23:38:41 2019;-23.6249038312799,-46.6070155404753;-23.6230255317148,-46.6076101830839;-23.6249078 -46.6070313;-23.6230217 -46.6075951;217;51;37
153;Thu Mar 14 23:39:41 2019;-23.6249038312799,-46.6070155404753;-23.6230255317148,-46.6076101830839;-23.6249078 -46.6070313;-23.6230217 -46.6075951;217;51;39
154;Thu Mar 14 23:40:41 2019;-23.6249038312799,-46.6070155404753;-23.6230255317148,-46.6076101830839;-23.6249078 -46.6070313;-23.6230217 -46.6075951;217;51;39
155;Thu Mar 14 23:41:41 2019;-23.6249038312799,-46.6070155404753;-23.6230255317148,-46.6076101830839;-23.6249078 -46.6070313;-23.6230217 -46.6075951;217;51;38
156;Thu Mar 14 23:42:42 2019;-23.6249038312799,-46.6070155404753;-23.6230255317148,-46.6076101830839;-23.6249078 -46.6070313;-23.6230217 -46.6075951;217;51;38
157;Thu Mar 14 23:43:41 2019;-23.6249038312799,-46.6070155404753;-23.6230255317148,-46.6076101830839;-23.6249078 -46.6070313;-23.6230217 -46.6075951;217;51;34
158;Thu Mar 14 23:44:41 2019;-23.6249038312799,-46.6070155404753;-23.6230255317148,-46.6076101830839;-23.6249078 -46.6070313;-23.6230217 -46.6075951;217;51;35
159;Thu Mar 14 23:45:41 2019;-23.6249038312799,-46.6070155404753;-23.6230255317148,-46.6076101830839;-23.6249078 -46.6070313;-23.6230217 -46.6075951;217;51;36
160;Thu Mar 14 23:46:42 2019;-23.6249038312799,-46.6070155404753;-23.6230255317148,-46.6076101830839;-23.6249078 -46.6070313;-23.6230217 -46.6075951;217;51;36
161;Thu Mar 14 23:47:42 2019;-23.6249038312799,-46.6070155404753;-23.6230255317148,-46.6076101830839;-23.6249078 -46.6070313;-23.6230217 -46.6075951;217;51;36
162;Thu Mar 14 23:48:42 2019;-23.6249038312799,-46.6070155404753;-23.6230255317148,-46.6076101830839;-23.6249078 -46.6070313;-23.6230217 -46.6075951;217;51;36
163;Thu Mar 14 23:49:41 2019;-23.6249038312799,-46.6070155404753;-23.6230255317148,-46.6076101830839;-23.6249078 -46.6070313;-23.6230217 -46.6075951;217;51;36
164;Thu Mar 14 23:50:41 2019;-23.6249038312799,-46.6070155404753;-23.6230255317148,-46.6076101830839;-23.6249078 -46.6070313;-23.6230217 -46.6075951;217;51;36
165;Thu Mar 14 23:51:41 2019;-23.6249038312799,-46.6070155404753;-23.6230255317148,-46.6076101830839;-23.6249078 -46.6070313;-23.6230217 -46.6075951;217;51;36
166;Thu Mar 14 23:52:42 2019;-23.6249038312799,-46.6070155404753;-23.6230255317148,-46.6076101830839;-23.6249078 -46.6070313;-23.6230217 -46.6075951;217;51;36
167;Thu Mar 14 23:53:41 2019;-23.6249038312799,-46.6070155404753;-23.6230255317148,-46.6076101830839;-23.6249078 -46.6070313;-23.6230217 -46.6075951;217;51;37
168;Thu Mar 14 23:54:41 2019;-23.6249038312799,-46.6070155404753;-23.6230255317148,-46.6076101830839;-23.6249078 -46.6070313;-23.6230217 -46.6075951;217;51;37
169;Thu Mar 14 23:55:41 2019;-23.6249038312799,-46.6070155404753;-23.6230255317148,-46.6076101830839;-23.6249078 -46.6070313;-23.6230217 -46.6075951;217;51;37
170;Thu Mar 14 23:56:42 2019;-23.6249038312799,-46.6070155404753;-23.6230255317148,-46.6076101830839;-23.6249078 -46.6070313;-23.6230217 -46.6075951;217;51;37
171;Thu Mar 14 23:57:42 2019;-23.6249038312799,-46.6070155404753;-23.6230255317148,-46.6076101830839;-23.6249078 -46.6070313;-23.6230217 -46.6075951;217;51;37
172;Thu Mar 14 23:58:41 2019;-23.6249038312799,-46.6070155404753;-23.6230255317148,-46.6076101830839;-23.6249078 -46.6070313;-23.6230217 -46.6075951;217;51;37
173;Thu Mar 14 23:59:41 2019;-23.6249038312799,-46.6070155404753;-23.6230255317148,-46.6076101830839;-23.6249078 -46.6070313;-23.6230217 -46.6075951;217;51;36
