38972;Thu Mar 14 00:00:07 2019;-23.6328908584029,-46.6050373925733;-23.6304977514816,-46.6038687602859;-23.6328855 -46.6050517;-23.6304816 -46.6038767;310;83;57
39213;Thu Mar 14 04:01:08 2019;-23.6328908584029,-46.6050373925733;-23.6304977514816,-46.6038687602859;-23.6328855 -46.6050517;-23.6304816 -46.6038767;310;83;43
39214;Thu Mar 14 04:02:07 2019;-23.6328908584029,-46.6050373925733;-23.6304977514816,-46.6038687602859;-23.6328855 -46.6050517;-23.6304816 -46.6038767;310;83;43
39215;Thu Mar 14 04:03:08 2019;-23.6328908584029,-46.6050373925733;-23.6304977514816,-46.6038687602859;-23.6328855 -46.6050517;-23.6304816 -46.6038767;310;83;43
39216;Thu Mar 14 04:04:08 2019;-23.6328908584029,-46.6050373925733;-23.6304977514816,-46.6038687602859;-23.6328855 -46.6050517;-23.6304816 -46.6038767;310;83;43
39217;Thu Mar 14 04:05:08 2019;-23.6328908584029,-46.6050373925733;-23.6304977514816,-46.6038687602859;-23.6328855 -46.6050517;-23.6304816 -46.6038767;310;83;43
39218;Thu Mar 14 04:06:08 2019;-23.6328908584029,-46.6050373925733;-23.6304977514816,-46.6038687602859;-23.6328855 -46.6050517;-23.6304816 -46.6038767;310;83;43
39219;Thu Mar 14 04:07:08 2019;-23.6328908584029,-46.6050373925733;-23.6304977514816,-46.6038687602859;-23.6328855 -46.6050517;-23.6304816 -46.6038767;310;83;43
39220;Thu Mar 14 04:08:08 2019;-23.6328908584029,-46.6050373925733;-23.6304977514816,-46.6038687602859;-23.6328855 -46.6050517;-23.6304816 -46.6038767;310;83;43
39221;Thu Mar 14 04:09:08 2019;-23.6328908584029,-46.6050373925733;-23.6304977514816,-46.6038687602859;-23.6328855 -46.6050517;-23.6304816 -46.6038767;310;83;43
39222;Thu Mar 14 04:10:08 2019;-23.6328908584029,-46.6050373925733;-23.6304977514816,-46.6038687602859;-23.6328855 -46.6050517;-23.6304816 -46.6038767;310;83;42
1;Thu Mar 14 21:07:45 2019;-23.6328908584029,-46.6050373925733;-23.6304977514816,-46.6038687602859;-23.6328855 -46.6050517;-23.6304816 -46.6038767;310;83;68
2;Thu Mar 14 21:08:44 2019;-23.6328908584029,-46.6050373925733;-23.6304977514816,-46.6038687602859;-23.6328855 -46.6050517;-23.6304816 -46.6038767;310;83;68
3;Thu Mar 14 21:09:41 2019;-23.6328908584029,-46.6050373925733;-23.6304977514816,-46.6038687602859;-23.6328855 -46.6050517;-23.6304816 -46.6038767;310;83;68
4;Thu Mar 14 21:10:41 2019;-23.6328908584029,-46.6050373925733;-23.6304977514816,-46.6038687602859;-23.6328855 -46.6050517;-23.6304816 -46.6038767;310;83;67
5;Thu Mar 14 21:11:41 2019;-23.6328908584029,-46.6050373925733;-23.6304977514816,-46.6038687602859;-23.6328855 -46.6050517;-23.6304816 -46.6038767;310;83;67
6;Thu Mar 14 21:12:40 2019;-23.6328908584029,-46.6050373925733;-23.6304977514816,-46.6038687602859;-23.6328855 -46.6050517;-23.6304816 -46.6038767;310;83;65
7;Thu Mar 14 21:13:41 2019;-23.6328908584029,-46.6050373925733;-23.6304977514816,-46.6038687602859;-23.6328855 -46.6050517;-23.6304816 -46.6038767;310;83;67
8;Thu Mar 14 21:14:41 2019;-23.6328908584029,-46.6050373925733;-23.6304977514816,-46.6038687602859;-23.6328855 -46.6050517;-23.6304816 -46.6038767;310;83;66
9;Thu Mar 14 21:15:41 2019;-23.6328908584029,-46.6050373925733;-23.6304977514816,-46.6038687602859;-23.6328855 -46.6050517;-23.6304816 -46.6038767;310;83;66
10;Thu Mar 14 21:16:41 2019;-23.6328908584029,-46.6050373925733;-23.6304977514816,-46.6038687602859;-23.6328855 -46.6050517;-23.6304816 -46.6038767;310;83;66
11;Thu Mar 14 21:17:41 2019;-23.6328908584029,-46.6050373925733;-23.6304977514816,-46.6038687602859;-23.6328855 -46.6050517;-23.6304816 -46.6038767;310;83;68
12;Thu Mar 14 21:18:42 2019;-23.6328908584029,-46.6050373925733;-23.6304977514816,-46.6038687602859;-23.6328855 -46.6050517;-23.6304816 -46.6038767;310;83;66
13;Thu Mar 14 21:19:41 2019;-23.6328908584029,-46.6050373925733;-23.6304977514816,-46.6038687602859;-23.6328855 -46.6050517;-23.6304816 -46.6038767;310;83;67
14;Thu Mar 14 21:20:41 2019;-23.6328908584029,-46.6050373925733;-23.6304977514816,-46.6038687602859;-23.6328855 -46.6050517;-23.6304816 -46.6038767;310;83;68
15;Thu Mar 14 21:21:42 2019;-23.6328908584029,-46.6050373925733;-23.6304977514816,-46.6038687602859;-23.6328855 -46.6050517;-23.6304816 -46.6038767;310;83;68
16;Thu Mar 14 21:22:42 2019;-23.6328908584029,-46.6050373925733;-23.6304977514816,-46.6038687602859;-23.6328855 -46.6050517;-23.6304816 -46.6038767;310;83;67
17;Thu Mar 14 21:23:41 2019;-23.6328908584029,-46.6050373925733;-23.6304977514816,-46.6038687602859;-23.6328855 -46.6050517;-23.6304816 -46.6038767;310;83;68
18;Thu Mar 14 21:24:42 2019;-23.6328908584029,-46.6050373925733;-23.6304977514816,-46.6038687602859;-23.6328855 -46.6050517;-23.6304816 -46.6038767;310;83;66
19;Thu Mar 14 21:25:41 2019;-23.6328908584029,-46.6050373925733;-23.6304977514816,-46.6038687602859;-23.6328855 -46.6050517;-23.6304816 -46.6038767;310;83;65
20;Thu Mar 14 21:26:41 2019;-23.6328908584029,-46.6050373925733;-23.6304977514816,-46.6038687602859;-23.6328855 -46.6050517;-23.6304816 -46.6038767;310;83;66
21;Thu Mar 14 21:27:41 2019;-23.6328908584029,-46.6050373925733;-23.6304977514816,-46.6038687602859;-23.6328855 -46.6050517;-23.6304816 -46.6038767;310;83;63
22;Thu Mar 14 21:28:41 2019;-23.6328908584029,-46.6050373925733;-23.6304977514816,-46.6038687602859;-23.6328855 -46.6050517;-23.6304816 -46.6038767;310;83;62
23;Thu Mar 14 21:29:41 2019;-23.6328908584029,-46.6050373925733;-23.6304977514816,-46.6038687602859;-23.6328855 -46.6050517;-23.6304816 -46.6038767;310;83;62
24;Thu Mar 14 21:30:41 2019;-23.6328908584029,-46.6050373925733;-23.6304977514816,-46.6038687602859;-23.6328855 -46.6050517;-23.6304816 -46.6038767;310;83;62
25;Thu Mar 14 21:31:41 2019;-23.6328908584029,-46.6050373925733;-23.6304977514816,-46.6038687602859;-23.6328855 -46.6050517;-23.6304816 -46.6038767;310;83;63
26;Thu Mar 14 21:32:41 2019;-23.6328908584029,-46.6050373925733;-23.6304977514816,-46.6038687602859;-23.6328855 -46.6050517;-23.6304816 -46.6038767;310;83;63
27;Thu Mar 14 21:33:41 2019;-23.6328908584029,-46.6050373925733;-23.6304977514816,-46.6038687602859;-23.6328855 -46.6050517;-23.6304816 -46.6038767;310;83;61
28;Thu Mar 14 21:34:41 2019;-23.6328908584029,-46.6050373925733;-23.6304977514816,-46.6038687602859;-23.6328855 -46.6050517;-23.6304816 -46.6038767;310;83;61
29;Thu Mar 14 21:35:41 2019;-23.6328908584029,-46.6050373925733;-23.6304977514816,-46.6038687602859;-23.6328855 -46.6050517;-23.6304816 -46.6038767;310;83;60
30;Thu Mar 14 21:36:41 2019;-23.6328908584029,-46.6050373925733;-23.6304977514816,-46.6038687602859;-23.6328855 -46.6050517;-23.6304816 -46.6038767;310;83;60
31;Thu Mar 14 21:37:42 2019;-23.6328908584029,-46.6050373925733;-23.6304977514816,-46.6038687602859;-23.6328855 -46.6050517;-23.6304816 -46.6038767;310;83;60
32;Thu Mar 14 21:38:41 2019;-23.6328908584029,-46.6050373925733;-23.6304977514816,-46.6038687602859;-23.6328855 -46.6050517;-23.6304816 -46.6038767;310;83;61
33;Thu Mar 14 21:39:41 2019;-23.6328908584029,-46.6050373925733;-23.6304977514816,-46.6038687602859;-23.6328855 -46.6050517;-23.6304816 -46.6038767;310;83;60
34;Thu Mar 14 21:40:41 2019;-23.6328908584029,-46.6050373925733;-23.6304977514816,-46.6038687602859;-23.6328855 -46.6050517;-23.6304816 -46.6038767;310;83;62
35;Thu Mar 14 21:41:41 2019;-23.6328908584029,-46.6050373925733;-23.6304977514816,-46.6038687602859;-23.6328855 -46.6050517;-23.6304816 -46.6038767;310;83;63
36;Thu Mar 14 21:42:41 2019;-23.6328908584029,-46.6050373925733;-23.6304977514816,-46.6038687602859;-23.6328855 -46.6050517;-23.6304816 -46.6038767;310;83;65
37;Thu Mar 14 21:43:41 2019;-23.6328908584029,-46.6050373925733;-23.6304977514816,-46.6038687602859;-23.6328855 -46.6050517;-23.6304816 -46.6038767;310;83;65
38;Thu Mar 14 21:44:41 2019;-23.6328908584029,-46.6050373925733;-23.6304977514816,-46.6038687602859;-23.6328855 -46.6050517;-23.6304816 -46.6038767;310;83;65
39;Thu Mar 14 21:45:41 2019;-23.6328908584029,-46.6050373925733;-23.6304977514816,-46.6038687602859;-23.6328855 -46.6050517;-23.6304816 -46.6038767;310;83;65
40;Thu Mar 14 21:46:41 2019;-23.6328908584029,-46.6050373925733;-23.6304977514816,-46.6038687602859;-23.6328855 -46.6050517;-23.6304816 -46.6038767;310;83;65
41;Thu Mar 14 21:47:41 2019;-23.6328908584029,-46.6050373925733;-23.6304977514816,-46.6038687602859;-23.6328855 -46.6050517;-23.6304816 -46.6038767;310;83;71
42;Thu Mar 14 21:48:41 2019;-23.6328908584029,-46.6050373925733;-23.6304977514816,-46.6038687602859;-23.6328855 -46.6050517;-23.6304816 -46.6038767;310;83;71
43;Thu Mar 14 21:49:41 2019;-23.6328908584029,-46.6050373925733;-23.6304977514816,-46.6038687602859;-23.6328855 -46.6050517;-23.6304816 -46.6038767;310;83;70
44;Thu Mar 14 21:50:41 2019;-23.6328908584029,-46.6050373925733;-23.6304977514816,-46.6038687602859;-23.6328855 -46.6050517;-23.6304816 -46.6038767;310;83;66
45;Thu Mar 14 21:51:41 2019;-23.6328908584029,-46.6050373925733;-23.6304977514816,-46.6038687602859;-23.6328855 -46.6050517;-23.6304816 -46.6038767;310;83;67
46;Thu Mar 14 21:52:42 2019;-23.6328908584029,-46.6050373925733;-23.6304977514816,-46.6038687602859;-23.6328855 -46.6050517;-23.6304816 -46.6038767;310;83;67
47;Thu Mar 14 21:53:41 2019;-23.6328908584029,-46.6050373925733;-23.6304977514816,-46.6038687602859;-23.6328855 -46.6050517;-23.6304816 -46.6038767;310;83;67
48;Thu Mar 14 21:54:41 2019;-23.6328908584029,-46.6050373925733;-23.6304977514816,-46.6038687602859;-23.6328855 -46.6050517;-23.6304816 -46.6038767;310;83;67
49;Thu Mar 14 21:55:41 2019;-23.6328908584029,-46.6050373925733;-23.6304977514816,-46.6038687602859;-23.6328855 -46.6050517;-23.6304816 -46.6038767;310;83;67
50;Thu Mar 14 21:56:41 2019;-23.6328908584029,-46.6050373925733;-23.6304977514816,-46.6038687602859;-23.6328855 -46.6050517;-23.6304816 -46.6038767;310;83;67
51;Thu Mar 14 21:57:41 2019;-23.6328908584029,-46.6050373925733;-23.6304977514816,-46.6038687602859;-23.6328855 -46.6050517;-23.6304816 -46.6038767;310;83;67
52;Thu Mar 14 21:58:41 2019;-23.6328908584029,-46.6050373925733;-23.6304977514816,-46.6038687602859;-23.6328855 -46.6050517;-23.6304816 -46.6038767;310;83;67
53;Thu Mar 14 21:59:41 2019;-23.6328908584029,-46.6050373925733;-23.6304977514816,-46.6038687602859;-23.6328855 -46.6050517;-23.6304816 -46.6038767;310;83;65
54;Thu Mar 14 22:00:41 2019;-23.6328908584029,-46.6050373925733;-23.6304977514816,-46.6038687602859;-23.6328855 -46.6050517;-23.6304816 -46.6038767;310;83;68
55;Thu Mar 14 22:01:41 2019;-23.6328908584029,-46.6050373925733;-23.6304977514816,-46.6038687602859;-23.6328855 -46.6050517;-23.6304816 -46.6038767;310;83;63
56;Thu Mar 14 22:02:41 2019;-23.6328908584029,-46.6050373925733;-23.6304977514816,-46.6038687602859;-23.6328855 -46.6050517;-23.6304816 -46.6038767;310;83;66
57;Thu Mar 14 22:03:41 2019;-23.6328908584029,-46.6050373925733;-23.6304977514816,-46.6038687602859;-23.6328855 -46.6050517;-23.6304816 -46.6038767;310;83;64
58;Thu Mar 14 22:04:41 2019;-23.6328908584029,-46.6050373925733;-23.6304977514816,-46.6038687602859;-23.6328855 -46.6050517;-23.6304816 -46.6038767;310;83;64
59;Thu Mar 14 22:05:41 2019;-23.6328908584029,-46.6050373925733;-23.6304977514816,-46.6038687602859;-23.6328855 -46.6050517;-23.6304816 -46.6038767;310;83;64
60;Thu Mar 14 22:06:42 2019;-23.6328908584029,-46.6050373925733;-23.6304977514816,-46.6038687602859;-23.6328855 -46.6050517;-23.6304816 -46.6038767;310;83;63
61;Thu Mar 14 22:07:41 2019;-23.6328908584029,-46.6050373925733;-23.6304977514816,-46.6038687602859;-23.6328855 -46.6050517;-23.6304816 -46.6038767;310;83;63
62;Thu Mar 14 22:08:41 2019;-23.6328908584029,-46.6050373925733;-23.6304977514816,-46.6038687602859;-23.6328855 -46.6050517;-23.6304816 -46.6038767;310;83;69
63;Thu Mar 14 22:09:41 2019;-23.6328908584029,-46.6050373925733;-23.6304977514816,-46.6038687602859;-23.6328855 -46.6050517;-23.6304816 -46.6038767;310;83;69
64;Thu Mar 14 22:10:41 2019;-23.6328908584029,-46.6050373925733;-23.6304977514816,-46.6038687602859;-23.6328855 -46.6050517;-23.6304816 -46.6038767;310;83;66
65;Thu Mar 14 22:11:41 2019;-23.6328908584029,-46.6050373925733;-23.6304977514816,-46.6038687602859;-23.6328855 -46.6050517;-23.6304816 -46.6038767;310;83;66
66;Thu Mar 14 22:12:41 2019;-23.6328908584029,-46.6050373925733;-23.6304977514816,-46.6038687602859;-23.6328855 -46.6050517;-23.6304816 -46.6038767;310;83;66
67;Thu Mar 14 22:13:41 2019;-23.6328908584029,-46.6050373925733;-23.6304977514816,-46.6038687602859;-23.6328855 -46.6050517;-23.6304816 -46.6038767;310;83;63
68;Thu Mar 14 22:14:41 2019;-23.6328908584029,-46.6050373925733;-23.6304977514816,-46.6038687602859;-23.6328855 -46.6050517;-23.6304816 -46.6038767;310;83;62
69;Thu Mar 14 22:15:41 2019;-23.6328908584029,-46.6050373925733;-23.6304977514816,-46.6038687602859;-23.6328855 -46.6050517;-23.6304816 -46.6038767;310;83;62
70;Thu Mar 14 22:16:41 2019;-23.6328908584029,-46.6050373925733;-23.6304977514816,-46.6038687602859;-23.6328855 -46.6050517;-23.6304816 -46.6038767;310;83;63
71;Thu Mar 14 22:17:41 2019;-23.6328908584029,-46.6050373925733;-23.6304977514816,-46.6038687602859;-23.6328855 -46.6050517;-23.6304816 -46.6038767;310;83;66
72;Thu Mar 14 22:18:41 2019;-23.6328908584029,-46.6050373925733;-23.6304977514816,-46.6038687602859;-23.6328855 -46.6050517;-23.6304816 -46.6038767;310;83;66
73;Thu Mar 14 22:19:41 2019;-23.6328908584029,-46.6050373925733;-23.6304977514816,-46.6038687602859;-23.6328855 -46.6050517;-23.6304816 -46.6038767;310;83;67
74;Thu Mar 14 22:20:41 2019;-23.6328908584029,-46.6050373925733;-23.6304977514816,-46.6038687602859;-23.6328855 -46.6050517;-23.6304816 -46.6038767;310;83;67
75;Thu Mar 14 22:21:41 2019;-23.6328908584029,-46.6050373925733;-23.6304977514816,-46.6038687602859;-23.6328855 -46.6050517;-23.6304816 -46.6038767;310;83;67
76;Thu Mar 14 22:22:42 2019;-23.6328908584029,-46.6050373925733;-23.6304977514816,-46.6038687602859;-23.6328855 -46.6050517;-23.6304816 -46.6038767;310;83;62
77;Thu Mar 14 22:23:41 2019;-23.6328908584029,-46.6050373925733;-23.6304977514816,-46.6038687602859;-23.6328855 -46.6050517;-23.6304816 -46.6038767;310;83;62
78;Thu Mar 14 22:24:41 2019;-23.6328908584029,-46.6050373925733;-23.6304977514816,-46.6038687602859;-23.6328855 -46.6050517;-23.6304816 -46.6038767;310;83;62
79;Thu Mar 14 22:25:41 2019;-23.6328908584029,-46.6050373925733;-23.6304977514816,-46.6038687602859;-23.6328855 -46.6050517;-23.6304816 -46.6038767;310;83;61
80;Thu Mar 14 22:26:41 2019;-23.6328908584029,-46.6050373925733;-23.6304977514816,-46.6038687602859;-23.6328855 -46.6050517;-23.6304816 -46.6038767;310;83;64
81;Thu Mar 14 22:27:41 2019;-23.6328908584029,-46.6050373925733;-23.6304977514816,-46.6038687602859;-23.6328855 -46.6050517;-23.6304816 -46.6038767;310;83;67
82;Thu Mar 14 22:28:41 2019;-23.6328908584029,-46.6050373925733;-23.6304977514816,-46.6038687602859;-23.6328855 -46.6050517;-23.6304816 -46.6038767;310;83;67
83;Thu Mar 14 22:29:41 2019;-23.6328908584029,-46.6050373925733;-23.6304977514816,-46.6038687602859;-23.6328855 -46.6050517;-23.6304816 -46.6038767;310;83;67
84;Thu Mar 14 22:30:41 2019;-23.6328908584029,-46.6050373925733;-23.6304977514816,-46.6038687602859;-23.6328855 -46.6050517;-23.6304816 -46.6038767;310;83;70
85;Thu Mar 14 22:31:41 2019;-23.6328908584029,-46.6050373925733;-23.6304977514816,-46.6038687602859;-23.6328855 -46.6050517;-23.6304816 -46.6038767;310;83;66
86;Thu Mar 14 22:32:41 2019;-23.6328908584029,-46.6050373925733;-23.6304977514816,-46.6038687602859;-23.6328855 -46.6050517;-23.6304816 -46.6038767;310;83;66
87;Thu Mar 14 22:33:41 2019;-23.6328908584029,-46.6050373925733;-23.6304977514816,-46.6038687602859;-23.6328855 -46.6050517;-23.6304816 -46.6038767;310;83;66
88;Thu Mar 14 22:34:41 2019;-23.6328908584029,-46.6050373925733;-23.6304977514816,-46.6038687602859;-23.6328855 -46.6050517;-23.6304816 -46.6038767;310;83;65
89;Thu Mar 14 22:35:40 2019;-23.6328908584029,-46.6050373925733;-23.6304977514816,-46.6038687602859;-23.6328855 -46.6050517;-23.6304816 -46.6038767;310;83;63
90;Thu Mar 14 22:36:41 2019;-23.6328908584029,-46.6050373925733;-23.6304977514816,-46.6038687602859;-23.6328855 -46.6050517;-23.6304816 -46.6038767;310;83;62
91;Thu Mar 14 22:37:42 2019;-23.6328908584029,-46.6050373925733;-23.6304977514816,-46.6038687602859;-23.6328855 -46.6050517;-23.6304816 -46.6038767;310;83;63
92;Thu Mar 14 22:38:41 2019;-23.6328908584029,-46.6050373925733;-23.6304977514816,-46.6038687602859;-23.6328855 -46.6050517;-23.6304816 -46.6038767;310;83;62
93;Thu Mar 14 22:39:41 2019;-23.6328908584029,-46.6050373925733;-23.6304977514816,-46.6038687602859;-23.6328855 -46.6050517;-23.6304816 -46.6038767;310;83;58
94;Thu Mar 14 22:40:42 2019;-23.6328908584029,-46.6050373925733;-23.6304977514816,-46.6038687602859;-23.6328855 -46.6050517;-23.6304816 -46.6038767;310;83;59
95;Thu Mar 14 22:41:41 2019;-23.6328908584029,-46.6050373925733;-23.6304977514816,-46.6038687602859;-23.6328855 -46.6050517;-23.6304816 -46.6038767;310;83;58
96;Thu Mar 14 22:42:41 2019;-23.6328908584029,-46.6050373925733;-23.6304977514816,-46.6038687602859;-23.6328855 -46.6050517;-23.6304816 -46.6038767;310;83;58
97;Thu Mar 14 22:43:41 2019;-23.6328908584029,-46.6050373925733;-23.6304977514816,-46.6038687602859;-23.6328855 -46.6050517;-23.6304816 -46.6038767;310;83;60
98;Thu Mar 14 22:44:41 2019;-23.6328908584029,-46.6050373925733;-23.6304977514816,-46.6038687602859;-23.6328855 -46.6050517;-23.6304816 -46.6038767;310;83;58
99;Thu Mar 14 22:45:41 2019;-23.6328908584029,-46.6050373925733;-23.6304977514816,-46.6038687602859;-23.6328855 -46.6050517;-23.6304816 -46.6038767;310;83;58
100;Thu Mar 14 22:46:41 2019;-23.6328908584029,-46.6050373925733;-23.6304977514816,-46.6038687602859;-23.6328855 -46.6050517;-23.6304816 -46.6038767;310;83;57
101;Thu Mar 14 22:47:41 2019;-23.6328908584029,-46.6050373925733;-23.6304977514816,-46.6038687602859;-23.6328855 -46.6050517;-23.6304816 -46.6038767;310;83;57
102;Thu Mar 14 22:48:41 2019;-23.6328908584029,-46.6050373925733;-23.6304977514816,-46.6038687602859;-23.6328855 -46.6050517;-23.6304816 -46.6038767;310;83;58
103;Thu Mar 14 22:49:42 2019;-23.6328908584029,-46.6050373925733;-23.6304977514816,-46.6038687602859;-23.6328855 -46.6050517;-23.6304816 -46.6038767;310;83;57
104;Thu Mar 14 22:50:42 2019;-23.6328908584029,-46.6050373925733;-23.6304977514816,-46.6038687602859;-23.6328855 -46.6050517;-23.6304816 -46.6038767;310;83;56
105;Thu Mar 14 22:51:41 2019;-23.6328908584029,-46.6050373925733;-23.6304977514816,-46.6038687602859;-23.6328855 -46.6050517;-23.6304816 -46.6038767;310;83;58
106;Thu Mar 14 22:52:42 2019;-23.6328908584029,-46.6050373925733;-23.6304977514816,-46.6038687602859;-23.6328855 -46.6050517;-23.6304816 -46.6038767;310;83;58
107;Thu Mar 14 22:53:41 2019;-23.6328908584029,-46.6050373925733;-23.6304977514816,-46.6038687602859;-23.6328855 -46.6050517;-23.6304816 -46.6038767;310;83;59
108;Thu Mar 14 22:54:41 2019;-23.6328908584029,-46.6050373925733;-23.6304977514816,-46.6038687602859;-23.6328855 -46.6050517;-23.6304816 -46.6038767;310;83;59
109;Thu Mar 14 22:55:41 2019;-23.6328908584029,-46.6050373925733;-23.6304977514816,-46.6038687602859;-23.6328855 -46.6050517;-23.6304816 -46.6038767;310;83;59
110;Thu Mar 14 22:56:41 2019;-23.6328908584029,-46.6050373925733;-23.6304977514816,-46.6038687602859;-23.6328855 -46.6050517;-23.6304816 -46.6038767;310;83;59
111;Thu Mar 14 22:57:42 2019;-23.6328908584029,-46.6050373925733;-23.6304977514816,-46.6038687602859;-23.6328855 -46.6050517;-23.6304816 -46.6038767;310;83;56
112;Thu Mar 14 22:58:41 2019;-23.6328908584029,-46.6050373925733;-23.6304977514816,-46.6038687602859;-23.6328855 -46.6050517;-23.6304816 -46.6038767;310;83;56
113;Thu Mar 14 22:59:41 2019;-23.6328908584029,-46.6050373925733;-23.6304977514816,-46.6038687602859;-23.6328855 -46.6050517;-23.6304816 -46.6038767;310;83;59
114;Thu Mar 14 23:00:41 2019;-23.6328908584029,-46.6050373925733;-23.6304977514816,-46.6038687602859;-23.6328855 -46.6050517;-23.6304816 -46.6038767;310;83;58
115;Thu Mar 14 23:01:41 2019;-23.6328908584029,-46.6050373925733;-23.6304977514816,-46.6038687602859;-23.6328855 -46.6050517;-23.6304816 -46.6038767;310;83;59
116;Thu Mar 14 23:02:41 2019;-23.6328908584029,-46.6050373925733;-23.6304977514816,-46.6038687602859;-23.6328855 -46.6050517;-23.6304816 -46.6038767;310;83;58
117;Thu Mar 14 23:03:41 2019;-23.6328908584029,-46.6050373925733;-23.6304977514816,-46.6038687602859;-23.6328855 -46.6050517;-23.6304816 -46.6038767;310;83;59
118;Thu Mar 14 23:04:41 2019;-23.6328908584029,-46.6050373925733;-23.6304977514816,-46.6038687602859;-23.6328855 -46.6050517;-23.6304816 -46.6038767;310;83;59
119;Thu Mar 14 23:05:41 2019;-23.6328908584029,-46.6050373925733;-23.6304977514816,-46.6038687602859;-23.6328855 -46.6050517;-23.6304816 -46.6038767;310;83;60
120;Thu Mar 14 23:06:41 2019;-23.6328908584029,-46.6050373925733;-23.6304977514816,-46.6038687602859;-23.6328855 -46.6050517;-23.6304816 -46.6038767;310;83;59
121;Thu Mar 14 23:07:42 2019;-23.6328908584029,-46.6050373925733;-23.6304977514816,-46.6038687602859;-23.6328855 -46.6050517;-23.6304816 -46.6038767;310;83;59
122;Thu Mar 14 23:08:41 2019;-23.6328908584029,-46.6050373925733;-23.6304977514816,-46.6038687602859;-23.6328855 -46.6050517;-23.6304816 -46.6038767;310;83;60
123;Thu Mar 14 23:09:41 2019;-23.6328908584029,-46.6050373925733;-23.6304977514816,-46.6038687602859;-23.6328855 -46.6050517;-23.6304816 -46.6038767;310;83;60
124;Thu Mar 14 23:10:41 2019;-23.6328908584029,-46.6050373925733;-23.6304977514816,-46.6038687602859;-23.6328855 -46.6050517;-23.6304816 -46.6038767;310;83;60
125;Thu Mar 14 23:11:41 2019;-23.6328908584029,-46.6050373925733;-23.6304977514816,-46.6038687602859;-23.6328855 -46.6050517;-23.6304816 -46.6038767;310;83;59
126;Thu Mar 14 23:12:41 2019;-23.6328908584029,-46.6050373925733;-23.6304977514816,-46.6038687602859;-23.6328855 -46.6050517;-23.6304816 -46.6038767;310;83;59
127;Thu Mar 14 23:13:40 2019;-23.6328908584029,-46.6050373925733;-23.6304977514816,-46.6038687602859;-23.6328855 -46.6050517;-23.6304816 -46.6038767;310;83;59
128;Thu Mar 14 23:14:41 2019;-23.6328908584029,-46.6050373925733;-23.6304977514816,-46.6038687602859;-23.6328855 -46.6050517;-23.6304816 -46.6038767;310;83;59
129;Thu Mar 14 23:15:41 2019;-23.6328908584029,-46.6050373925733;-23.6304977514816,-46.6038687602859;-23.6328855 -46.6050517;-23.6304816 -46.6038767;310;83;59
130;Thu Mar 14 23:16:41 2019;-23.6328908584029,-46.6050373925733;-23.6304977514816,-46.6038687602859;-23.6328855 -46.6050517;-23.6304816 -46.6038767;310;83;60
131;Thu Mar 14 23:17:41 2019;-23.6328908584029,-46.6050373925733;-23.6304977514816,-46.6038687602859;-23.6328855 -46.6050517;-23.6304816 -46.6038767;310;83;60
132;Thu Mar 14 23:18:41 2019;-23.6328908584029,-46.6050373925733;-23.6304977514816,-46.6038687602859;-23.6328855 -46.6050517;-23.6304816 -46.6038767;310;83;59
133;Thu Mar 14 23:19:41 2019;-23.6328908584029,-46.6050373925733;-23.6304977514816,-46.6038687602859;-23.6328855 -46.6050517;-23.6304816 -46.6038767;310;83;58
134;Thu Mar 14 23:20:41 2019;-23.6328908584029,-46.6050373925733;-23.6304977514816,-46.6038687602859;-23.6328855 -46.6050517;-23.6304816 -46.6038767;310;83;59
135;Thu Mar 14 23:21:41 2019;-23.6328908584029,-46.6050373925733;-23.6304977514816,-46.6038687602859;-23.6328855 -46.6050517;-23.6304816 -46.6038767;310;83;59
136;Thu Mar 14 23:22:41 2019;-23.6328908584029,-46.6050373925733;-23.6304977514816,-46.6038687602859;-23.6328855 -46.6050517;-23.6304816 -46.6038767;310;83;61
137;Thu Mar 14 23:23:41 2019;-23.6328908584029,-46.6050373925733;-23.6304977514816,-46.6038687602859;-23.6328855 -46.6050517;-23.6304816 -46.6038767;310;83;61
138;Thu Mar 14 23:24:41 2019;-23.6328908584029,-46.6050373925733;-23.6304977514816,-46.6038687602859;-23.6328855 -46.6050517;-23.6304816 -46.6038767;310;83;60
139;Thu Mar 14 23:25:41 2019;-23.6328908584029,-46.6050373925733;-23.6304977514816,-46.6038687602859;-23.6328855 -46.6050517;-23.6304816 -46.6038767;310;83;60
140;Thu Mar 14 23:26:41 2019;-23.6328908584029,-46.6050373925733;-23.6304977514816,-46.6038687602859;-23.6328855 -46.6050517;-23.6304816 -46.6038767;310;83;57
141;Thu Mar 14 23:27:41 2019;-23.6328908584029,-46.6050373925733;-23.6304977514816,-46.6038687602859;-23.6328855 -46.6050517;-23.6304816 -46.6038767;310;83;57
142;Thu Mar 14 23:28:41 2019;-23.6328908584029,-46.6050373925733;-23.6304977514816,-46.6038687602859;-23.6328855 -46.6050517;-23.6304816 -46.6038767;310;83;59
143;Thu Mar 14 23:29:41 2019;-23.6328908584029,-46.6050373925733;-23.6304977514816,-46.6038687602859;-23.6328855 -46.6050517;-23.6304816 -46.6038767;310;83;62
144;Thu Mar 14 23:30:41 2019;-23.6328908584029,-46.6050373925733;-23.6304977514816,-46.6038687602859;-23.6328855 -46.6050517;-23.6304816 -46.6038767;310;83;61
145;Thu Mar 14 23:31:41 2019;-23.6328908584029,-46.6050373925733;-23.6304977514816,-46.6038687602859;-23.6328855 -46.6050517;-23.6304816 -46.6038767;310;83;61
146;Thu Mar 14 23:32:41 2019;-23.6328908584029,-46.6050373925733;-23.6304977514816,-46.6038687602859;-23.6328855 -46.6050517;-23.6304816 -46.6038767;310;83;62
147;Thu Mar 14 23:33:41 2019;-23.6328908584029,-46.6050373925733;-23.6304977514816,-46.6038687602859;-23.6328855 -46.6050517;-23.6304816 -46.6038767;310;83;62
148;Thu Mar 14 23:34:41 2019;-23.6328908584029,-46.6050373925733;-23.6304977514816,-46.6038687602859;-23.6328855 -46.6050517;-23.6304816 -46.6038767;310;83;62
149;Thu Mar 14 23:35:41 2019;-23.6328908584029,-46.6050373925733;-23.6304977514816,-46.6038687602859;-23.6328855 -46.6050517;-23.6304816 -46.6038767;310;83;64
150;Thu Mar 14 23:36:41 2019;-23.6328908584029,-46.6050373925733;-23.6304977514816,-46.6038687602859;-23.6328855 -46.6050517;-23.6304816 -46.6038767;310;83;60
151;Thu Mar 14 23:37:41 2019;-23.6328908584029,-46.6050373925733;-23.6304977514816,-46.6038687602859;-23.6328855 -46.6050517;-23.6304816 -46.6038767;310;83;60
152;Thu Mar 14 23:38:41 2019;-23.6328908584029,-46.6050373925733;-23.6304977514816,-46.6038687602859;-23.6328855 -46.6050517;-23.6304816 -46.6038767;310;83;60
153;Thu Mar 14 23:39:41 2019;-23.6328908584029,-46.6050373925733;-23.6304977514816,-46.6038687602859;-23.6328855 -46.6050517;-23.6304816 -46.6038767;310;83;59
154;Thu Mar 14 23:40:41 2019;-23.6328908584029,-46.6050373925733;-23.6304977514816,-46.6038687602859;-23.6328855 -46.6050517;-23.6304816 -46.6038767;310;83;57
155;Thu Mar 14 23:41:41 2019;-23.6328908584029,-46.6050373925733;-23.6304977514816,-46.6038687602859;-23.6328855 -46.6050517;-23.6304816 -46.6038767;310;83;59
156;Thu Mar 14 23:42:41 2019;-23.6328908584029,-46.6050373925733;-23.6304977514816,-46.6038687602859;-23.6328855 -46.6050517;-23.6304816 -46.6038767;310;83;58
157;Thu Mar 14 23:43:41 2019;-23.6328908584029,-46.6050373925733;-23.6304977514816,-46.6038687602859;-23.6328855 -46.6050517;-23.6304816 -46.6038767;310;83;58
158;Thu Mar 14 23:44:41 2019;-23.6328908584029,-46.6050373925733;-23.6304977514816,-46.6038687602859;-23.6328855 -46.6050517;-23.6304816 -46.6038767;310;83;58
159;Thu Mar 14 23:45:41 2019;-23.6328908584029,-46.6050373925733;-23.6304977514816,-46.6038687602859;-23.6328855 -46.6050517;-23.6304816 -46.6038767;310;83;57
160;Thu Mar 14 23:46:41 2019;-23.6328908584029,-46.6050373925733;-23.6304977514816,-46.6038687602859;-23.6328855 -46.6050517;-23.6304816 -46.6038767;310;83;57
161;Thu Mar 14 23:47:41 2019;-23.6328908584029,-46.6050373925733;-23.6304977514816,-46.6038687602859;-23.6328855 -46.6050517;-23.6304816 -46.6038767;310;83;59
162;Thu Mar 14 23:48:41 2019;-23.6328908584029,-46.6050373925733;-23.6304977514816,-46.6038687602859;-23.6328855 -46.6050517;-23.6304816 -46.6038767;310;83;56
163;Thu Mar 14 23:49:41 2019;-23.6328908584029,-46.6050373925733;-23.6304977514816,-46.6038687602859;-23.6328855 -46.6050517;-23.6304816 -46.6038767;310;83;56
164;Thu Mar 14 23:50:41 2019;-23.6328908584029,-46.6050373925733;-23.6304977514816,-46.6038687602859;-23.6328855 -46.6050517;-23.6304816 -46.6038767;310;83;56
165;Thu Mar 14 23:51:41 2019;-23.6328908584029,-46.6050373925733;-23.6304977514816,-46.6038687602859;-23.6328855 -46.6050517;-23.6304816 -46.6038767;310;83;56
166;Thu Mar 14 23:52:41 2019;-23.6328908584029,-46.6050373925733;-23.6304977514816,-46.6038687602859;-23.6328855 -46.6050517;-23.6304816 -46.6038767;310;83;52
167;Thu Mar 14 23:53:41 2019;-23.6328908584029,-46.6050373925733;-23.6304977514816,-46.6038687602859;-23.6328855 -46.6050517;-23.6304816 -46.6038767;310;83;52
168;Thu Mar 14 23:54:41 2019;-23.6328908584029,-46.6050373925733;-23.6304977514816,-46.6038687602859;-23.6328855 -46.6050517;-23.6304816 -46.6038767;310;83;52
169;Thu Mar 14 23:55:41 2019;-23.6328908584029,-46.6050373925733;-23.6304977514816,-46.6038687602859;-23.6328855 -46.6050517;-23.6304816 -46.6038767;310;83;52
170;Thu Mar 14 23:56:41 2019;-23.6328908584029,-46.6050373925733;-23.6304977514816,-46.6038687602859;-23.6328855 -46.6050517;-23.6304816 -46.6038767;310;83;52
171;Thu Mar 14 23:57:41 2019;-23.6328908584029,-46.6050373925733;-23.6304977514816,-46.6038687602859;-23.6328855 -46.6050517;-23.6304816 -46.6038767;310;83;52
172;Thu Mar 14 23:58:41 2019;-23.6328908584029,-46.6050373925733;-23.6304977514816,-46.6038687602859;-23.6328855 -46.6050517;-23.6304816 -46.6038767;310;83;52
173;Thu Mar 14 23:59:41 2019;-23.6328908584029,-46.6050373925733;-23.6304977514816,-46.6038687602859;-23.6328855 -46.6050517;-23.6304816 -46.6038767;310;83;51
