38972;Thu Mar 14 00:00:09 2019;-23.592821821463,-46.6213078936006;-23.5951072360281,-46.6237893177635;-23.5927983 -46.6213146;-23.5950931 -46.6238061;366;64;48
39213;Thu Mar 14 04:01:14 2019;-23.592821821463,-46.6213078936006;-23.5951072360281,-46.6237893177635;-23.5927983 -46.6213146;-23.5950931 -46.6238061;366;64;42
39214;Thu Mar 14 04:02:09 2019;-23.592821821463,-46.6213078936006;-23.5951072360281,-46.6237893177635;-23.5927983 -46.6213146;-23.5950931 -46.6238061;366;64;42
39215;Thu Mar 14 04:03:09 2019;-23.592821821463,-46.6213078936006;-23.5951072360281,-46.6237893177635;-23.5927983 -46.6213146;-23.5950931 -46.6238061;366;64;42
39216;Thu Mar 14 04:04:09 2019;-23.592821821463,-46.6213078936006;-23.5951072360281,-46.6237893177635;-23.5927983 -46.6213146;-23.5950931 -46.6238061;366;64;42
39217;Thu Mar 14 04:05:09 2019;-23.592821821463,-46.6213078936006;-23.5951072360281,-46.6237893177635;-23.5927983 -46.6213146;-23.5950931 -46.6238061;366;64;42
39218;Thu Mar 14 04:06:09 2019;-23.592821821463,-46.6213078936006;-23.5951072360281,-46.6237893177635;-23.5927983 -46.6213146;-23.5950931 -46.6238061;366;64;42
39219;Thu Mar 14 04:07:09 2019;-23.592821821463,-46.6213078936006;-23.5951072360281,-46.6237893177635;-23.5927983 -46.6213146;-23.5950931 -46.6238061;366;64;42
39220;Thu Mar 14 04:08:09 2019;-23.592821821463,-46.6213078936006;-23.5951072360281,-46.6237893177635;-23.5927983 -46.6213146;-23.5950931 -46.6238061;366;64;42
39221;Thu Mar 14 04:09:09 2019;-23.592821821463,-46.6213078936006;-23.5951072360281,-46.6237893177635;-23.5927983 -46.6213146;-23.5950931 -46.6238061;366;64;42
39222;Thu Mar 14 04:10:09 2019;-23.592821821463,-46.6213078936006;-23.5951072360281,-46.6237893177635;-23.5927983 -46.6213146;-23.5950931 -46.6238061;366;64;42
1;Thu Mar 14 21:07:47 2019;-23.592821821463,-46.6213078936006;-23.5951072360281,-46.6237893177635;-23.5927983 -46.6213146;-23.5950931 -46.6238061;366;64;53
2;Thu Mar 14 21:08:46 2019;-23.592821821463,-46.6213078936006;-23.5951072360281,-46.6237893177635;-23.5927983 -46.6213146;-23.5950931 -46.6238061;366;64;53
3;Thu Mar 14 21:09:43 2019;-23.592821821463,-46.6213078936006;-23.5951072360281,-46.6237893177635;-23.5927983 -46.6213146;-23.5950931 -46.6238061;366;64;53
4;Thu Mar 14 21:10:43 2019;-23.592821821463,-46.6213078936006;-23.5951072360281,-46.6237893177635;-23.5927983 -46.6213146;-23.5950931 -46.6238061;366;64;53
5;Thu Mar 14 21:11:43 2019;-23.592821821463,-46.6213078936006;-23.5951072360281,-46.6237893177635;-23.5927983 -46.6213146;-23.5950931 -46.6238061;366;64;59
6;Thu Mar 14 21:12:42 2019;-23.592821821463,-46.6213078936006;-23.5951072360281,-46.6237893177635;-23.5927983 -46.6213146;-23.5950931 -46.6238061;366;64;58
7;Thu Mar 14 21:13:43 2019;-23.592821821463,-46.6213078936006;-23.5951072360281,-46.6237893177635;-23.5927983 -46.6213146;-23.5950931 -46.6238061;366;64;57
8;Thu Mar 14 21:14:43 2019;-23.592821821463,-46.6213078936006;-23.5951072360281,-46.6237893177635;-23.5927983 -46.6213146;-23.5950931 -46.6238061;366;64;56
9;Thu Mar 14 21:15:43 2019;-23.592821821463,-46.6213078936006;-23.5951072360281,-46.6237893177635;-23.5927983 -46.6213146;-23.5950931 -46.6238061;366;64;81
10;Thu Mar 14 21:16:43 2019;-23.592821821463,-46.6213078936006;-23.5951072360281,-46.6237893177635;-23.5927983 -46.6213146;-23.5950931 -46.6238061;366;64;66
11;Thu Mar 14 21:17:43 2019;-23.592821821463,-46.6213078936006;-23.5951072360281,-46.6237893177635;-23.5927983 -46.6213146;-23.5950931 -46.6238061;366;64;54
12;Thu Mar 14 21:18:44 2019;-23.592821821463,-46.6213078936006;-23.5951072360281,-46.6237893177635;-23.5927983 -46.6213146;-23.5950931 -46.6238061;366;64;54
13;Thu Mar 14 21:19:43 2019;-23.592821821463,-46.6213078936006;-23.5951072360281,-46.6237893177635;-23.5927983 -46.6213146;-23.5950931 -46.6238061;366;64;54
14;Thu Mar 14 21:20:44 2019;-23.592821821463,-46.6213078936006;-23.5951072360281,-46.6237893177635;-23.5927983 -46.6213146;-23.5950931 -46.6238061;366;64;70
15;Thu Mar 14 21:21:44 2019;-23.592821821463,-46.6213078936006;-23.5951072360281,-46.6237893177635;-23.5927983 -46.6213146;-23.5950931 -46.6238061;366;64;71
16;Thu Mar 14 21:22:47 2019;-23.592821821463,-46.6213078936006;-23.5951072360281,-46.6237893177635;-23.5927983 -46.6213146;-23.5950931 -46.6238061;366;64;71
17;Thu Mar 14 21:23:43 2019;-23.592821821463,-46.6213078936006;-23.5951072360281,-46.6237893177635;-23.5927983 -46.6213146;-23.5950931 -46.6238061;366;64;69
18;Thu Mar 14 21:24:43 2019;-23.592821821463,-46.6213078936006;-23.5951072360281,-46.6237893177635;-23.5927983 -46.6213146;-23.5950931 -46.6238061;366;64;62
19;Thu Mar 14 21:25:43 2019;-23.592821821463,-46.6213078936006;-23.5951072360281,-46.6237893177635;-23.5927983 -46.6213146;-23.5950931 -46.6238061;366;64;61
20;Thu Mar 14 21:26:43 2019;-23.592821821463,-46.6213078936006;-23.5951072360281,-46.6237893177635;-23.5927983 -46.6213146;-23.5950931 -46.6238061;366;64;61
21;Thu Mar 14 21:27:43 2019;-23.592821821463,-46.6213078936006;-23.5951072360281,-46.6237893177635;-23.5927983 -46.6213146;-23.5950931 -46.6238061;366;64;61
22;Thu Mar 14 21:28:43 2019;-23.592821821463,-46.6213078936006;-23.5951072360281,-46.6237893177635;-23.5927983 -46.6213146;-23.5950931 -46.6238061;366;64;62
23;Thu Mar 14 21:29:43 2019;-23.592821821463,-46.6213078936006;-23.5951072360281,-46.6237893177635;-23.5927983 -46.6213146;-23.5950931 -46.6238061;366;64;62
24;Thu Mar 14 21:30:43 2019;-23.592821821463,-46.6213078936006;-23.5951072360281,-46.6237893177635;-23.5927983 -46.6213146;-23.5950931 -46.6238061;366;64;61
25;Thu Mar 14 21:31:43 2019;-23.592821821463,-46.6213078936006;-23.5951072360281,-46.6237893177635;-23.5927983 -46.6213146;-23.5950931 -46.6238061;366;64;59
26;Thu Mar 14 21:32:43 2019;-23.592821821463,-46.6213078936006;-23.5951072360281,-46.6237893177635;-23.5927983 -46.6213146;-23.5950931 -46.6238061;366;64;59
27;Thu Mar 14 21:33:43 2019;-23.592821821463,-46.6213078936006;-23.5951072360281,-46.6237893177635;-23.5927983 -46.6213146;-23.5950931 -46.6238061;366;64;59
28;Thu Mar 14 21:34:43 2019;-23.592821821463,-46.6213078936006;-23.5951072360281,-46.6237893177635;-23.5927983 -46.6213146;-23.5950931 -46.6238061;366;64;54
29;Thu Mar 14 21:35:43 2019;-23.592821821463,-46.6213078936006;-23.5951072360281,-46.6237893177635;-23.5927983 -46.6213146;-23.5950931 -46.6238061;366;64;53
30;Thu Mar 14 21:36:43 2019;-23.592821821463,-46.6213078936006;-23.5951072360281,-46.6237893177635;-23.5927983 -46.6213146;-23.5950931 -46.6238061;366;64;53
31;Thu Mar 14 21:37:48 2019;-23.592821821463,-46.6213078936006;-23.5951072360281,-46.6237893177635;-23.5927983 -46.6213146;-23.5950931 -46.6238061;366;64;52
32;Thu Mar 14 21:38:43 2019;-23.592821821463,-46.6213078936006;-23.5951072360281,-46.6237893177635;-23.5927983 -46.6213146;-23.5950931 -46.6238061;366;64;52
33;Thu Mar 14 21:39:43 2019;-23.592821821463,-46.6213078936006;-23.5951072360281,-46.6237893177635;-23.5927983 -46.6213146;-23.5950931 -46.6238061;366;64;53
34;Thu Mar 14 21:40:43 2019;-23.592821821463,-46.6213078936006;-23.5951072360281,-46.6237893177635;-23.5927983 -46.6213146;-23.5950931 -46.6238061;366;64;53
35;Thu Mar 14 21:41:43 2019;-23.592821821463,-46.6213078936006;-23.5951072360281,-46.6237893177635;-23.5927983 -46.6213146;-23.5950931 -46.6238061;366;64;53
36;Thu Mar 14 21:42:43 2019;-23.592821821463,-46.6213078936006;-23.5951072360281,-46.6237893177635;-23.5927983 -46.6213146;-23.5950931 -46.6238061;366;64;70
37;Thu Mar 14 21:43:43 2019;-23.592821821463,-46.6213078936006;-23.5951072360281,-46.6237893177635;-23.5927983 -46.6213146;-23.5950931 -46.6238061;366;64;86
38;Thu Mar 14 21:44:43 2019;-23.592821821463,-46.6213078936006;-23.5951072360281,-46.6237893177635;-23.5927983 -46.6213146;-23.5950931 -46.6238061;366;64;86
39;Thu Mar 14 21:45:43 2019;-23.592821821463,-46.6213078936006;-23.5951072360281,-46.6237893177635;-23.5927983 -46.6213146;-23.5950931 -46.6238061;366;64;67
40;Thu Mar 14 21:46:43 2019;-23.592821821463,-46.6213078936006;-23.5951072360281,-46.6237893177635;-23.5927983 -46.6213146;-23.5950931 -46.6238061;366;64;65
41;Thu Mar 14 21:47:43 2019;-23.592821821463,-46.6213078936006;-23.5951072360281,-46.6237893177635;-23.5927983 -46.6213146;-23.5950931 -46.6238061;366;64;61
42;Thu Mar 14 21:48:43 2019;-23.592821821463,-46.6213078936006;-23.5951072360281,-46.6237893177635;-23.5927983 -46.6213146;-23.5950931 -46.6238061;366;64;61
43;Thu Mar 14 21:49:43 2019;-23.592821821463,-46.6213078936006;-23.5951072360281,-46.6237893177635;-23.5927983 -46.6213146;-23.5950931 -46.6238061;366;64;60
44;Thu Mar 14 21:50:43 2019;-23.592821821463,-46.6213078936006;-23.5951072360281,-46.6237893177635;-23.5927983 -46.6213146;-23.5950931 -46.6238061;366;64;60
45;Thu Mar 14 21:51:43 2019;-23.592821821463,-46.6213078936006;-23.5951072360281,-46.6237893177635;-23.5927983 -46.6213146;-23.5950931 -46.6238061;366;64;57
46;Thu Mar 14 21:52:47 2019;-23.592821821463,-46.6213078936006;-23.5951072360281,-46.6237893177635;-23.5927983 -46.6213146;-23.5950931 -46.6238061;366;64;56
47;Thu Mar 14 21:53:43 2019;-23.592821821463,-46.6213078936006;-23.5951072360281,-46.6237893177635;-23.5927983 -46.6213146;-23.5950931 -46.6238061;366;64;56
48;Thu Mar 14 21:54:43 2019;-23.592821821463,-46.6213078936006;-23.5951072360281,-46.6237893177635;-23.5927983 -46.6213146;-23.5950931 -46.6238061;366;64;56
49;Thu Mar 14 21:55:43 2019;-23.592821821463,-46.6213078936006;-23.5951072360281,-46.6237893177635;-23.5927983 -46.6213146;-23.5950931 -46.6238061;366;64;61
50;Thu Mar 14 21:56:43 2019;-23.592821821463,-46.6213078936006;-23.5951072360281,-46.6237893177635;-23.5927983 -46.6213146;-23.5950931 -46.6238061;366;64;60
51;Thu Mar 14 21:57:43 2019;-23.592821821463,-46.6213078936006;-23.5951072360281,-46.6237893177635;-23.5927983 -46.6213146;-23.5950931 -46.6238061;366;64;60
52;Thu Mar 14 21:58:43 2019;-23.592821821463,-46.6213078936006;-23.5951072360281,-46.6237893177635;-23.5927983 -46.6213146;-23.5950931 -46.6238061;366;64;56
53;Thu Mar 14 21:59:43 2019;-23.592821821463,-46.6213078936006;-23.5951072360281,-46.6237893177635;-23.5927983 -46.6213146;-23.5950931 -46.6238061;366;64;53
54;Thu Mar 14 22:00:43 2019;-23.592821821463,-46.6213078936006;-23.5951072360281,-46.6237893177635;-23.5927983 -46.6213146;-23.5950931 -46.6238061;366;64;53
55;Thu Mar 14 22:01:43 2019;-23.592821821463,-46.6213078936006;-23.5951072360281,-46.6237893177635;-23.5927983 -46.6213146;-23.5950931 -46.6238061;366;64;53
56;Thu Mar 14 22:02:44 2019;-23.592821821463,-46.6213078936006;-23.5951072360281,-46.6237893177635;-23.5927983 -46.6213146;-23.5950931 -46.6238061;366;64;53
57;Thu Mar 14 22:03:43 2019;-23.592821821463,-46.6213078936006;-23.5951072360281,-46.6237893177635;-23.5927983 -46.6213146;-23.5950931 -46.6238061;366;64;53
58;Thu Mar 14 22:04:43 2019;-23.592821821463,-46.6213078936006;-23.5951072360281,-46.6237893177635;-23.5927983 -46.6213146;-23.5950931 -46.6238061;366;64;53
59;Thu Mar 14 22:05:43 2019;-23.592821821463,-46.6213078936006;-23.5951072360281,-46.6237893177635;-23.5927983 -46.6213146;-23.5950931 -46.6238061;366;64;53
60;Thu Mar 14 22:06:44 2019;-23.592821821463,-46.6213078936006;-23.5951072360281,-46.6237893177635;-23.5927983 -46.6213146;-23.5950931 -46.6238061;366;64;53
61;Thu Mar 14 22:07:47 2019;-23.592821821463,-46.6213078936006;-23.5951072360281,-46.6237893177635;-23.5927983 -46.6213146;-23.5950931 -46.6238061;366;64;52
62;Thu Mar 14 22:08:43 2019;-23.592821821463,-46.6213078936006;-23.5951072360281,-46.6237893177635;-23.5927983 -46.6213146;-23.5950931 -46.6238061;366;64;53
63;Thu Mar 14 22:09:43 2019;-23.592821821463,-46.6213078936006;-23.5951072360281,-46.6237893177635;-23.5927983 -46.6213146;-23.5950931 -46.6238061;366;64;51
64;Thu Mar 14 22:10:43 2019;-23.592821821463,-46.6213078936006;-23.5951072360281,-46.6237893177635;-23.5927983 -46.6213146;-23.5950931 -46.6238061;366;64;51
65;Thu Mar 14 22:11:43 2019;-23.592821821463,-46.6213078936006;-23.5951072360281,-46.6237893177635;-23.5927983 -46.6213146;-23.5950931 -46.6238061;366;64;51
66;Thu Mar 14 22:12:43 2019;-23.592821821463,-46.6213078936006;-23.5951072360281,-46.6237893177635;-23.5927983 -46.6213146;-23.5950931 -46.6238061;366;64;51
67;Thu Mar 14 22:13:43 2019;-23.592821821463,-46.6213078936006;-23.5951072360281,-46.6237893177635;-23.5927983 -46.6213146;-23.5950931 -46.6238061;366;64;51
68;Thu Mar 14 22:14:43 2019;-23.592821821463,-46.6213078936006;-23.5951072360281,-46.6237893177635;-23.5927983 -46.6213146;-23.5950931 -46.6238061;366;64;51
69;Thu Mar 14 22:15:43 2019;-23.592821821463,-46.6213078936006;-23.5951072360281,-46.6237893177635;-23.5927983 -46.6213146;-23.5950931 -46.6238061;366;64;56
70;Thu Mar 14 22:16:43 2019;-23.592821821463,-46.6213078936006;-23.5951072360281,-46.6237893177635;-23.5927983 -46.6213146;-23.5950931 -46.6238061;366;64;53
71;Thu Mar 14 22:17:43 2019;-23.592821821463,-46.6213078936006;-23.5951072360281,-46.6237893177635;-23.5927983 -46.6213146;-23.5950931 -46.6238061;366;64;53
72;Thu Mar 14 22:18:43 2019;-23.592821821463,-46.6213078936006;-23.5951072360281,-46.6237893177635;-23.5927983 -46.6213146;-23.5950931 -46.6238061;366;64;60
73;Thu Mar 14 22:19:44 2019;-23.592821821463,-46.6213078936006;-23.5951072360281,-46.6237893177635;-23.5927983 -46.6213146;-23.5950931 -46.6238061;366;64;59
74;Thu Mar 14 22:20:43 2019;-23.592821821463,-46.6213078936006;-23.5951072360281,-46.6237893177635;-23.5927983 -46.6213146;-23.5950931 -46.6238061;366;64;59
75;Thu Mar 14 22:21:43 2019;-23.592821821463,-46.6213078936006;-23.5951072360281,-46.6237893177635;-23.5927983 -46.6213146;-23.5950931 -46.6238061;366;64;57
76;Thu Mar 14 22:22:47 2019;-23.592821821463,-46.6213078936006;-23.5951072360281,-46.6237893177635;-23.5927983 -46.6213146;-23.5950931 -46.6238061;366;64;58
77;Thu Mar 14 22:23:43 2019;-23.592821821463,-46.6213078936006;-23.5951072360281,-46.6237893177635;-23.5927983 -46.6213146;-23.5950931 -46.6238061;366;64;58
78;Thu Mar 14 22:24:42 2019;-23.592821821463,-46.6213078936006;-23.5951072360281,-46.6237893177635;-23.5927983 -46.6213146;-23.5950931 -46.6238061;366;64;62
79;Thu Mar 14 22:25:44 2019;-23.592821821463,-46.6213078936006;-23.5951072360281,-46.6237893177635;-23.5927983 -46.6213146;-23.5950931 -46.6238061;366;64;62
80;Thu Mar 14 22:26:43 2019;-23.592821821463,-46.6213078936006;-23.5951072360281,-46.6237893177635;-23.5927983 -46.6213146;-23.5950931 -46.6238061;366;64;59
81;Thu Mar 14 22:27:43 2019;-23.592821821463,-46.6213078936006;-23.5951072360281,-46.6237893177635;-23.5927983 -46.6213146;-23.5950931 -46.6238061;366;64;62
82;Thu Mar 14 22:28:43 2019;-23.592821821463,-46.6213078936006;-23.5951072360281,-46.6237893177635;-23.5927983 -46.6213146;-23.5950931 -46.6238061;366;64;71
83;Thu Mar 14 22:29:43 2019;-23.592821821463,-46.6213078936006;-23.5951072360281,-46.6237893177635;-23.5927983 -46.6213146;-23.5950931 -46.6238061;366;64;71
84;Thu Mar 14 22:30:43 2019;-23.592821821463,-46.6213078936006;-23.5951072360281,-46.6237893177635;-23.5927983 -46.6213146;-23.5950931 -46.6238061;366;64;66
85;Thu Mar 14 22:31:44 2019;-23.592821821463,-46.6213078936006;-23.5951072360281,-46.6237893177635;-23.5927983 -46.6213146;-23.5950931 -46.6238061;366;64;68
86;Thu Mar 14 22:32:43 2019;-23.592821821463,-46.6213078936006;-23.5951072360281,-46.6237893177635;-23.5927983 -46.6213146;-23.5950931 -46.6238061;366;64;67
87;Thu Mar 14 22:33:43 2019;-23.592821821463,-46.6213078936006;-23.5951072360281,-46.6237893177635;-23.5927983 -46.6213146;-23.5950931 -46.6238061;366;64;66
88;Thu Mar 14 22:34:43 2019;-23.592821821463,-46.6213078936006;-23.5951072360281,-46.6237893177635;-23.5927983 -46.6213146;-23.5950931 -46.6238061;366;64;71
89;Thu Mar 14 22:35:42 2019;-23.592821821463,-46.6213078936006;-23.5951072360281,-46.6237893177635;-23.5927983 -46.6213146;-23.5950931 -46.6238061;366;64;71
90;Thu Mar 14 22:36:43 2019;-23.592821821463,-46.6213078936006;-23.5951072360281,-46.6237893177635;-23.5927983 -46.6213146;-23.5950931 -46.6238061;366;64;74
91;Thu Mar 14 22:37:47 2019;-23.592821821463,-46.6213078936006;-23.5951072360281,-46.6237893177635;-23.5927983 -46.6213146;-23.5950931 -46.6238061;366;64;74
92;Thu Mar 14 22:38:44 2019;-23.592821821463,-46.6213078936006;-23.5951072360281,-46.6237893177635;-23.5927983 -46.6213146;-23.5950931 -46.6238061;366;64;75
93;Thu Mar 14 22:39:43 2019;-23.592821821463,-46.6213078936006;-23.5951072360281,-46.6237893177635;-23.5927983 -46.6213146;-23.5950931 -46.6238061;366;64;69
94;Thu Mar 14 22:40:44 2019;-23.592821821463,-46.6213078936006;-23.5951072360281,-46.6237893177635;-23.5927983 -46.6213146;-23.5950931 -46.6238061;366;64;50
95;Thu Mar 14 22:41:43 2019;-23.592821821463,-46.6213078936006;-23.5951072360281,-46.6237893177635;-23.5927983 -46.6213146;-23.5950931 -46.6238061;366;64;51
96;Thu Mar 14 22:42:43 2019;-23.592821821463,-46.6213078936006;-23.5951072360281,-46.6237893177635;-23.5927983 -46.6213146;-23.5950931 -46.6238061;366;64;50
97;Thu Mar 14 22:43:43 2019;-23.592821821463,-46.6213078936006;-23.5951072360281,-46.6237893177635;-23.5927983 -46.6213146;-23.5950931 -46.6238061;366;64;51
98;Thu Mar 14 22:44:43 2019;-23.592821821463,-46.6213078936006;-23.5951072360281,-46.6237893177635;-23.5927983 -46.6213146;-23.5950931 -46.6238061;366;64;53
99;Thu Mar 14 22:45:43 2019;-23.592821821463,-46.6213078936006;-23.5951072360281,-46.6237893177635;-23.5927983 -46.6213146;-23.5950931 -46.6238061;366;64;53
100;Thu Mar 14 22:46:43 2019;-23.592821821463,-46.6213078936006;-23.5951072360281,-46.6237893177635;-23.5927983 -46.6213146;-23.5950931 -46.6238061;366;64;53
101;Thu Mar 14 22:47:43 2019;-23.592821821463,-46.6213078936006;-23.5951072360281,-46.6237893177635;-23.5927983 -46.6213146;-23.5950931 -46.6238061;366;64;52
102;Thu Mar 14 22:48:43 2019;-23.592821821463,-46.6213078936006;-23.5951072360281,-46.6237893177635;-23.5927983 -46.6213146;-23.5950931 -46.6238061;366;64;53
103;Thu Mar 14 22:49:44 2019;-23.592821821463,-46.6213078936006;-23.5951072360281,-46.6237893177635;-23.5927983 -46.6213146;-23.5950931 -46.6238061;366;64;53
104;Thu Mar 14 22:50:44 2019;-23.592821821463,-46.6213078936006;-23.5951072360281,-46.6237893177635;-23.5927983 -46.6213146;-23.5950931 -46.6238061;366;64;54
105;Thu Mar 14 22:51:43 2019;-23.592821821463,-46.6213078936006;-23.5951072360281,-46.6237893177635;-23.5927983 -46.6213146;-23.5950931 -46.6238061;366;64;52
106;Thu Mar 14 22:52:48 2019;-23.592821821463,-46.6213078936006;-23.5951072360281,-46.6237893177635;-23.5927983 -46.6213146;-23.5950931 -46.6238061;366;64;52
107;Thu Mar 14 22:53:43 2019;-23.592821821463,-46.6213078936006;-23.5951072360281,-46.6237893177635;-23.5927983 -46.6213146;-23.5950931 -46.6238061;366;64;52
108;Thu Mar 14 22:54:43 2019;-23.592821821463,-46.6213078936006;-23.5951072360281,-46.6237893177635;-23.5927983 -46.6213146;-23.5950931 -46.6238061;366;64;75
109;Thu Mar 14 22:55:43 2019;-23.592821821463,-46.6213078936006;-23.5951072360281,-46.6237893177635;-23.5927983 -46.6213146;-23.5950931 -46.6238061;366;64;52
110;Thu Mar 14 22:56:43 2019;-23.592821821463,-46.6213078936006;-23.5951072360281,-46.6237893177635;-23.5927983 -46.6213146;-23.5950931 -46.6238061;366;64;52
111;Thu Mar 14 22:57:44 2019;-23.592821821463,-46.6213078936006;-23.5951072360281,-46.6237893177635;-23.5927983 -46.6213146;-23.5950931 -46.6238061;366;64;52
112;Thu Mar 14 22:58:43 2019;-23.592821821463,-46.6213078936006;-23.5951072360281,-46.6237893177635;-23.5927983 -46.6213146;-23.5950931 -46.6238061;366;64;51
113;Thu Mar 14 22:59:43 2019;-23.592821821463,-46.6213078936006;-23.5951072360281,-46.6237893177635;-23.5927983 -46.6213146;-23.5950931 -46.6238061;366;64;51
114;Thu Mar 14 23:00:43 2019;-23.592821821463,-46.6213078936006;-23.5951072360281,-46.6237893177635;-23.5927983 -46.6213146;-23.5950931 -46.6238061;366;64;50
115;Thu Mar 14 23:01:43 2019;-23.592821821463,-46.6213078936006;-23.5951072360281,-46.6237893177635;-23.5927983 -46.6213146;-23.5950931 -46.6238061;366;64;49
116;Thu Mar 14 23:02:43 2019;-23.592821821463,-46.6213078936006;-23.5951072360281,-46.6237893177635;-23.5927983 -46.6213146;-23.5950931 -46.6238061;366;64;49
117;Thu Mar 14 23:03:43 2019;-23.592821821463,-46.6213078936006;-23.5951072360281,-46.6237893177635;-23.5927983 -46.6213146;-23.5950931 -46.6238061;366;64;49
118;Thu Mar 14 23:04:43 2019;-23.592821821463,-46.6213078936006;-23.5951072360281,-46.6237893177635;-23.5927983 -46.6213146;-23.5950931 -46.6238061;366;64;50
119;Thu Mar 14 23:05:43 2019;-23.592821821463,-46.6213078936006;-23.5951072360281,-46.6237893177635;-23.5927983 -46.6213146;-23.5950931 -46.6238061;366;64;50
120;Thu Mar 14 23:06:42 2019;-23.592821821463,-46.6213078936006;-23.5951072360281,-46.6237893177635;-23.5927983 -46.6213146;-23.5950931 -46.6238061;366;64;50
121;Thu Mar 14 23:07:47 2019;-23.592821821463,-46.6213078936006;-23.5951072360281,-46.6237893177635;-23.5927983 -46.6213146;-23.5950931 -46.6238061;366;64;47
122;Thu Mar 14 23:08:43 2019;-23.592821821463,-46.6213078936006;-23.5951072360281,-46.6237893177635;-23.5927983 -46.6213146;-23.5950931 -46.6238061;366;64;47
123;Thu Mar 14 23:09:43 2019;-23.592821821463,-46.6213078936006;-23.5951072360281,-46.6237893177635;-23.5927983 -46.6213146;-23.5950931 -46.6238061;366;64;47
124;Thu Mar 14 23:10:43 2019;-23.592821821463,-46.6213078936006;-23.5951072360281,-46.6237893177635;-23.5927983 -46.6213146;-23.5950931 -46.6238061;366;64;52
125;Thu Mar 14 23:11:43 2019;-23.592821821463,-46.6213078936006;-23.5951072360281,-46.6237893177635;-23.5927983 -46.6213146;-23.5950931 -46.6238061;366;64;52
126;Thu Mar 14 23:12:43 2019;-23.592821821463,-46.6213078936006;-23.5951072360281,-46.6237893177635;-23.5927983 -46.6213146;-23.5950931 -46.6238061;366;64;48
127;Thu Mar 14 23:13:42 2019;-23.592821821463,-46.6213078936006;-23.5951072360281,-46.6237893177635;-23.5927983 -46.6213146;-23.5950931 -46.6238061;366;64;49
128;Thu Mar 14 23:14:43 2019;-23.592821821463,-46.6213078936006;-23.5951072360281,-46.6237893177635;-23.5927983 -46.6213146;-23.5950931 -46.6238061;366;64;51
129;Thu Mar 14 23:15:43 2019;-23.592821821463,-46.6213078936006;-23.5951072360281,-46.6237893177635;-23.5927983 -46.6213146;-23.5950931 -46.6238061;366;64;51
130;Thu Mar 14 23:16:43 2019;-23.592821821463,-46.6213078936006;-23.5951072360281,-46.6237893177635;-23.5927983 -46.6213146;-23.5950931 -46.6238061;366;64;51
131;Thu Mar 14 23:17:43 2019;-23.592821821463,-46.6213078936006;-23.5951072360281,-46.6237893177635;-23.5927983 -46.6213146;-23.5950931 -46.6238061;366;64;51
132;Thu Mar 14 23:18:43 2019;-23.592821821463,-46.6213078936006;-23.5951072360281,-46.6237893177635;-23.5927983 -46.6213146;-23.5950931 -46.6238061;366;64;51
133;Thu Mar 14 23:19:42 2019;-23.592821821463,-46.6213078936006;-23.5951072360281,-46.6237893177635;-23.5927983 -46.6213146;-23.5950931 -46.6238061;366;64;50
134;Thu Mar 14 23:20:43 2019;-23.592821821463,-46.6213078936006;-23.5951072360281,-46.6237893177635;-23.5927983 -46.6213146;-23.5950931 -46.6238061;366;64;50
135;Thu Mar 14 23:21:43 2019;-23.592821821463,-46.6213078936006;-23.5951072360281,-46.6237893177635;-23.5927983 -46.6213146;-23.5950931 -46.6238061;366;64;57
136;Thu Mar 14 23:22:46 2019;-23.592821821463,-46.6213078936006;-23.5951072360281,-46.6237893177635;-23.5927983 -46.6213146;-23.5950931 -46.6238061;366;64;57
137;Thu Mar 14 23:23:43 2019;-23.592821821463,-46.6213078936006;-23.5951072360281,-46.6237893177635;-23.5927983 -46.6213146;-23.5950931 -46.6238061;366;64;57
138;Thu Mar 14 23:24:43 2019;-23.592821821463,-46.6213078936006;-23.5951072360281,-46.6237893177635;-23.5927983 -46.6213146;-23.5950931 -46.6238061;366;64;56
139;Thu Mar 14 23:25:43 2019;-23.592821821463,-46.6213078936006;-23.5951072360281,-46.6237893177635;-23.5927983 -46.6213146;-23.5950931 -46.6238061;366;64;53
140;Thu Mar 14 23:26:43 2019;-23.592821821463,-46.6213078936006;-23.5951072360281,-46.6237893177635;-23.5927983 -46.6213146;-23.5950931 -46.6238061;366;64;53
141;Thu Mar 14 23:27:43 2019;-23.592821821463,-46.6213078936006;-23.5951072360281,-46.6237893177635;-23.5927983 -46.6213146;-23.5950931 -46.6238061;366;64;62
142;Thu Mar 14 23:28:43 2019;-23.592821821463,-46.6213078936006;-23.5951072360281,-46.6237893177635;-23.5927983 -46.6213146;-23.5950931 -46.6238061;366;64;62
143;Thu Mar 14 23:29:42 2019;-23.592821821463,-46.6213078936006;-23.5951072360281,-46.6237893177635;-23.5927983 -46.6213146;-23.5950931 -46.6238061;366;64;61
144;Thu Mar 14 23:30:43 2019;-23.592821821463,-46.6213078936006;-23.5951072360281,-46.6237893177635;-23.5927983 -46.6213146;-23.5950931 -46.6238061;366;64;60
145;Thu Mar 14 23:31:43 2019;-23.592821821463,-46.6213078936006;-23.5951072360281,-46.6237893177635;-23.5927983 -46.6213146;-23.5950931 -46.6238061;366;64;61
146;Thu Mar 14 23:32:43 2019;-23.592821821463,-46.6213078936006;-23.5951072360281,-46.6237893177635;-23.5927983 -46.6213146;-23.5950931 -46.6238061;366;64;61
147;Thu Mar 14 23:33:43 2019;-23.592821821463,-46.6213078936006;-23.5951072360281,-46.6237893177635;-23.5927983 -46.6213146;-23.5950931 -46.6238061;366;64;61
148;Thu Mar 14 23:34:43 2019;-23.592821821463,-46.6213078936006;-23.5951072360281,-46.6237893177635;-23.5927983 -46.6213146;-23.5950931 -46.6238061;366;64;61
149;Thu Mar 14 23:35:43 2019;-23.592821821463,-46.6213078936006;-23.5951072360281,-46.6237893177635;-23.5927983 -46.6213146;-23.5950931 -46.6238061;366;64;55
150;Thu Mar 14 23:36:43 2019;-23.592821821463,-46.6213078936006;-23.5951072360281,-46.6237893177635;-23.5927983 -46.6213146;-23.5950931 -46.6238061;366;64;55
151;Thu Mar 14 23:37:46 2019;-23.592821821463,-46.6213078936006;-23.5951072360281,-46.6237893177635;-23.5927983 -46.6213146;-23.5950931 -46.6238061;366;64;55
152;Thu Mar 14 23:38:43 2019;-23.592821821463,-46.6213078936006;-23.5951072360281,-46.6237893177635;-23.5927983 -46.6213146;-23.5950931 -46.6238061;366;64;55
153;Thu Mar 14 23:39:43 2019;-23.592821821463,-46.6213078936006;-23.5951072360281,-46.6237893177635;-23.5927983 -46.6213146;-23.5950931 -46.6238061;366;64;55
154;Thu Mar 14 23:40:42 2019;-23.592821821463,-46.6213078936006;-23.5951072360281,-46.6237893177635;-23.5927983 -46.6213146;-23.5950931 -46.6238061;366;64;68
155;Thu Mar 14 23:41:43 2019;-23.592821821463,-46.6213078936006;-23.5951072360281,-46.6237893177635;-23.5927983 -46.6213146;-23.5950931 -46.6238061;366;64;69
156;Thu Mar 14 23:42:43 2019;-23.592821821463,-46.6213078936006;-23.5951072360281,-46.6237893177635;-23.5927983 -46.6213146;-23.5950931 -46.6238061;366;64;57
157;Thu Mar 14 23:43:43 2019;-23.592821821463,-46.6213078936006;-23.5951072360281,-46.6237893177635;-23.5927983 -46.6213146;-23.5950931 -46.6238061;366;64;57
158;Thu Mar 14 23:44:43 2019;-23.592821821463,-46.6213078936006;-23.5951072360281,-46.6237893177635;-23.5927983 -46.6213146;-23.5950931 -46.6238061;366;64;56
159;Thu Mar 14 23:45:42 2019;-23.592821821463,-46.6213078936006;-23.5951072360281,-46.6237893177635;-23.5927983 -46.6213146;-23.5950931 -46.6238061;366;64;56
160;Thu Mar 14 23:46:43 2019;-23.592821821463,-46.6213078936006;-23.5951072360281,-46.6237893177635;-23.5927983 -46.6213146;-23.5950931 -46.6238061;366;64;47
161;Thu Mar 14 23:47:43 2019;-23.592821821463,-46.6213078936006;-23.5951072360281,-46.6237893177635;-23.5927983 -46.6213146;-23.5950931 -46.6238061;366;64;47
162;Thu Mar 14 23:48:43 2019;-23.592821821463,-46.6213078936006;-23.5951072360281,-46.6237893177635;-23.5927983 -46.6213146;-23.5950931 -46.6238061;366;64;47
163;Thu Mar 14 23:49:43 2019;-23.592821821463,-46.6213078936006;-23.5951072360281,-46.6237893177635;-23.5927983 -46.6213146;-23.5950931 -46.6238061;366;64;46
164;Thu Mar 14 23:50:43 2019;-23.592821821463,-46.6213078936006;-23.5951072360281,-46.6237893177635;-23.5927983 -46.6213146;-23.5950931 -46.6238061;366;64;47
165;Thu Mar 14 23:51:43 2019;-23.592821821463,-46.6213078936006;-23.5951072360281,-46.6237893177635;-23.5927983 -46.6213146;-23.5950931 -46.6238061;366;64;47
166;Thu Mar 14 23:52:46 2019;-23.592821821463,-46.6213078936006;-23.5951072360281,-46.6237893177635;-23.5927983 -46.6213146;-23.5950931 -46.6238061;366;64;47
167;Thu Mar 14 23:53:44 2019;-23.592821821463,-46.6213078936006;-23.5951072360281,-46.6237893177635;-23.5927983 -46.6213146;-23.5950931 -46.6238061;366;64;47
168;Thu Mar 14 23:54:43 2019;-23.592821821463,-46.6213078936006;-23.5951072360281,-46.6237893177635;-23.5927983 -46.6213146;-23.5950931 -46.6238061;366;64;47
169;Thu Mar 14 23:55:43 2019;-23.592821821463,-46.6213078936006;-23.5951072360281,-46.6237893177635;-23.5927983 -46.6213146;-23.5950931 -46.6238061;366;64;47
170;Thu Mar 14 23:56:43 2019;-23.592821821463,-46.6213078936006;-23.5951072360281,-46.6237893177635;-23.5927983 -46.6213146;-23.5950931 -46.6238061;366;64;47
171;Thu Mar 14 23:57:43 2019;-23.592821821463,-46.6213078936006;-23.5951072360281,-46.6237893177635;-23.5927983 -46.6213146;-23.5950931 -46.6238061;366;64;47
172;Thu Mar 14 23:58:43 2019;-23.592821821463,-46.6213078936006;-23.5951072360281,-46.6237893177635;-23.5927983 -46.6213146;-23.5950931 -46.6238061;366;64;47
173;Thu Mar 14 23:59:43 2019;-23.592821821463,-46.6213078936006;-23.5951072360281,-46.6237893177635;-23.5927983 -46.6213146;-23.5950931 -46.6238061;366;64;48
