38972;Thu Mar 14 00:00:08 2019;-23.6294293937468,-46.6047248879112;-23.6272805616842,-46.6063075256665;-23.6294585 -46.6047459;-23.6272832 -46.6063177;301;63;46
39213;Thu Mar 14 04:01:09 2019;-23.6294293937468,-46.6047248879112;-23.6272805616842,-46.6063075256665;-23.6294585 -46.6047459;-23.6272832 -46.6063177;301;63;34
39214;Thu Mar 14 04:02:08 2019;-23.6294293937468,-46.6047248879112;-23.6272805616842,-46.6063075256665;-23.6294585 -46.6047459;-23.6272832 -46.6063177;301;63;34
39215;Thu Mar 14 04:03:08 2019;-23.6294293937468,-46.6047248879112;-23.6272805616842,-46.6063075256665;-23.6294585 -46.6047459;-23.6272832 -46.6063177;301;63;34
39216;Thu Mar 14 04:04:08 2019;-23.6294293937468,-46.6047248879112;-23.6272805616842,-46.6063075256665;-23.6294585 -46.6047459;-23.6272832 -46.6063177;301;63;34
39217;Thu Mar 14 04:05:08 2019;-23.6294293937468,-46.6047248879112;-23.6272805616842,-46.6063075256665;-23.6294585 -46.6047459;-23.6272832 -46.6063177;301;63;34
39218;Thu Mar 14 04:06:08 2019;-23.6294293937468,-46.6047248879112;-23.6272805616842,-46.6063075256665;-23.6294585 -46.6047459;-23.6272832 -46.6063177;301;63;34
39219;Thu Mar 14 04:07:08 2019;-23.6294293937468,-46.6047248879112;-23.6272805616842,-46.6063075256665;-23.6294585 -46.6047459;-23.6272832 -46.6063177;301;63;34
39220;Thu Mar 14 04:08:08 2019;-23.6294293937468,-46.6047248879112;-23.6272805616842,-46.6063075256665;-23.6294585 -46.6047459;-23.6272832 -46.6063177;301;63;34
39221;Thu Mar 14 04:09:08 2019;-23.6294293937468,-46.6047248879112;-23.6272805616842,-46.6063075256665;-23.6294585 -46.6047459;-23.6272832 -46.6063177;301;63;34
39222;Thu Mar 14 04:10:08 2019;-23.6294293937468,-46.6047248879112;-23.6272805616842,-46.6063075256665;-23.6294585 -46.6047459;-23.6272832 -46.6063177;301;63;34
1;Thu Mar 14 21:07:45 2019;-23.6294293937468,-46.6047248879112;-23.6272805616842,-46.6063075256665;-23.6294585 -46.6047459;-23.6272832 -46.6063177;301;63;57
2;Thu Mar 14 21:08:44 2019;-23.6294293937468,-46.6047248879112;-23.6272805616842,-46.6063075256665;-23.6294585 -46.6047459;-23.6272832 -46.6063177;301;63;57
3;Thu Mar 14 21:09:41 2019;-23.6294293937468,-46.6047248879112;-23.6272805616842,-46.6063075256665;-23.6294585 -46.6047459;-23.6272832 -46.6063177;301;63;58
4;Thu Mar 14 21:10:41 2019;-23.6294293937468,-46.6047248879112;-23.6272805616842,-46.6063075256665;-23.6294585 -46.6047459;-23.6272832 -46.6063177;301;63;58
5;Thu Mar 14 21:11:41 2019;-23.6294293937468,-46.6047248879112;-23.6272805616842,-46.6063075256665;-23.6294585 -46.6047459;-23.6272832 -46.6063177;301;63;54
6;Thu Mar 14 21:12:41 2019;-23.6294293937468,-46.6047248879112;-23.6272805616842,-46.6063075256665;-23.6294585 -46.6047459;-23.6272832 -46.6063177;301;63;62
7;Thu Mar 14 21:13:41 2019;-23.6294293937468,-46.6047248879112;-23.6272805616842,-46.6063075256665;-23.6294585 -46.6047459;-23.6272832 -46.6063177;301;63;62
8;Thu Mar 14 21:14:42 2019;-23.6294293937468,-46.6047248879112;-23.6272805616842,-46.6063075256665;-23.6294585 -46.6047459;-23.6272832 -46.6063177;301;63;60
9;Thu Mar 14 21:15:41 2019;-23.6294293937468,-46.6047248879112;-23.6272805616842,-46.6063075256665;-23.6294585 -46.6047459;-23.6272832 -46.6063177;301;63;61
10;Thu Mar 14 21:16:42 2019;-23.6294293937468,-46.6047248879112;-23.6272805616842,-46.6063075256665;-23.6294585 -46.6047459;-23.6272832 -46.6063177;301;63;58
11;Thu Mar 14 21:17:41 2019;-23.6294293937468,-46.6047248879112;-23.6272805616842,-46.6063075256665;-23.6294585 -46.6047459;-23.6272832 -46.6063177;301;63;54
12;Thu Mar 14 21:18:42 2019;-23.6294293937468,-46.6047248879112;-23.6272805616842,-46.6063075256665;-23.6294585 -46.6047459;-23.6272832 -46.6063177;301;63;54
13;Thu Mar 14 21:19:41 2019;-23.6294293937468,-46.6047248879112;-23.6272805616842,-46.6063075256665;-23.6294585 -46.6047459;-23.6272832 -46.6063177;301;63;55
14;Thu Mar 14 21:20:42 2019;-23.6294293937468,-46.6047248879112;-23.6272805616842,-46.6063075256665;-23.6294585 -46.6047459;-23.6272832 -46.6063177;301;63;52
15;Thu Mar 14 21:21:42 2019;-23.6294293937468,-46.6047248879112;-23.6272805616842,-46.6063075256665;-23.6294585 -46.6047459;-23.6272832 -46.6063177;301;63;52
16;Thu Mar 14 21:22:42 2019;-23.6294293937468,-46.6047248879112;-23.6272805616842,-46.6063075256665;-23.6294585 -46.6047459;-23.6272832 -46.6063177;301;63;54
17;Thu Mar 14 21:23:41 2019;-23.6294293937468,-46.6047248879112;-23.6272805616842,-46.6063075256665;-23.6294585 -46.6047459;-23.6272832 -46.6063177;301;63;54
18;Thu Mar 14 21:24:42 2019;-23.6294293937468,-46.6047248879112;-23.6272805616842,-46.6063075256665;-23.6294585 -46.6047459;-23.6272832 -46.6063177;301;63;55
19;Thu Mar 14 21:25:41 2019;-23.6294293937468,-46.6047248879112;-23.6272805616842,-46.6063075256665;-23.6294585 -46.6047459;-23.6272832 -46.6063177;301;63;50
20;Thu Mar 14 21:26:41 2019;-23.6294293937468,-46.6047248879112;-23.6272805616842,-46.6063075256665;-23.6294585 -46.6047459;-23.6272832 -46.6063177;301;63;53
21;Thu Mar 14 21:27:41 2019;-23.6294293937468,-46.6047248879112;-23.6272805616842,-46.6063075256665;-23.6294585 -46.6047459;-23.6272832 -46.6063177;301;63;53
22;Thu Mar 14 21:28:41 2019;-23.6294293937468,-46.6047248879112;-23.6272805616842,-46.6063075256665;-23.6294585 -46.6047459;-23.6272832 -46.6063177;301;63;51
23;Thu Mar 14 21:29:41 2019;-23.6294293937468,-46.6047248879112;-23.6272805616842,-46.6063075256665;-23.6294585 -46.6047459;-23.6272832 -46.6063177;301;63;52
24;Thu Mar 14 21:30:41 2019;-23.6294293937468,-46.6047248879112;-23.6272805616842,-46.6063075256665;-23.6294585 -46.6047459;-23.6272832 -46.6063177;301;63;51
25;Thu Mar 14 21:31:41 2019;-23.6294293937468,-46.6047248879112;-23.6272805616842,-46.6063075256665;-23.6294585 -46.6047459;-23.6272832 -46.6063177;301;63;51
26;Thu Mar 14 21:32:41 2019;-23.6294293937468,-46.6047248879112;-23.6272805616842,-46.6063075256665;-23.6294585 -46.6047459;-23.6272832 -46.6063177;301;63;49
27;Thu Mar 14 21:33:41 2019;-23.6294293937468,-46.6047248879112;-23.6272805616842,-46.6063075256665;-23.6294585 -46.6047459;-23.6272832 -46.6063177;301;63;48
28;Thu Mar 14 21:34:41 2019;-23.6294293937468,-46.6047248879112;-23.6272805616842,-46.6063075256665;-23.6294585 -46.6047459;-23.6272832 -46.6063177;301;63;49
29;Thu Mar 14 21:35:41 2019;-23.6294293937468,-46.6047248879112;-23.6272805616842,-46.6063075256665;-23.6294585 -46.6047459;-23.6272832 -46.6063177;301;63;48
30;Thu Mar 14 21:36:41 2019;-23.6294293937468,-46.6047248879112;-23.6272805616842,-46.6063075256665;-23.6294585 -46.6047459;-23.6272832 -46.6063177;301;63;48
31;Thu Mar 14 21:37:42 2019;-23.6294293937468,-46.6047248879112;-23.6272805616842,-46.6063075256665;-23.6294585 -46.6047459;-23.6272832 -46.6063177;301;63;48
32;Thu Mar 14 21:38:41 2019;-23.6294293937468,-46.6047248879112;-23.6272805616842,-46.6063075256665;-23.6294585 -46.6047459;-23.6272832 -46.6063177;301;63;48
33;Thu Mar 14 21:39:41 2019;-23.6294293937468,-46.6047248879112;-23.6272805616842,-46.6063075256665;-23.6294585 -46.6047459;-23.6272832 -46.6063177;301;63;48
34;Thu Mar 14 21:40:41 2019;-23.6294293937468,-46.6047248879112;-23.6272805616842,-46.6063075256665;-23.6294585 -46.6047459;-23.6272832 -46.6063177;301;63;48
35;Thu Mar 14 21:41:41 2019;-23.6294293937468,-46.6047248879112;-23.6272805616842,-46.6063075256665;-23.6294585 -46.6047459;-23.6272832 -46.6063177;301;63;49
36;Thu Mar 14 21:42:41 2019;-23.6294293937468,-46.6047248879112;-23.6272805616842,-46.6063075256665;-23.6294585 -46.6047459;-23.6272832 -46.6063177;301;63;51
37;Thu Mar 14 21:43:41 2019;-23.6294293937468,-46.6047248879112;-23.6272805616842,-46.6063075256665;-23.6294585 -46.6047459;-23.6272832 -46.6063177;301;63;51
38;Thu Mar 14 21:44:41 2019;-23.6294293937468,-46.6047248879112;-23.6272805616842,-46.6063075256665;-23.6294585 -46.6047459;-23.6272832 -46.6063177;301;63;50
39;Thu Mar 14 21:45:41 2019;-23.6294293937468,-46.6047248879112;-23.6272805616842,-46.6063075256665;-23.6294585 -46.6047459;-23.6272832 -46.6063177;301;63;50
40;Thu Mar 14 21:46:41 2019;-23.6294293937468,-46.6047248879112;-23.6272805616842,-46.6063075256665;-23.6294585 -46.6047459;-23.6272832 -46.6063177;301;63;50
41;Thu Mar 14 21:47:41 2019;-23.6294293937468,-46.6047248879112;-23.6272805616842,-46.6063075256665;-23.6294585 -46.6047459;-23.6272832 -46.6063177;301;63;49
42;Thu Mar 14 21:48:41 2019;-23.6294293937468,-46.6047248879112;-23.6272805616842,-46.6063075256665;-23.6294585 -46.6047459;-23.6272832 -46.6063177;301;63;48
43;Thu Mar 14 21:49:41 2019;-23.6294293937468,-46.6047248879112;-23.6272805616842,-46.6063075256665;-23.6294585 -46.6047459;-23.6272832 -46.6063177;301;63;49
44;Thu Mar 14 21:50:42 2019;-23.6294293937468,-46.6047248879112;-23.6272805616842,-46.6063075256665;-23.6294585 -46.6047459;-23.6272832 -46.6063177;301;63;49
45;Thu Mar 14 21:51:41 2019;-23.6294293937468,-46.6047248879112;-23.6272805616842,-46.6063075256665;-23.6294585 -46.6047459;-23.6272832 -46.6063177;301;63;52
46;Thu Mar 14 21:52:42 2019;-23.6294293937468,-46.6047248879112;-23.6272805616842,-46.6063075256665;-23.6294585 -46.6047459;-23.6272832 -46.6063177;301;63;52
47;Thu Mar 14 21:53:41 2019;-23.6294293937468,-46.6047248879112;-23.6272805616842,-46.6063075256665;-23.6294585 -46.6047459;-23.6272832 -46.6063177;301;63;53
48;Thu Mar 14 21:54:41 2019;-23.6294293937468,-46.6047248879112;-23.6272805616842,-46.6063075256665;-23.6294585 -46.6047459;-23.6272832 -46.6063177;301;63;53
49;Thu Mar 14 21:55:41 2019;-23.6294293937468,-46.6047248879112;-23.6272805616842,-46.6063075256665;-23.6294585 -46.6047459;-23.6272832 -46.6063177;301;63;50
50;Thu Mar 14 21:56:41 2019;-23.6294293937468,-46.6047248879112;-23.6272805616842,-46.6063075256665;-23.6294585 -46.6047459;-23.6272832 -46.6063177;301;63;49
51;Thu Mar 14 21:57:41 2019;-23.6294293937468,-46.6047248879112;-23.6272805616842,-46.6063075256665;-23.6294585 -46.6047459;-23.6272832 -46.6063177;301;63;49
52;Thu Mar 14 21:58:41 2019;-23.6294293937468,-46.6047248879112;-23.6272805616842,-46.6063075256665;-23.6294585 -46.6047459;-23.6272832 -46.6063177;301;63;49
53;Thu Mar 14 21:59:41 2019;-23.6294293937468,-46.6047248879112;-23.6272805616842,-46.6063075256665;-23.6294585 -46.6047459;-23.6272832 -46.6063177;301;63;49
54;Thu Mar 14 22:00:41 2019;-23.6294293937468,-46.6047248879112;-23.6272805616842,-46.6063075256665;-23.6294585 -46.6047459;-23.6272832 -46.6063177;301;63;49
55;Thu Mar 14 22:01:41 2019;-23.6294293937468,-46.6047248879112;-23.6272805616842,-46.6063075256665;-23.6294585 -46.6047459;-23.6272832 -46.6063177;301;63;48
56;Thu Mar 14 22:02:41 2019;-23.6294293937468,-46.6047248879112;-23.6272805616842,-46.6063075256665;-23.6294585 -46.6047459;-23.6272832 -46.6063177;301;63;49
57;Thu Mar 14 22:03:41 2019;-23.6294293937468,-46.6047248879112;-23.6272805616842,-46.6063075256665;-23.6294585 -46.6047459;-23.6272832 -46.6063177;301;63;47
58;Thu Mar 14 22:04:41 2019;-23.6294293937468,-46.6047248879112;-23.6272805616842,-46.6063075256665;-23.6294585 -46.6047459;-23.6272832 -46.6063177;301;63;48
59;Thu Mar 14 22:05:41 2019;-23.6294293937468,-46.6047248879112;-23.6272805616842,-46.6063075256665;-23.6294585 -46.6047459;-23.6272832 -46.6063177;301;63;48
60;Thu Mar 14 22:06:42 2019;-23.6294293937468,-46.6047248879112;-23.6272805616842,-46.6063075256665;-23.6294585 -46.6047459;-23.6272832 -46.6063177;301;63;49
61;Thu Mar 14 22:07:42 2019;-23.6294293937468,-46.6047248879112;-23.6272805616842,-46.6063075256665;-23.6294585 -46.6047459;-23.6272832 -46.6063177;301;63;49
62;Thu Mar 14 22:08:41 2019;-23.6294293937468,-46.6047248879112;-23.6272805616842,-46.6063075256665;-23.6294585 -46.6047459;-23.6272832 -46.6063177;301;63;47
63;Thu Mar 14 22:09:41 2019;-23.6294293937468,-46.6047248879112;-23.6272805616842,-46.6063075256665;-23.6294585 -46.6047459;-23.6272832 -46.6063177;301;63;48
64;Thu Mar 14 22:10:41 2019;-23.6294293937468,-46.6047248879112;-23.6272805616842,-46.6063075256665;-23.6294585 -46.6047459;-23.6272832 -46.6063177;301;63;48
65;Thu Mar 14 22:11:41 2019;-23.6294293937468,-46.6047248879112;-23.6272805616842,-46.6063075256665;-23.6294585 -46.6047459;-23.6272832 -46.6063177;301;63;48
66;Thu Mar 14 22:12:41 2019;-23.6294293937468,-46.6047248879112;-23.6272805616842,-46.6063075256665;-23.6294585 -46.6047459;-23.6272832 -46.6063177;301;63;49
67;Thu Mar 14 22:13:41 2019;-23.6294293937468,-46.6047248879112;-23.6272805616842,-46.6063075256665;-23.6294585 -46.6047459;-23.6272832 -46.6063177;301;63;48
68;Thu Mar 14 22:14:41 2019;-23.6294293937468,-46.6047248879112;-23.6272805616842,-46.6063075256665;-23.6294585 -46.6047459;-23.6272832 -46.6063177;301;63;48
69;Thu Mar 14 22:15:41 2019;-23.6294293937468,-46.6047248879112;-23.6272805616842,-46.6063075256665;-23.6294585 -46.6047459;-23.6272832 -46.6063177;301;63;48
70;Thu Mar 14 22:16:41 2019;-23.6294293937468,-46.6047248879112;-23.6272805616842,-46.6063075256665;-23.6294585 -46.6047459;-23.6272832 -46.6063177;301;63;50
71;Thu Mar 14 22:17:41 2019;-23.6294293937468,-46.6047248879112;-23.6272805616842,-46.6063075256665;-23.6294585 -46.6047459;-23.6272832 -46.6063177;301;63;51
72;Thu Mar 14 22:18:41 2019;-23.6294293937468,-46.6047248879112;-23.6272805616842,-46.6063075256665;-23.6294585 -46.6047459;-23.6272832 -46.6063177;301;63;51
73;Thu Mar 14 22:19:41 2019;-23.6294293937468,-46.6047248879112;-23.6272805616842,-46.6063075256665;-23.6294585 -46.6047459;-23.6272832 -46.6063177;301;63;51
74;Thu Mar 14 22:20:41 2019;-23.6294293937468,-46.6047248879112;-23.6272805616842,-46.6063075256665;-23.6294585 -46.6047459;-23.6272832 -46.6063177;301;63;50
75;Thu Mar 14 22:21:41 2019;-23.6294293937468,-46.6047248879112;-23.6272805616842,-46.6063075256665;-23.6294585 -46.6047459;-23.6272832 -46.6063177;301;63;49
76;Thu Mar 14 22:22:42 2019;-23.6294293937468,-46.6047248879112;-23.6272805616842,-46.6063075256665;-23.6294585 -46.6047459;-23.6272832 -46.6063177;301;63;48
77;Thu Mar 14 22:23:41 2019;-23.6294293937468,-46.6047248879112;-23.6272805616842,-46.6063075256665;-23.6294585 -46.6047459;-23.6272832 -46.6063177;301;63;49
78;Thu Mar 14 22:24:41 2019;-23.6294293937468,-46.6047248879112;-23.6272805616842,-46.6063075256665;-23.6294585 -46.6047459;-23.6272832 -46.6063177;301;63;48
79;Thu Mar 14 22:25:42 2019;-23.6294293937468,-46.6047248879112;-23.6272805616842,-46.6063075256665;-23.6294585 -46.6047459;-23.6272832 -46.6063177;301;63;48
80;Thu Mar 14 22:26:41 2019;-23.6294293937468,-46.6047248879112;-23.6272805616842,-46.6063075256665;-23.6294585 -46.6047459;-23.6272832 -46.6063177;301;63;48
81;Thu Mar 14 22:27:41 2019;-23.6294293937468,-46.6047248879112;-23.6272805616842,-46.6063075256665;-23.6294585 -46.6047459;-23.6272832 -46.6063177;301;63;48
82;Thu Mar 14 22:28:41 2019;-23.6294293937468,-46.6047248879112;-23.6272805616842,-46.6063075256665;-23.6294585 -46.6047459;-23.6272832 -46.6063177;301;63;49
83;Thu Mar 14 22:29:41 2019;-23.6294293937468,-46.6047248879112;-23.6272805616842,-46.6063075256665;-23.6294585 -46.6047459;-23.6272832 -46.6063177;301;63;50
84;Thu Mar 14 22:30:41 2019;-23.6294293937468,-46.6047248879112;-23.6272805616842,-46.6063075256665;-23.6294585 -46.6047459;-23.6272832 -46.6063177;301;63;49
85;Thu Mar 14 22:31:41 2019;-23.6294293937468,-46.6047248879112;-23.6272805616842,-46.6063075256665;-23.6294585 -46.6047459;-23.6272832 -46.6063177;301;63;48
86;Thu Mar 14 22:32:41 2019;-23.6294293937468,-46.6047248879112;-23.6272805616842,-46.6063075256665;-23.6294585 -46.6047459;-23.6272832 -46.6063177;301;63;48
87;Thu Mar 14 22:33:41 2019;-23.6294293937468,-46.6047248879112;-23.6272805616842,-46.6063075256665;-23.6294585 -46.6047459;-23.6272832 -46.6063177;301;63;48
88;Thu Mar 14 22:34:41 2019;-23.6294293937468,-46.6047248879112;-23.6272805616842,-46.6063075256665;-23.6294585 -46.6047459;-23.6272832 -46.6063177;301;63;49
89;Thu Mar 14 22:35:41 2019;-23.6294293937468,-46.6047248879112;-23.6272805616842,-46.6063075256665;-23.6294585 -46.6047459;-23.6272832 -46.6063177;301;63;48
90;Thu Mar 14 22:36:41 2019;-23.6294293937468,-46.6047248879112;-23.6272805616842,-46.6063075256665;-23.6294585 -46.6047459;-23.6272832 -46.6063177;301;63;48
91;Thu Mar 14 22:37:42 2019;-23.6294293937468,-46.6047248879112;-23.6272805616842,-46.6063075256665;-23.6294585 -46.6047459;-23.6272832 -46.6063177;301;63;48
92;Thu Mar 14 22:38:41 2019;-23.6294293937468,-46.6047248879112;-23.6272805616842,-46.6063075256665;-23.6294585 -46.6047459;-23.6272832 -46.6063177;301;63;49
93;Thu Mar 14 22:39:41 2019;-23.6294293937468,-46.6047248879112;-23.6272805616842,-46.6063075256665;-23.6294585 -46.6047459;-23.6272832 -46.6063177;301;63;49
94;Thu Mar 14 22:40:42 2019;-23.6294293937468,-46.6047248879112;-23.6272805616842,-46.6063075256665;-23.6294585 -46.6047459;-23.6272832 -46.6063177;301;63;50
95;Thu Mar 14 22:41:41 2019;-23.6294293937468,-46.6047248879112;-23.6272805616842,-46.6063075256665;-23.6294585 -46.6047459;-23.6272832 -46.6063177;301;63;49
96;Thu Mar 14 22:42:41 2019;-23.6294293937468,-46.6047248879112;-23.6272805616842,-46.6063075256665;-23.6294585 -46.6047459;-23.6272832 -46.6063177;301;63;49
97;Thu Mar 14 22:43:41 2019;-23.6294293937468,-46.6047248879112;-23.6272805616842,-46.6063075256665;-23.6294585 -46.6047459;-23.6272832 -46.6063177;301;63;49
98;Thu Mar 14 22:44:41 2019;-23.6294293937468,-46.6047248879112;-23.6272805616842,-46.6063075256665;-23.6294585 -46.6047459;-23.6272832 -46.6063177;301;63;49
99;Thu Mar 14 22:45:41 2019;-23.6294293937468,-46.6047248879112;-23.6272805616842,-46.6063075256665;-23.6294585 -46.6047459;-23.6272832 -46.6063177;301;63;48
100;Thu Mar 14 22:46:42 2019;-23.6294293937468,-46.6047248879112;-23.6272805616842,-46.6063075256665;-23.6294585 -46.6047459;-23.6272832 -46.6063177;301;63;48
101;Thu Mar 14 22:47:42 2019;-23.6294293937468,-46.6047248879112;-23.6272805616842,-46.6063075256665;-23.6294585 -46.6047459;-23.6272832 -46.6063177;301;63;48
102;Thu Mar 14 22:48:41 2019;-23.6294293937468,-46.6047248879112;-23.6272805616842,-46.6063075256665;-23.6294585 -46.6047459;-23.6272832 -46.6063177;301;63;48
103;Thu Mar 14 22:49:42 2019;-23.6294293937468,-46.6047248879112;-23.6272805616842,-46.6063075256665;-23.6294585 -46.6047459;-23.6272832 -46.6063177;301;63;48
104;Thu Mar 14 22:50:42 2019;-23.6294293937468,-46.6047248879112;-23.6272805616842,-46.6063075256665;-23.6294585 -46.6047459;-23.6272832 -46.6063177;301;63;47
105;Thu Mar 14 22:51:41 2019;-23.6294293937468,-46.6047248879112;-23.6272805616842,-46.6063075256665;-23.6294585 -46.6047459;-23.6272832 -46.6063177;301;63;47
106;Thu Mar 14 22:52:42 2019;-23.6294293937468,-46.6047248879112;-23.6272805616842,-46.6063075256665;-23.6294585 -46.6047459;-23.6272832 -46.6063177;301;63;47
107;Thu Mar 14 22:53:41 2019;-23.6294293937468,-46.6047248879112;-23.6272805616842,-46.6063075256665;-23.6294585 -46.6047459;-23.6272832 -46.6063177;301;63;47
108;Thu Mar 14 22:54:41 2019;-23.6294293937468,-46.6047248879112;-23.6272805616842,-46.6063075256665;-23.6294585 -46.6047459;-23.6272832 -46.6063177;301;63;47
109;Thu Mar 14 22:55:41 2019;-23.6294293937468,-46.6047248879112;-23.6272805616842,-46.6063075256665;-23.6294585 -46.6047459;-23.6272832 -46.6063177;301;63;47
110;Thu Mar 14 22:56:41 2019;-23.6294293937468,-46.6047248879112;-23.6272805616842,-46.6063075256665;-23.6294585 -46.6047459;-23.6272832 -46.6063177;301;63;48
111;Thu Mar 14 22:57:42 2019;-23.6294293937468,-46.6047248879112;-23.6272805616842,-46.6063075256665;-23.6294585 -46.6047459;-23.6272832 -46.6063177;301;63;46
112;Thu Mar 14 22:58:41 2019;-23.6294293937468,-46.6047248879112;-23.6272805616842,-46.6063075256665;-23.6294585 -46.6047459;-23.6272832 -46.6063177;301;63;46
113;Thu Mar 14 22:59:42 2019;-23.6294293937468,-46.6047248879112;-23.6272805616842,-46.6063075256665;-23.6294585 -46.6047459;-23.6272832 -46.6063177;301;63;48
114;Thu Mar 14 23:00:41 2019;-23.6294293937468,-46.6047248879112;-23.6272805616842,-46.6063075256665;-23.6294585 -46.6047459;-23.6272832 -46.6063177;301;63;47
115;Thu Mar 14 23:01:41 2019;-23.6294293937468,-46.6047248879112;-23.6272805616842,-46.6063075256665;-23.6294585 -46.6047459;-23.6272832 -46.6063177;301;63;47
116;Thu Mar 14 23:02:41 2019;-23.6294293937468,-46.6047248879112;-23.6272805616842,-46.6063075256665;-23.6294585 -46.6047459;-23.6272832 -46.6063177;301;63;47
117;Thu Mar 14 23:03:41 2019;-23.6294293937468,-46.6047248879112;-23.6272805616842,-46.6063075256665;-23.6294585 -46.6047459;-23.6272832 -46.6063177;301;63;47
118;Thu Mar 14 23:04:41 2019;-23.6294293937468,-46.6047248879112;-23.6272805616842,-46.6063075256665;-23.6294585 -46.6047459;-23.6272832 -46.6063177;301;63;48
119;Thu Mar 14 23:05:41 2019;-23.6294293937468,-46.6047248879112;-23.6272805616842,-46.6063075256665;-23.6294585 -46.6047459;-23.6272832 -46.6063177;301;63;46
120;Thu Mar 14 23:06:41 2019;-23.6294293937468,-46.6047248879112;-23.6272805616842,-46.6063075256665;-23.6294585 -46.6047459;-23.6272832 -46.6063177;301;63;46
121;Thu Mar 14 23:07:42 2019;-23.6294293937468,-46.6047248879112;-23.6272805616842,-46.6063075256665;-23.6294585 -46.6047459;-23.6272832 -46.6063177;301;63;46
122;Thu Mar 14 23:08:41 2019;-23.6294293937468,-46.6047248879112;-23.6272805616842,-46.6063075256665;-23.6294585 -46.6047459;-23.6272832 -46.6063177;301;63;48
123;Thu Mar 14 23:09:41 2019;-23.6294293937468,-46.6047248879112;-23.6272805616842,-46.6063075256665;-23.6294585 -46.6047459;-23.6272832 -46.6063177;301;63;49
124;Thu Mar 14 23:10:41 2019;-23.6294293937468,-46.6047248879112;-23.6272805616842,-46.6063075256665;-23.6294585 -46.6047459;-23.6272832 -46.6063177;301;63;49
125;Thu Mar 14 23:11:41 2019;-23.6294293937468,-46.6047248879112;-23.6272805616842,-46.6063075256665;-23.6294585 -46.6047459;-23.6272832 -46.6063177;301;63;49
126;Thu Mar 14 23:12:41 2019;-23.6294293937468,-46.6047248879112;-23.6272805616842,-46.6063075256665;-23.6294585 -46.6047459;-23.6272832 -46.6063177;301;63;49
127;Thu Mar 14 23:13:40 2019;-23.6294293937468,-46.6047248879112;-23.6272805616842,-46.6063075256665;-23.6294585 -46.6047459;-23.6272832 -46.6063177;301;63;49
128;Thu Mar 14 23:14:41 2019;-23.6294293937468,-46.6047248879112;-23.6272805616842,-46.6063075256665;-23.6294585 -46.6047459;-23.6272832 -46.6063177;301;63;49
129;Thu Mar 14 23:15:41 2019;-23.6294293937468,-46.6047248879112;-23.6272805616842,-46.6063075256665;-23.6294585 -46.6047459;-23.6272832 -46.6063177;301;63;49
130;Thu Mar 14 23:16:41 2019;-23.6294293937468,-46.6047248879112;-23.6272805616842,-46.6063075256665;-23.6294585 -46.6047459;-23.6272832 -46.6063177;301;63;50
131;Thu Mar 14 23:17:41 2019;-23.6294293937468,-46.6047248879112;-23.6272805616842,-46.6063075256665;-23.6294585 -46.6047459;-23.6272832 -46.6063177;301;63;48
132;Thu Mar 14 23:18:41 2019;-23.6294293937468,-46.6047248879112;-23.6272805616842,-46.6063075256665;-23.6294585 -46.6047459;-23.6272832 -46.6063177;301;63;48
133;Thu Mar 14 23:19:41 2019;-23.6294293937468,-46.6047248879112;-23.6272805616842,-46.6063075256665;-23.6294585 -46.6047459;-23.6272832 -46.6063177;301;63;48
134;Thu Mar 14 23:20:41 2019;-23.6294293937468,-46.6047248879112;-23.6272805616842,-46.6063075256665;-23.6294585 -46.6047459;-23.6272832 -46.6063177;301;63;48
135;Thu Mar 14 23:21:42 2019;-23.6294293937468,-46.6047248879112;-23.6272805616842,-46.6063075256665;-23.6294585 -46.6047459;-23.6272832 -46.6063177;301;63;50
136;Thu Mar 14 23:22:42 2019;-23.6294293937468,-46.6047248879112;-23.6272805616842,-46.6063075256665;-23.6294585 -46.6047459;-23.6272832 -46.6063177;301;63;47
137;Thu Mar 14 23:23:41 2019;-23.6294293937468,-46.6047248879112;-23.6272805616842,-46.6063075256665;-23.6294585 -46.6047459;-23.6272832 -46.6063177;301;63;50
138;Thu Mar 14 23:24:41 2019;-23.6294293937468,-46.6047248879112;-23.6272805616842,-46.6063075256665;-23.6294585 -46.6047459;-23.6272832 -46.6063177;301;63;49
139;Thu Mar 14 23:25:41 2019;-23.6294293937468,-46.6047248879112;-23.6272805616842,-46.6063075256665;-23.6294585 -46.6047459;-23.6272832 -46.6063177;301;63;49
140;Thu Mar 14 23:26:41 2019;-23.6294293937468,-46.6047248879112;-23.6272805616842,-46.6063075256665;-23.6294585 -46.6047459;-23.6272832 -46.6063177;301;63;48
141;Thu Mar 14 23:27:41 2019;-23.6294293937468,-46.6047248879112;-23.6272805616842,-46.6063075256665;-23.6294585 -46.6047459;-23.6272832 -46.6063177;301;63;48
142;Thu Mar 14 23:28:41 2019;-23.6294293937468,-46.6047248879112;-23.6272805616842,-46.6063075256665;-23.6294585 -46.6047459;-23.6272832 -46.6063177;301;63;49
143;Thu Mar 14 23:29:41 2019;-23.6294293937468,-46.6047248879112;-23.6272805616842,-46.6063075256665;-23.6294585 -46.6047459;-23.6272832 -46.6063177;301;63;49
144;Thu Mar 14 23:30:41 2019;-23.6294293937468,-46.6047248879112;-23.6272805616842,-46.6063075256665;-23.6294585 -46.6047459;-23.6272832 -46.6063177;301;63;48
145;Thu Mar 14 23:31:41 2019;-23.6294293937468,-46.6047248879112;-23.6272805616842,-46.6063075256665;-23.6294585 -46.6047459;-23.6272832 -46.6063177;301;63;48
146;Thu Mar 14 23:32:41 2019;-23.6294293937468,-46.6047248879112;-23.6272805616842,-46.6063075256665;-23.6294585 -46.6047459;-23.6272832 -46.6063177;301;63;49
147;Thu Mar 14 23:33:41 2019;-23.6294293937468,-46.6047248879112;-23.6272805616842,-46.6063075256665;-23.6294585 -46.6047459;-23.6272832 -46.6063177;301;63;49
148;Thu Mar 14 23:34:41 2019;-23.6294293937468,-46.6047248879112;-23.6272805616842,-46.6063075256665;-23.6294585 -46.6047459;-23.6272832 -46.6063177;301;63;50
149;Thu Mar 14 23:35:41 2019;-23.6294293937468,-46.6047248879112;-23.6272805616842,-46.6063075256665;-23.6294585 -46.6047459;-23.6272832 -46.6063177;301;63;50
150;Thu Mar 14 23:36:41 2019;-23.6294293937468,-46.6047248879112;-23.6272805616842,-46.6063075256665;-23.6294585 -46.6047459;-23.6272832 -46.6063177;301;63;45
151;Thu Mar 14 23:37:42 2019;-23.6294293937468,-46.6047248879112;-23.6272805616842,-46.6063075256665;-23.6294585 -46.6047459;-23.6272832 -46.6063177;301;63;46
152;Thu Mar 14 23:38:41 2019;-23.6294293937468,-46.6047248879112;-23.6272805616842,-46.6063075256665;-23.6294585 -46.6047459;-23.6272832 -46.6063177;301;63;45
153;Thu Mar 14 23:39:41 2019;-23.6294293937468,-46.6047248879112;-23.6272805616842,-46.6063075256665;-23.6294585 -46.6047459;-23.6272832 -46.6063177;301;63;45
154;Thu Mar 14 23:40:41 2019;-23.6294293937468,-46.6047248879112;-23.6272805616842,-46.6063075256665;-23.6294585 -46.6047459;-23.6272832 -46.6063177;301;63;45
155;Thu Mar 14 23:41:41 2019;-23.6294293937468,-46.6047248879112;-23.6272805616842,-46.6063075256665;-23.6294585 -46.6047459;-23.6272832 -46.6063177;301;63;43
156;Thu Mar 14 23:42:41 2019;-23.6294293937468,-46.6047248879112;-23.6272805616842,-46.6063075256665;-23.6294585 -46.6047459;-23.6272832 -46.6063177;301;63;43
157;Thu Mar 14 23:43:41 2019;-23.6294293937468,-46.6047248879112;-23.6272805616842,-46.6063075256665;-23.6294585 -46.6047459;-23.6272832 -46.6063177;301;63;43
158;Thu Mar 14 23:44:41 2019;-23.6294293937468,-46.6047248879112;-23.6272805616842,-46.6063075256665;-23.6294585 -46.6047459;-23.6272832 -46.6063177;301;63;44
159;Thu Mar 14 23:45:41 2019;-23.6294293937468,-46.6047248879112;-23.6272805616842,-46.6063075256665;-23.6294585 -46.6047459;-23.6272832 -46.6063177;301;63;42
160;Thu Mar 14 23:46:41 2019;-23.6294293937468,-46.6047248879112;-23.6272805616842,-46.6063075256665;-23.6294585 -46.6047459;-23.6272832 -46.6063177;301;63;42
161;Thu Mar 14 23:47:42 2019;-23.6294293937468,-46.6047248879112;-23.6272805616842,-46.6063075256665;-23.6294585 -46.6047459;-23.6272832 -46.6063177;301;63;41
162;Thu Mar 14 23:48:41 2019;-23.6294293937468,-46.6047248879112;-23.6272805616842,-46.6063075256665;-23.6294585 -46.6047459;-23.6272832 -46.6063177;301;63;42
163;Thu Mar 14 23:49:41 2019;-23.6294293937468,-46.6047248879112;-23.6272805616842,-46.6063075256665;-23.6294585 -46.6047459;-23.6272832 -46.6063177;301;63;42
164;Thu Mar 14 23:50:41 2019;-23.6294293937468,-46.6047248879112;-23.6272805616842,-46.6063075256665;-23.6294585 -46.6047459;-23.6272832 -46.6063177;301;63;41
165;Thu Mar 14 23:51:41 2019;-23.6294293937468,-46.6047248879112;-23.6272805616842,-46.6063075256665;-23.6294585 -46.6047459;-23.6272832 -46.6063177;301;63;41
166;Thu Mar 14 23:52:42 2019;-23.6294293937468,-46.6047248879112;-23.6272805616842,-46.6063075256665;-23.6294585 -46.6047459;-23.6272832 -46.6063177;301;63;41
167;Thu Mar 14 23:53:41 2019;-23.6294293937468,-46.6047248879112;-23.6272805616842,-46.6063075256665;-23.6294585 -46.6047459;-23.6272832 -46.6063177;301;63;41
168;Thu Mar 14 23:54:41 2019;-23.6294293937468,-46.6047248879112;-23.6272805616842,-46.6063075256665;-23.6294585 -46.6047459;-23.6272832 -46.6063177;301;63;41
169;Thu Mar 14 23:55:41 2019;-23.6294293937468,-46.6047248879112;-23.6272805616842,-46.6063075256665;-23.6294585 -46.6047459;-23.6272832 -46.6063177;301;63;40
170;Thu Mar 14 23:56:41 2019;-23.6294293937468,-46.6047248879112;-23.6272805616842,-46.6063075256665;-23.6294585 -46.6047459;-23.6272832 -46.6063177;301;63;40
171;Thu Mar 14 23:57:41 2019;-23.6294293937468,-46.6047248879112;-23.6272805616842,-46.6063075256665;-23.6294585 -46.6047459;-23.6272832 -46.6063177;301;63;40
172;Thu Mar 14 23:58:41 2019;-23.6294293937468,-46.6047248879112;-23.6272805616842,-46.6063075256665;-23.6294585 -46.6047459;-23.6272832 -46.6063177;301;63;40
173;Thu Mar 14 23:59:41 2019;-23.6294293937468,-46.6047248879112;-23.6272805616842,-46.6063075256665;-23.6294585 -46.6047459;-23.6272832 -46.6063177;301;63;40
