38972;Thu Mar 14 00:00:08 2019;-23.6102606030973,-46.6120476310923;-23.6085093702536,-46.6134921187606;-23.6102862 -46.6120838;-23.6085157 -46.6134971;248;45;34
39213;Thu Mar 14 04:01:12 2019;-23.6102606030973,-46.6120476310923;-23.6085093702536,-46.6134921187606;-23.6102862 -46.6120838;-23.6085157 -46.6134971;248;45;31
39214;Thu Mar 14 04:02:08 2019;-23.6102606030973,-46.6120476310923;-23.6085093702536,-46.6134921187606;-23.6102862 -46.6120838;-23.6085157 -46.6134971;248;45;31
39215;Thu Mar 14 04:03:09 2019;-23.6102606030973,-46.6120476310923;-23.6085093702536,-46.6134921187606;-23.6102862 -46.6120838;-23.6085157 -46.6134971;248;45;31
39216;Thu Mar 14 04:04:09 2019;-23.6102606030973,-46.6120476310923;-23.6085093702536,-46.6134921187606;-23.6102862 -46.6120838;-23.6085157 -46.6134971;248;45;31
39217;Thu Mar 14 04:05:09 2019;-23.6102606030973,-46.6120476310923;-23.6085093702536,-46.6134921187606;-23.6102862 -46.6120838;-23.6085157 -46.6134971;248;45;31
39218;Thu Mar 14 04:06:08 2019;-23.6102606030973,-46.6120476310923;-23.6085093702536,-46.6134921187606;-23.6102862 -46.6120838;-23.6085157 -46.6134971;248;45;31
39219;Thu Mar 14 04:07:09 2019;-23.6102606030973,-46.6120476310923;-23.6085093702536,-46.6134921187606;-23.6102862 -46.6120838;-23.6085157 -46.6134971;248;45;31
39220;Thu Mar 14 04:08:09 2019;-23.6102606030973,-46.6120476310923;-23.6085093702536,-46.6134921187606;-23.6102862 -46.6120838;-23.6085157 -46.6134971;248;45;29
39221;Thu Mar 14 04:09:09 2019;-23.6102606030973,-46.6120476310923;-23.6085093702536,-46.6134921187606;-23.6102862 -46.6120838;-23.6085157 -46.6134971;248;45;29
39222;Thu Mar 14 04:10:09 2019;-23.6102606030973,-46.6120476310923;-23.6085093702536,-46.6134921187606;-23.6102862 -46.6120838;-23.6085157 -46.6134971;248;45;29
1;Thu Mar 14 21:07:46 2019;-23.6102606030973,-46.6120476310923;-23.6085093702536,-46.6134921187606;-23.6102862 -46.6120838;-23.6085157 -46.6134971;248;45;44
2;Thu Mar 14 21:08:45 2019;-23.6102606030973,-46.6120476310923;-23.6085093702536,-46.6134921187606;-23.6102862 -46.6120838;-23.6085157 -46.6134971;248;45;44
3;Thu Mar 14 21:09:42 2019;-23.6102606030973,-46.6120476310923;-23.6085093702536,-46.6134921187606;-23.6102862 -46.6120838;-23.6085157 -46.6134971;248;45;44
4;Thu Mar 14 21:10:42 2019;-23.6102606030973,-46.6120476310923;-23.6085093702536,-46.6134921187606;-23.6102862 -46.6120838;-23.6085157 -46.6134971;248;45;44
5;Thu Mar 14 21:11:42 2019;-23.6102606030973,-46.6120476310923;-23.6085093702536,-46.6134921187606;-23.6102862 -46.6120838;-23.6085157 -46.6134971;248;45;44
6;Thu Mar 14 21:12:41 2019;-23.6102606030973,-46.6120476310923;-23.6085093702536,-46.6134921187606;-23.6102862 -46.6120838;-23.6085157 -46.6134971;248;45;43
7;Thu Mar 14 21:13:42 2019;-23.6102606030973,-46.6120476310923;-23.6085093702536,-46.6134921187606;-23.6102862 -46.6120838;-23.6085157 -46.6134971;248;45;43
8;Thu Mar 14 21:14:43 2019;-23.6102606030973,-46.6120476310923;-23.6085093702536,-46.6134921187606;-23.6102862 -46.6120838;-23.6085157 -46.6134971;248;45;43
9;Thu Mar 14 21:15:42 2019;-23.6102606030973,-46.6120476310923;-23.6085093702536,-46.6134921187606;-23.6102862 -46.6120838;-23.6085157 -46.6134971;248;45;45
10;Thu Mar 14 21:16:42 2019;-23.6102606030973,-46.6120476310923;-23.6085093702536,-46.6134921187606;-23.6102862 -46.6120838;-23.6085157 -46.6134971;248;45;45
11;Thu Mar 14 21:17:42 2019;-23.6102606030973,-46.6120476310923;-23.6085093702536,-46.6134921187606;-23.6102862 -46.6120838;-23.6085157 -46.6134971;248;45;45
12;Thu Mar 14 21:18:43 2019;-23.6102606030973,-46.6120476310923;-23.6085093702536,-46.6134921187606;-23.6102862 -46.6120838;-23.6085157 -46.6134971;248;45;46
13;Thu Mar 14 21:19:42 2019;-23.6102606030973,-46.6120476310923;-23.6085093702536,-46.6134921187606;-23.6102862 -46.6120838;-23.6085157 -46.6134971;248;45;46
14;Thu Mar 14 21:20:43 2019;-23.6102606030973,-46.6120476310923;-23.6085093702536,-46.6134921187606;-23.6102862 -46.6120838;-23.6085157 -46.6134971;248;45;43
15;Thu Mar 14 21:21:43 2019;-23.6102606030973,-46.6120476310923;-23.6085093702536,-46.6134921187606;-23.6102862 -46.6120838;-23.6085157 -46.6134971;248;45;43
16;Thu Mar 14 21:22:44 2019;-23.6102606030973,-46.6120476310923;-23.6085093702536,-46.6134921187606;-23.6102862 -46.6120838;-23.6085157 -46.6134971;248;45;43
17;Thu Mar 14 21:23:42 2019;-23.6102606030973,-46.6120476310923;-23.6085093702536,-46.6134921187606;-23.6102862 -46.6120838;-23.6085157 -46.6134971;248;45;43
18;Thu Mar 14 21:24:42 2019;-23.6102606030973,-46.6120476310923;-23.6085093702536,-46.6134921187606;-23.6102862 -46.6120838;-23.6085157 -46.6134971;248;45;44
19;Thu Mar 14 21:25:42 2019;-23.6102606030973,-46.6120476310923;-23.6085093702536,-46.6134921187606;-23.6102862 -46.6120838;-23.6085157 -46.6134971;248;45;44
20;Thu Mar 14 21:26:42 2019;-23.6102606030973,-46.6120476310923;-23.6085093702536,-46.6134921187606;-23.6102862 -46.6120838;-23.6085157 -46.6134971;248;45;44
21;Thu Mar 14 21:27:42 2019;-23.6102606030973,-46.6120476310923;-23.6085093702536,-46.6134921187606;-23.6102862 -46.6120838;-23.6085157 -46.6134971;248;45;42
22;Thu Mar 14 21:28:42 2019;-23.6102606030973,-46.6120476310923;-23.6085093702536,-46.6134921187606;-23.6102862 -46.6120838;-23.6085157 -46.6134971;248;45;42
23;Thu Mar 14 21:29:42 2019;-23.6102606030973,-46.6120476310923;-23.6085093702536,-46.6134921187606;-23.6102862 -46.6120838;-23.6085157 -46.6134971;248;45;41
24;Thu Mar 14 21:30:42 2019;-23.6102606030973,-46.6120476310923;-23.6085093702536,-46.6134921187606;-23.6102862 -46.6120838;-23.6085157 -46.6134971;248;45;40
25;Thu Mar 14 21:31:42 2019;-23.6102606030973,-46.6120476310923;-23.6085093702536,-46.6134921187606;-23.6102862 -46.6120838;-23.6085157 -46.6134971;248;45;40
26;Thu Mar 14 21:32:42 2019;-23.6102606030973,-46.6120476310923;-23.6085093702536,-46.6134921187606;-23.6102862 -46.6120838;-23.6085157 -46.6134971;248;45;40
27;Thu Mar 14 21:33:42 2019;-23.6102606030973,-46.6120476310923;-23.6085093702536,-46.6134921187606;-23.6102862 -46.6120838;-23.6085157 -46.6134971;248;45;40
28;Thu Mar 14 21:34:42 2019;-23.6102606030973,-46.6120476310923;-23.6085093702536,-46.6134921187606;-23.6102862 -46.6120838;-23.6085157 -46.6134971;248;45;40
29;Thu Mar 14 21:35:42 2019;-23.6102606030973,-46.6120476310923;-23.6085093702536,-46.6134921187606;-23.6102862 -46.6120838;-23.6085157 -46.6134971;248;45;40
30;Thu Mar 14 21:36:42 2019;-23.6102606030973,-46.6120476310923;-23.6085093702536,-46.6134921187606;-23.6102862 -46.6120838;-23.6085157 -46.6134971;248;45;40
31;Thu Mar 14 21:37:45 2019;-23.6102606030973,-46.6120476310923;-23.6085093702536,-46.6134921187606;-23.6102862 -46.6120838;-23.6085157 -46.6134971;248;45;39
32;Thu Mar 14 21:38:42 2019;-23.6102606030973,-46.6120476310923;-23.6085093702536,-46.6134921187606;-23.6102862 -46.6120838;-23.6085157 -46.6134971;248;45;39
33;Thu Mar 14 21:39:42 2019;-23.6102606030973,-46.6120476310923;-23.6085093702536,-46.6134921187606;-23.6102862 -46.6120838;-23.6085157 -46.6134971;248;45;39
34;Thu Mar 14 21:40:42 2019;-23.6102606030973,-46.6120476310923;-23.6085093702536,-46.6134921187606;-23.6102862 -46.6120838;-23.6085157 -46.6134971;248;45;39
35;Thu Mar 14 21:41:42 2019;-23.6102606030973,-46.6120476310923;-23.6085093702536,-46.6134921187606;-23.6102862 -46.6120838;-23.6085157 -46.6134971;248;45;40
36;Thu Mar 14 21:42:42 2019;-23.6102606030973,-46.6120476310923;-23.6085093702536,-46.6134921187606;-23.6102862 -46.6120838;-23.6085157 -46.6134971;248;45;47
37;Thu Mar 14 21:43:42 2019;-23.6102606030973,-46.6120476310923;-23.6085093702536,-46.6134921187606;-23.6102862 -46.6120838;-23.6085157 -46.6134971;248;45;42
38;Thu Mar 14 21:44:42 2019;-23.6102606030973,-46.6120476310923;-23.6085093702536,-46.6134921187606;-23.6102862 -46.6120838;-23.6085157 -46.6134971;248;45;58
39;Thu Mar 14 21:45:42 2019;-23.6102606030973,-46.6120476310923;-23.6085093702536,-46.6134921187606;-23.6102862 -46.6120838;-23.6085157 -46.6134971;248;45;45
40;Thu Mar 14 21:46:42 2019;-23.6102606030973,-46.6120476310923;-23.6085093702536,-46.6134921187606;-23.6102862 -46.6120838;-23.6085157 -46.6134971;248;45;41
41;Thu Mar 14 21:47:42 2019;-23.6102606030973,-46.6120476310923;-23.6085093702536,-46.6134921187606;-23.6102862 -46.6120838;-23.6085157 -46.6134971;248;45;41
42;Thu Mar 14 21:48:42 2019;-23.6102606030973,-46.6120476310923;-23.6085093702536,-46.6134921187606;-23.6102862 -46.6120838;-23.6085157 -46.6134971;248;45;41
43;Thu Mar 14 21:49:42 2019;-23.6102606030973,-46.6120476310923;-23.6085093702536,-46.6134921187606;-23.6102862 -46.6120838;-23.6085157 -46.6134971;248;45;40
44;Thu Mar 14 21:50:43 2019;-23.6102606030973,-46.6120476310923;-23.6085093702536,-46.6134921187606;-23.6102862 -46.6120838;-23.6085157 -46.6134971;248;45;43
45;Thu Mar 14 21:51:42 2019;-23.6102606030973,-46.6120476310923;-23.6085093702536,-46.6134921187606;-23.6102862 -46.6120838;-23.6085157 -46.6134971;248;45;43
46;Thu Mar 14 21:52:44 2019;-23.6102606030973,-46.6120476310923;-23.6085093702536,-46.6134921187606;-23.6102862 -46.6120838;-23.6085157 -46.6134971;248;45;43
47;Thu Mar 14 21:53:42 2019;-23.6102606030973,-46.6120476310923;-23.6085093702536,-46.6134921187606;-23.6102862 -46.6120838;-23.6085157 -46.6134971;248;45;43
48;Thu Mar 14 21:54:42 2019;-23.6102606030973,-46.6120476310923;-23.6085093702536,-46.6134921187606;-23.6102862 -46.6120838;-23.6085157 -46.6134971;248;45;43
49;Thu Mar 14 21:55:42 2019;-23.6102606030973,-46.6120476310923;-23.6085093702536,-46.6134921187606;-23.6102862 -46.6120838;-23.6085157 -46.6134971;248;45;42
50;Thu Mar 14 21:56:42 2019;-23.6102606030973,-46.6120476310923;-23.6085093702536,-46.6134921187606;-23.6102862 -46.6120838;-23.6085157 -46.6134971;248;45;43
51;Thu Mar 14 21:57:42 2019;-23.6102606030973,-46.6120476310923;-23.6085093702536,-46.6134921187606;-23.6102862 -46.6120838;-23.6085157 -46.6134971;248;45;42
52;Thu Mar 14 21:58:42 2019;-23.6102606030973,-46.6120476310923;-23.6085093702536,-46.6134921187606;-23.6102862 -46.6120838;-23.6085157 -46.6134971;248;45;42
53;Thu Mar 14 21:59:42 2019;-23.6102606030973,-46.6120476310923;-23.6085093702536,-46.6134921187606;-23.6102862 -46.6120838;-23.6085157 -46.6134971;248;45;43
54;Thu Mar 14 22:00:42 2019;-23.6102606030973,-46.6120476310923;-23.6085093702536,-46.6134921187606;-23.6102862 -46.6120838;-23.6085157 -46.6134971;248;45;43
55;Thu Mar 14 22:01:42 2019;-23.6102606030973,-46.6120476310923;-23.6085093702536,-46.6134921187606;-23.6102862 -46.6120838;-23.6085157 -46.6134971;248;45;43
56;Thu Mar 14 22:02:43 2019;-23.6102606030973,-46.6120476310923;-23.6085093702536,-46.6134921187606;-23.6102862 -46.6120838;-23.6085157 -46.6134971;248;45;38
57;Thu Mar 14 22:03:42 2019;-23.6102606030973,-46.6120476310923;-23.6085093702536,-46.6134921187606;-23.6102862 -46.6120838;-23.6085157 -46.6134971;248;45;38
58;Thu Mar 14 22:04:42 2019;-23.6102606030973,-46.6120476310923;-23.6085093702536,-46.6134921187606;-23.6102862 -46.6120838;-23.6085157 -46.6134971;248;45;38
59;Thu Mar 14 22:05:42 2019;-23.6102606030973,-46.6120476310923;-23.6085093702536,-46.6134921187606;-23.6102862 -46.6120838;-23.6085157 -46.6134971;248;45;38
60;Thu Mar 14 22:06:43 2019;-23.6102606030973,-46.6120476310923;-23.6085093702536,-46.6134921187606;-23.6102862 -46.6120838;-23.6085157 -46.6134971;248;45;38
61;Thu Mar 14 22:07:44 2019;-23.6102606030973,-46.6120476310923;-23.6085093702536,-46.6134921187606;-23.6102862 -46.6120838;-23.6085157 -46.6134971;248;45;37
62;Thu Mar 14 22:08:42 2019;-23.6102606030973,-46.6120476310923;-23.6085093702536,-46.6134921187606;-23.6102862 -46.6120838;-23.6085157 -46.6134971;248;45;38
63;Thu Mar 14 22:09:42 2019;-23.6102606030973,-46.6120476310923;-23.6085093702536,-46.6134921187606;-23.6102862 -46.6120838;-23.6085157 -46.6134971;248;45;38
64;Thu Mar 14 22:10:42 2019;-23.6102606030973,-46.6120476310923;-23.6085093702536,-46.6134921187606;-23.6102862 -46.6120838;-23.6085157 -46.6134971;248;45;38
65;Thu Mar 14 22:11:42 2019;-23.6102606030973,-46.6120476310923;-23.6085093702536,-46.6134921187606;-23.6102862 -46.6120838;-23.6085157 -46.6134971;248;45;41
66;Thu Mar 14 22:12:42 2019;-23.6102606030973,-46.6120476310923;-23.6085093702536,-46.6134921187606;-23.6102862 -46.6120838;-23.6085157 -46.6134971;248;45;41
67;Thu Mar 14 22:13:42 2019;-23.6102606030973,-46.6120476310923;-23.6085093702536,-46.6134921187606;-23.6102862 -46.6120838;-23.6085157 -46.6134971;248;45;44
68;Thu Mar 14 22:14:42 2019;-23.6102606030973,-46.6120476310923;-23.6085093702536,-46.6134921187606;-23.6102862 -46.6120838;-23.6085157 -46.6134971;248;45;38
69;Thu Mar 14 22:15:42 2019;-23.6102606030973,-46.6120476310923;-23.6085093702536,-46.6134921187606;-23.6102862 -46.6120838;-23.6085157 -46.6134971;248;45;44
70;Thu Mar 14 22:16:42 2019;-23.6102606030973,-46.6120476310923;-23.6085093702536,-46.6134921187606;-23.6102862 -46.6120838;-23.6085157 -46.6134971;248;45;38
71;Thu Mar 14 22:17:42 2019;-23.6102606030973,-46.6120476310923;-23.6085093702536,-46.6134921187606;-23.6102862 -46.6120838;-23.6085157 -46.6134971;248;45;45
72;Thu Mar 14 22:18:42 2019;-23.6102606030973,-46.6120476310923;-23.6085093702536,-46.6134921187606;-23.6102862 -46.6120838;-23.6085157 -46.6134971;248;45;45
73;Thu Mar 14 22:19:42 2019;-23.6102606030973,-46.6120476310923;-23.6085093702536,-46.6134921187606;-23.6102862 -46.6120838;-23.6085157 -46.6134971;248;45;45
74;Thu Mar 14 22:20:42 2019;-23.6102606030973,-46.6120476310923;-23.6085093702536,-46.6134921187606;-23.6102862 -46.6120838;-23.6085157 -46.6134971;248;45;46
75;Thu Mar 14 22:21:42 2019;-23.6102606030973,-46.6120476310923;-23.6085093702536,-46.6134921187606;-23.6102862 -46.6120838;-23.6085157 -46.6134971;248;45;41
76;Thu Mar 14 22:22:45 2019;-23.6102606030973,-46.6120476310923;-23.6085093702536,-46.6134921187606;-23.6102862 -46.6120838;-23.6085157 -46.6134971;248;45;36
77;Thu Mar 14 22:23:42 2019;-23.6102606030973,-46.6120476310923;-23.6085093702536,-46.6134921187606;-23.6102862 -46.6120838;-23.6085157 -46.6134971;248;45;36
78;Thu Mar 14 22:24:42 2019;-23.6102606030973,-46.6120476310923;-23.6085093702536,-46.6134921187606;-23.6102862 -46.6120838;-23.6085157 -46.6134971;248;45;36
79;Thu Mar 14 22:25:42 2019;-23.6102606030973,-46.6120476310923;-23.6085093702536,-46.6134921187606;-23.6102862 -46.6120838;-23.6085157 -46.6134971;248;45;36
80;Thu Mar 14 22:26:42 2019;-23.6102606030973,-46.6120476310923;-23.6085093702536,-46.6134921187606;-23.6102862 -46.6120838;-23.6085157 -46.6134971;248;45;39
81;Thu Mar 14 22:27:42 2019;-23.6102606030973,-46.6120476310923;-23.6085093702536,-46.6134921187606;-23.6102862 -46.6120838;-23.6085157 -46.6134971;248;45;39
82;Thu Mar 14 22:28:42 2019;-23.6102606030973,-46.6120476310923;-23.6085093702536,-46.6134921187606;-23.6102862 -46.6120838;-23.6085157 -46.6134971;248;45;38
83;Thu Mar 14 22:29:42 2019;-23.6102606030973,-46.6120476310923;-23.6085093702536,-46.6134921187606;-23.6102862 -46.6120838;-23.6085157 -46.6134971;248;45;38
84;Thu Mar 14 22:30:42 2019;-23.6102606030973,-46.6120476310923;-23.6085093702536,-46.6134921187606;-23.6102862 -46.6120838;-23.6085157 -46.6134971;248;45;40
85;Thu Mar 14 22:31:43 2019;-23.6102606030973,-46.6120476310923;-23.6085093702536,-46.6134921187606;-23.6102862 -46.6120838;-23.6085157 -46.6134971;248;45;41
86;Thu Mar 14 22:32:42 2019;-23.6102606030973,-46.6120476310923;-23.6085093702536,-46.6134921187606;-23.6102862 -46.6120838;-23.6085157 -46.6134971;248;45;40
87;Thu Mar 14 22:33:42 2019;-23.6102606030973,-46.6120476310923;-23.6085093702536,-46.6134921187606;-23.6102862 -46.6120838;-23.6085157 -46.6134971;248;45;41
88;Thu Mar 14 22:34:42 2019;-23.6102606030973,-46.6120476310923;-23.6085093702536,-46.6134921187606;-23.6102862 -46.6120838;-23.6085157 -46.6134971;248;45;37
89;Thu Mar 14 22:35:41 2019;-23.6102606030973,-46.6120476310923;-23.6085093702536,-46.6134921187606;-23.6102862 -46.6120838;-23.6085157 -46.6134971;248;45;39
90;Thu Mar 14 22:36:42 2019;-23.6102606030973,-46.6120476310923;-23.6085093702536,-46.6134921187606;-23.6102862 -46.6120838;-23.6085157 -46.6134971;248;45;39
91;Thu Mar 14 22:37:45 2019;-23.6102606030973,-46.6120476310923;-23.6085093702536,-46.6134921187606;-23.6102862 -46.6120838;-23.6085157 -46.6134971;248;45;38
92;Thu Mar 14 22:38:42 2019;-23.6102606030973,-46.6120476310923;-23.6085093702536,-46.6134921187606;-23.6102862 -46.6120838;-23.6085157 -46.6134971;248;45;40
93;Thu Mar 14 22:39:42 2019;-23.6102606030973,-46.6120476310923;-23.6085093702536,-46.6134921187606;-23.6102862 -46.6120838;-23.6085157 -46.6134971;248;45;38
94;Thu Mar 14 22:40:43 2019;-23.6102606030973,-46.6120476310923;-23.6085093702536,-46.6134921187606;-23.6102862 -46.6120838;-23.6085157 -46.6134971;248;45;37
95;Thu Mar 14 22:41:42 2019;-23.6102606030973,-46.6120476310923;-23.6085093702536,-46.6134921187606;-23.6102862 -46.6120838;-23.6085157 -46.6134971;248;45;37
96;Thu Mar 14 22:42:42 2019;-23.6102606030973,-46.6120476310923;-23.6085093702536,-46.6134921187606;-23.6102862 -46.6120838;-23.6085157 -46.6134971;248;45;37
97;Thu Mar 14 22:43:42 2019;-23.6102606030973,-46.6120476310923;-23.6085093702536,-46.6134921187606;-23.6102862 -46.6120838;-23.6085157 -46.6134971;248;45;37
98;Thu Mar 14 22:44:42 2019;-23.6102606030973,-46.6120476310923;-23.6085093702536,-46.6134921187606;-23.6102862 -46.6120838;-23.6085157 -46.6134971;248;45;37
99;Thu Mar 14 22:45:42 2019;-23.6102606030973,-46.6120476310923;-23.6085093702536,-46.6134921187606;-23.6102862 -46.6120838;-23.6085157 -46.6134971;248;45;37
100;Thu Mar 14 22:46:42 2019;-23.6102606030973,-46.6120476310923;-23.6085093702536,-46.6134921187606;-23.6102862 -46.6120838;-23.6085157 -46.6134971;248;45;37
101;Thu Mar 14 22:47:42 2019;-23.6102606030973,-46.6120476310923;-23.6085093702536,-46.6134921187606;-23.6102862 -46.6120838;-23.6085157 -46.6134971;248;45;40
102;Thu Mar 14 22:48:42 2019;-23.6102606030973,-46.6120476310923;-23.6085093702536,-46.6134921187606;-23.6102862 -46.6120838;-23.6085157 -46.6134971;248;45;40
103;Thu Mar 14 22:49:43 2019;-23.6102606030973,-46.6120476310923;-23.6085093702536,-46.6134921187606;-23.6102862 -46.6120838;-23.6085157 -46.6134971;248;45;40
104;Thu Mar 14 22:50:43 2019;-23.6102606030973,-46.6120476310923;-23.6085093702536,-46.6134921187606;-23.6102862 -46.6120838;-23.6085157 -46.6134971;248;45;39
105;Thu Mar 14 22:51:42 2019;-23.6102606030973,-46.6120476310923;-23.6085093702536,-46.6134921187606;-23.6102862 -46.6120838;-23.6085157 -46.6134971;248;45;38
106;Thu Mar 14 22:52:45 2019;-23.6102606030973,-46.6120476310923;-23.6085093702536,-46.6134921187606;-23.6102862 -46.6120838;-23.6085157 -46.6134971;248;45;38
107;Thu Mar 14 22:53:42 2019;-23.6102606030973,-46.6120476310923;-23.6085093702536,-46.6134921187606;-23.6102862 -46.6120838;-23.6085157 -46.6134971;248;45;38
108;Thu Mar 14 22:54:42 2019;-23.6102606030973,-46.6120476310923;-23.6085093702536,-46.6134921187606;-23.6102862 -46.6120838;-23.6085157 -46.6134971;248;45;38
109;Thu Mar 14 22:55:42 2019;-23.6102606030973,-46.6120476310923;-23.6085093702536,-46.6134921187606;-23.6102862 -46.6120838;-23.6085157 -46.6134971;248;45;37
110;Thu Mar 14 22:56:42 2019;-23.6102606030973,-46.6120476310923;-23.6085093702536,-46.6134921187606;-23.6102862 -46.6120838;-23.6085157 -46.6134971;248;45;37
111;Thu Mar 14 22:57:43 2019;-23.6102606030973,-46.6120476310923;-23.6085093702536,-46.6134921187606;-23.6102862 -46.6120838;-23.6085157 -46.6134971;248;45;37
112;Thu Mar 14 22:58:42 2019;-23.6102606030973,-46.6120476310923;-23.6085093702536,-46.6134921187606;-23.6102862 -46.6120838;-23.6085157 -46.6134971;248;45;37
113;Thu Mar 14 22:59:42 2019;-23.6102606030973,-46.6120476310923;-23.6085093702536,-46.6134921187606;-23.6102862 -46.6120838;-23.6085157 -46.6134971;248;45;37
114;Thu Mar 14 23:00:42 2019;-23.6102606030973,-46.6120476310923;-23.6085093702536,-46.6134921187606;-23.6102862 -46.6120838;-23.6085157 -46.6134971;248;45;37
115;Thu Mar 14 23:01:42 2019;-23.6102606030973,-46.6120476310923;-23.6085093702536,-46.6134921187606;-23.6102862 -46.6120838;-23.6085157 -46.6134971;248;45;37
116;Thu Mar 14 23:02:42 2019;-23.6102606030973,-46.6120476310923;-23.6085093702536,-46.6134921187606;-23.6102862 -46.6120838;-23.6085157 -46.6134971;248;45;37
117;Thu Mar 14 23:03:42 2019;-23.6102606030973,-46.6120476310923;-23.6085093702536,-46.6134921187606;-23.6102862 -46.6120838;-23.6085157 -46.6134971;248;45;37
118;Thu Mar 14 23:04:42 2019;-23.6102606030973,-46.6120476310923;-23.6085093702536,-46.6134921187606;-23.6102862 -46.6120838;-23.6085157 -46.6134971;248;45;36
119;Thu Mar 14 23:05:42 2019;-23.6102606030973,-46.6120476310923;-23.6085093702536,-46.6134921187606;-23.6102862 -46.6120838;-23.6085157 -46.6134971;248;45;42
120;Thu Mar 14 23:06:42 2019;-23.6102606030973,-46.6120476310923;-23.6085093702536,-46.6134921187606;-23.6102862 -46.6120838;-23.6085157 -46.6134971;248;45;42
121;Thu Mar 14 23:07:44 2019;-23.6102606030973,-46.6120476310923;-23.6085093702536,-46.6134921187606;-23.6102862 -46.6120838;-23.6085157 -46.6134971;248;45;43
122;Thu Mar 14 23:08:42 2019;-23.6102606030973,-46.6120476310923;-23.6085093702536,-46.6134921187606;-23.6102862 -46.6120838;-23.6085157 -46.6134971;248;45;43
123;Thu Mar 14 23:09:42 2019;-23.6102606030973,-46.6120476310923;-23.6085093702536,-46.6134921187606;-23.6102862 -46.6120838;-23.6085157 -46.6134971;248;45;37
124;Thu Mar 14 23:10:42 2019;-23.6102606030973,-46.6120476310923;-23.6085093702536,-46.6134921187606;-23.6102862 -46.6120838;-23.6085157 -46.6134971;248;45;37
125;Thu Mar 14 23:11:42 2019;-23.6102606030973,-46.6120476310923;-23.6085093702536,-46.6134921187606;-23.6102862 -46.6120838;-23.6085157 -46.6134971;248;45;36
126;Thu Mar 14 23:12:42 2019;-23.6102606030973,-46.6120476310923;-23.6085093702536,-46.6134921187606;-23.6102862 -46.6120838;-23.6085157 -46.6134971;248;45;36
127;Thu Mar 14 23:13:41 2019;-23.6102606030973,-46.6120476310923;-23.6085093702536,-46.6134921187606;-23.6102862 -46.6120838;-23.6085157 -46.6134971;248;45;44
128;Thu Mar 14 23:14:42 2019;-23.6102606030973,-46.6120476310923;-23.6085093702536,-46.6134921187606;-23.6102862 -46.6120838;-23.6085157 -46.6134971;248;45;44
129;Thu Mar 14 23:15:42 2019;-23.6102606030973,-46.6120476310923;-23.6085093702536,-46.6134921187606;-23.6102862 -46.6120838;-23.6085157 -46.6134971;248;45;44
130;Thu Mar 14 23:16:42 2019;-23.6102606030973,-46.6120476310923;-23.6085093702536,-46.6134921187606;-23.6102862 -46.6120838;-23.6085157 -46.6134971;248;45;41
131;Thu Mar 14 23:17:42 2019;-23.6102606030973,-46.6120476310923;-23.6085093702536,-46.6134921187606;-23.6102862 -46.6120838;-23.6085157 -46.6134971;248;45;41
132;Thu Mar 14 23:18:42 2019;-23.6102606030973,-46.6120476310923;-23.6085093702536,-46.6134921187606;-23.6102862 -46.6120838;-23.6085157 -46.6134971;248;45;41
133;Thu Mar 14 23:19:42 2019;-23.6102606030973,-46.6120476310923;-23.6085093702536,-46.6134921187606;-23.6102862 -46.6120838;-23.6085157 -46.6134971;248;45;45
134;Thu Mar 14 23:20:42 2019;-23.6102606030973,-46.6120476310923;-23.6085093702536,-46.6134921187606;-23.6102862 -46.6120838;-23.6085157 -46.6134971;248;45;45
135;Thu Mar 14 23:21:42 2019;-23.6102606030973,-46.6120476310923;-23.6085093702536,-46.6134921187606;-23.6102862 -46.6120838;-23.6085157 -46.6134971;248;45;41
136;Thu Mar 14 23:22:43 2019;-23.6102606030973,-46.6120476310923;-23.6085093702536,-46.6134921187606;-23.6102862 -46.6120838;-23.6085157 -46.6134971;248;45;41
137;Thu Mar 14 23:23:42 2019;-23.6102606030973,-46.6120476310923;-23.6085093702536,-46.6134921187606;-23.6102862 -46.6120838;-23.6085157 -46.6134971;248;45;41
138;Thu Mar 14 23:24:42 2019;-23.6102606030973,-46.6120476310923;-23.6085093702536,-46.6134921187606;-23.6102862 -46.6120838;-23.6085157 -46.6134971;248;45;38
139;Thu Mar 14 23:25:42 2019;-23.6102606030973,-46.6120476310923;-23.6085093702536,-46.6134921187606;-23.6102862 -46.6120838;-23.6085157 -46.6134971;248;45;36
140;Thu Mar 14 23:26:42 2019;-23.6102606030973,-46.6120476310923;-23.6085093702536,-46.6134921187606;-23.6102862 -46.6120838;-23.6085157 -46.6134971;248;45;36
141;Thu Mar 14 23:27:42 2019;-23.6102606030973,-46.6120476310923;-23.6085093702536,-46.6134921187606;-23.6102862 -46.6120838;-23.6085157 -46.6134971;248;45;36
142;Thu Mar 14 23:28:42 2019;-23.6102606030973,-46.6120476310923;-23.6085093702536,-46.6134921187606;-23.6102862 -46.6120838;-23.6085157 -46.6134971;248;45;36
143;Thu Mar 14 23:29:41 2019;-23.6102606030973,-46.6120476310923;-23.6085093702536,-46.6134921187606;-23.6102862 -46.6120838;-23.6085157 -46.6134971;248;45;37
144;Thu Mar 14 23:30:42 2019;-23.6102606030973,-46.6120476310923;-23.6085093702536,-46.6134921187606;-23.6102862 -46.6120838;-23.6085157 -46.6134971;248;45;37
145;Thu Mar 14 23:31:42 2019;-23.6102606030973,-46.6120476310923;-23.6085093702536,-46.6134921187606;-23.6102862 -46.6120838;-23.6085157 -46.6134971;248;45;36
146;Thu Mar 14 23:32:42 2019;-23.6102606030973,-46.6120476310923;-23.6085093702536,-46.6134921187606;-23.6102862 -46.6120838;-23.6085157 -46.6134971;248;45;36
147;Thu Mar 14 23:33:42 2019;-23.6102606030973,-46.6120476310923;-23.6085093702536,-46.6134921187606;-23.6102862 -46.6120838;-23.6085157 -46.6134971;248;45;37
148;Thu Mar 14 23:34:42 2019;-23.6102606030973,-46.6120476310923;-23.6085093702536,-46.6134921187606;-23.6102862 -46.6120838;-23.6085157 -46.6134971;248;45;39
149;Thu Mar 14 23:35:42 2019;-23.6102606030973,-46.6120476310923;-23.6085093702536,-46.6134921187606;-23.6102862 -46.6120838;-23.6085157 -46.6134971;248;45;39
150;Thu Mar 14 23:36:42 2019;-23.6102606030973,-46.6120476310923;-23.6085093702536,-46.6134921187606;-23.6102862 -46.6120838;-23.6085157 -46.6134971;248;45;39
151;Thu Mar 14 23:37:43 2019;-23.6102606030973,-46.6120476310923;-23.6085093702536,-46.6134921187606;-23.6102862 -46.6120838;-23.6085157 -46.6134971;248;45;39
152;Thu Mar 14 23:38:42 2019;-23.6102606030973,-46.6120476310923;-23.6085093702536,-46.6134921187606;-23.6102862 -46.6120838;-23.6085157 -46.6134971;248;45;40
153;Thu Mar 14 23:39:42 2019;-23.6102606030973,-46.6120476310923;-23.6085093702536,-46.6134921187606;-23.6102862 -46.6120838;-23.6085157 -46.6134971;248;45;38
154;Thu Mar 14 23:40:42 2019;-23.6102606030973,-46.6120476310923;-23.6085093702536,-46.6134921187606;-23.6102862 -46.6120838;-23.6085157 -46.6134971;248;45;38
155;Thu Mar 14 23:41:42 2019;-23.6102606030973,-46.6120476310923;-23.6085093702536,-46.6134921187606;-23.6102862 -46.6120838;-23.6085157 -46.6134971;248;45;38
156;Thu Mar 14 23:42:42 2019;-23.6102606030973,-46.6120476310923;-23.6085093702536,-46.6134921187606;-23.6102862 -46.6120838;-23.6085157 -46.6134971;248;45;38
157;Thu Mar 14 23:43:42 2019;-23.6102606030973,-46.6120476310923;-23.6085093702536,-46.6134921187606;-23.6102862 -46.6120838;-23.6085157 -46.6134971;248;45;38
158;Thu Mar 14 23:44:42 2019;-23.6102606030973,-46.6120476310923;-23.6085093702536,-46.6134921187606;-23.6102862 -46.6120838;-23.6085157 -46.6134971;248;45;37
159;Thu Mar 14 23:45:42 2019;-23.6102606030973,-46.6120476310923;-23.6085093702536,-46.6134921187606;-23.6102862 -46.6120838;-23.6085157 -46.6134971;248;45;37
160;Thu Mar 14 23:46:42 2019;-23.6102606030973,-46.6120476310923;-23.6085093702536,-46.6134921187606;-23.6102862 -46.6120838;-23.6085157 -46.6134971;248;45;38
161;Thu Mar 14 23:47:42 2019;-23.6102606030973,-46.6120476310923;-23.6085093702536,-46.6134921187606;-23.6102862 -46.6120838;-23.6085157 -46.6134971;248;45;38
162;Thu Mar 14 23:48:42 2019;-23.6102606030973,-46.6120476310923;-23.6085093702536,-46.6134921187606;-23.6102862 -46.6120838;-23.6085157 -46.6134971;248;45;38
163;Thu Mar 14 23:49:42 2019;-23.6102606030973,-46.6120476310923;-23.6085093702536,-46.6134921187606;-23.6102862 -46.6120838;-23.6085157 -46.6134971;248;45;40
164;Thu Mar 14 23:50:42 2019;-23.6102606030973,-46.6120476310923;-23.6085093702536,-46.6134921187606;-23.6102862 -46.6120838;-23.6085157 -46.6134971;248;45;40
165;Thu Mar 14 23:51:42 2019;-23.6102606030973,-46.6120476310923;-23.6085093702536,-46.6134921187606;-23.6102862 -46.6120838;-23.6085157 -46.6134971;248;45;40
166;Thu Mar 14 23:52:43 2019;-23.6102606030973,-46.6120476310923;-23.6085093702536,-46.6134921187606;-23.6102862 -46.6120838;-23.6085157 -46.6134971;248;45;36
167;Thu Mar 14 23:53:42 2019;-23.6102606030973,-46.6120476310923;-23.6085093702536,-46.6134921187606;-23.6102862 -46.6120838;-23.6085157 -46.6134971;248;45;33
168;Thu Mar 14 23:54:42 2019;-23.6102606030973,-46.6120476310923;-23.6085093702536,-46.6134921187606;-23.6102862 -46.6120838;-23.6085157 -46.6134971;248;45;33
169;Thu Mar 14 23:55:42 2019;-23.6102606030973,-46.6120476310923;-23.6085093702536,-46.6134921187606;-23.6102862 -46.6120838;-23.6085157 -46.6134971;248;45;33
170;Thu Mar 14 23:56:42 2019;-23.6102606030973,-46.6120476310923;-23.6085093702536,-46.6134921187606;-23.6102862 -46.6120838;-23.6085157 -46.6134971;248;45;33
171;Thu Mar 14 23:57:42 2019;-23.6102606030973,-46.6120476310923;-23.6085093702536,-46.6134921187606;-23.6102862 -46.6120838;-23.6085157 -46.6134971;248;45;33
172;Thu Mar 14 23:58:42 2019;-23.6102606030973,-46.6120476310923;-23.6085093702536,-46.6134921187606;-23.6102862 -46.6120838;-23.6085157 -46.6134971;248;45;36
173;Thu Mar 14 23:59:42 2019;-23.6102606030973,-46.6120476310923;-23.6085093702536,-46.6134921187606;-23.6102862 -46.6120838;-23.6085157 -46.6134971;248;45;36
