38972;Thu Mar 14 00:00:08 2019;-23.6183546829382,-46.6094826699595;-23.618161790278,-46.6096885741109;-23.6183648 -46.6094947;-23.6181771 -46.6097015;30;19;15
39213;Thu Mar 14 04:01:10 2019;-23.6183546829382,-46.6094826699595;-23.618161790278,-46.6096885741109;-23.6183648 -46.6094947;-23.6181771 -46.6097015;30;19;14
39214;Thu Mar 14 04:02:08 2019;-23.6183546829382,-46.6094826699595;-23.618161790278,-46.6096885741109;-23.6183648 -46.6094947;-23.6181771 -46.6097015;30;19;14
39215;Thu Mar 14 04:03:08 2019;-23.6183546829382,-46.6094826699595;-23.618161790278,-46.6096885741109;-23.6183648 -46.6094947;-23.6181771 -46.6097015;30;19;14
39216;Thu Mar 14 04:04:08 2019;-23.6183546829382,-46.6094826699595;-23.618161790278,-46.6096885741109;-23.6183648 -46.6094947;-23.6181771 -46.6097015;30;19;14
39217;Thu Mar 14 04:05:08 2019;-23.6183546829382,-46.6094826699595;-23.618161790278,-46.6096885741109;-23.6183648 -46.6094947;-23.6181771 -46.6097015;30;19;14
39218;Thu Mar 14 04:06:08 2019;-23.6183546829382,-46.6094826699595;-23.618161790278,-46.6096885741109;-23.6183648 -46.6094947;-23.6181771 -46.6097015;30;19;14
39219;Thu Mar 14 04:07:08 2019;-23.6183546829382,-46.6094826699595;-23.618161790278,-46.6096885741109;-23.6183648 -46.6094947;-23.6181771 -46.6097015;30;19;14
39220;Thu Mar 14 04:08:08 2019;-23.6183546829382,-46.6094826699595;-23.618161790278,-46.6096885741109;-23.6183648 -46.6094947;-23.6181771 -46.6097015;30;19;14
39221;Thu Mar 14 04:09:08 2019;-23.6183546829382,-46.6094826699595;-23.618161790278,-46.6096885741109;-23.6183648 -46.6094947;-23.6181771 -46.6097015;30;19;14
39222;Thu Mar 14 04:10:08 2019;-23.6183546829382,-46.6094826699595;-23.618161790278,-46.6096885741109;-23.6183648 -46.6094947;-23.6181771 -46.6097015;30;19;14
1;Thu Mar 14 21:07:45 2019;-23.6183546829382,-46.6094826699595;-23.618161790278,-46.6096885741109;-23.6183648 -46.6094947;-23.6181771 -46.6097015;30;19;16
2;Thu Mar 14 21:08:45 2019;-23.6183546829382,-46.6094826699595;-23.618161790278,-46.6096885741109;-23.6183648 -46.6094947;-23.6181771 -46.6097015;30;19;17
3;Thu Mar 14 21:09:42 2019;-23.6183546829382,-46.6094826699595;-23.618161790278,-46.6096885741109;-23.6183648 -46.6094947;-23.6181771 -46.6097015;30;19;17
4;Thu Mar 14 21:10:41 2019;-23.6183546829382,-46.6094826699595;-23.618161790278,-46.6096885741109;-23.6183648 -46.6094947;-23.6181771 -46.6097015;30;19;17
5;Thu Mar 14 21:11:42 2019;-23.6183546829382,-46.6094826699595;-23.618161790278,-46.6096885741109;-23.6183648 -46.6094947;-23.6181771 -46.6097015;30;19;16
6;Thu Mar 14 21:12:41 2019;-23.6183546829382,-46.6094826699595;-23.618161790278,-46.6096885741109;-23.6183648 -46.6094947;-23.6181771 -46.6097015;30;19;16
7;Thu Mar 14 21:13:41 2019;-23.6183546829382,-46.6094826699595;-23.618161790278,-46.6096885741109;-23.6183648 -46.6094947;-23.6181771 -46.6097015;30;19;16
8;Thu Mar 14 21:14:42 2019;-23.6183546829382,-46.6094826699595;-23.618161790278,-46.6096885741109;-23.6183648 -46.6094947;-23.6181771 -46.6097015;30;19;16
9;Thu Mar 14 21:15:42 2019;-23.6183546829382,-46.6094826699595;-23.618161790278,-46.6096885741109;-23.6183648 -46.6094947;-23.6181771 -46.6097015;30;19;17
10;Thu Mar 14 21:16:42 2019;-23.6183546829382,-46.6094826699595;-23.618161790278,-46.6096885741109;-23.6183648 -46.6094947;-23.6181771 -46.6097015;30;19;17
11;Thu Mar 14 21:17:42 2019;-23.6183546829382,-46.6094826699595;-23.618161790278,-46.6096885741109;-23.6183648 -46.6094947;-23.6181771 -46.6097015;30;19;16
12;Thu Mar 14 21:18:42 2019;-23.6183546829382,-46.6094826699595;-23.618161790278,-46.6096885741109;-23.6183648 -46.6094947;-23.6181771 -46.6097015;30;19;16
13;Thu Mar 14 21:19:42 2019;-23.6183546829382,-46.6094826699595;-23.618161790278,-46.6096885741109;-23.6183648 -46.6094947;-23.6181771 -46.6097015;30;19;16
14;Thu Mar 14 21:20:42 2019;-23.6183546829382,-46.6094826699595;-23.618161790278,-46.6096885741109;-23.6183648 -46.6094947;-23.6181771 -46.6097015;30;19;16
15;Thu Mar 14 21:21:43 2019;-23.6183546829382,-46.6094826699595;-23.618161790278,-46.6096885741109;-23.6183648 -46.6094947;-23.6181771 -46.6097015;30;19;17
16;Thu Mar 14 21:22:43 2019;-23.6183546829382,-46.6094826699595;-23.618161790278,-46.6096885741109;-23.6183648 -46.6094947;-23.6181771 -46.6097015;30;19;16
17;Thu Mar 14 21:23:42 2019;-23.6183546829382,-46.6094826699595;-23.618161790278,-46.6096885741109;-23.6183648 -46.6094947;-23.6181771 -46.6097015;30;19;17
18;Thu Mar 14 21:24:42 2019;-23.6183546829382,-46.6094826699595;-23.618161790278,-46.6096885741109;-23.6183648 -46.6094947;-23.6181771 -46.6097015;30;19;17
19;Thu Mar 14 21:25:42 2019;-23.6183546829382,-46.6094826699595;-23.618161790278,-46.6096885741109;-23.6183648 -46.6094947;-23.6181771 -46.6097015;30;19;16
20;Thu Mar 14 21:26:41 2019;-23.6183546829382,-46.6094826699595;-23.618161790278,-46.6096885741109;-23.6183648 -46.6094947;-23.6181771 -46.6097015;30;19;16
21;Thu Mar 14 21:27:42 2019;-23.6183546829382,-46.6094826699595;-23.618161790278,-46.6096885741109;-23.6183648 -46.6094947;-23.6181771 -46.6097015;30;19;16
22;Thu Mar 14 21:28:42 2019;-23.6183546829382,-46.6094826699595;-23.618161790278,-46.6096885741109;-23.6183648 -46.6094947;-23.6181771 -46.6097015;30;19;15
23;Thu Mar 14 21:29:41 2019;-23.6183546829382,-46.6094826699595;-23.618161790278,-46.6096885741109;-23.6183648 -46.6094947;-23.6181771 -46.6097015;30;19;15
24;Thu Mar 14 21:30:41 2019;-23.6183546829382,-46.6094826699595;-23.618161790278,-46.6096885741109;-23.6183648 -46.6094947;-23.6181771 -46.6097015;30;19;15
25;Thu Mar 14 21:31:42 2019;-23.6183546829382,-46.6094826699595;-23.618161790278,-46.6096885741109;-23.6183648 -46.6094947;-23.6181771 -46.6097015;30;19;15
26;Thu Mar 14 21:32:42 2019;-23.6183546829382,-46.6094826699595;-23.618161790278,-46.6096885741109;-23.6183648 -46.6094947;-23.6181771 -46.6097015;30;19;15
27;Thu Mar 14 21:33:42 2019;-23.6183546829382,-46.6094826699595;-23.618161790278,-46.6096885741109;-23.6183648 -46.6094947;-23.6181771 -46.6097015;30;19;15
28;Thu Mar 14 21:34:41 2019;-23.6183546829382,-46.6094826699595;-23.618161790278,-46.6096885741109;-23.6183648 -46.6094947;-23.6181771 -46.6097015;30;19;15
29;Thu Mar 14 21:35:42 2019;-23.6183546829382,-46.6094826699595;-23.618161790278,-46.6096885741109;-23.6183648 -46.6094947;-23.6181771 -46.6097015;30;19;15
30;Thu Mar 14 21:36:42 2019;-23.6183546829382,-46.6094826699595;-23.618161790278,-46.6096885741109;-23.6183648 -46.6094947;-23.6181771 -46.6097015;30;19;15
31;Thu Mar 14 21:37:44 2019;-23.6183546829382,-46.6094826699595;-23.618161790278,-46.6096885741109;-23.6183648 -46.6094947;-23.6181771 -46.6097015;30;19;15
32;Thu Mar 14 21:38:41 2019;-23.6183546829382,-46.6094826699595;-23.618161790278,-46.6096885741109;-23.6183648 -46.6094947;-23.6181771 -46.6097015;30;19;15
33;Thu Mar 14 21:39:42 2019;-23.6183546829382,-46.6094826699595;-23.618161790278,-46.6096885741109;-23.6183648 -46.6094947;-23.6181771 -46.6097015;30;19;14
34;Thu Mar 14 21:40:41 2019;-23.6183546829382,-46.6094826699595;-23.618161790278,-46.6096885741109;-23.6183648 -46.6094947;-23.6181771 -46.6097015;30;19;15
35;Thu Mar 14 21:41:42 2019;-23.6183546829382,-46.6094826699595;-23.618161790278,-46.6096885741109;-23.6183648 -46.6094947;-23.6181771 -46.6097015;30;19;17
36;Thu Mar 14 21:42:41 2019;-23.6183546829382,-46.6094826699595;-23.618161790278,-46.6096885741109;-23.6183648 -46.6094947;-23.6181771 -46.6097015;30;19;15
37;Thu Mar 14 21:43:42 2019;-23.6183546829382,-46.6094826699595;-23.618161790278,-46.6096885741109;-23.6183648 -46.6094947;-23.6181771 -46.6097015;30;19;15
38;Thu Mar 14 21:44:42 2019;-23.6183546829382,-46.6094826699595;-23.618161790278,-46.6096885741109;-23.6183648 -46.6094947;-23.6181771 -46.6097015;30;19;16
39;Thu Mar 14 21:45:41 2019;-23.6183546829382,-46.6094826699595;-23.618161790278,-46.6096885741109;-23.6183648 -46.6094947;-23.6181771 -46.6097015;30;19;16
40;Thu Mar 14 21:46:41 2019;-23.6183546829382,-46.6094826699595;-23.618161790278,-46.6096885741109;-23.6183648 -46.6094947;-23.6181771 -46.6097015;30;19;16
41;Thu Mar 14 21:47:42 2019;-23.6183546829382,-46.6094826699595;-23.618161790278,-46.6096885741109;-23.6183648 -46.6094947;-23.6181771 -46.6097015;30;19;16
42;Thu Mar 14 21:48:42 2019;-23.6183546829382,-46.6094826699595;-23.618161790278,-46.6096885741109;-23.6183648 -46.6094947;-23.6181771 -46.6097015;30;19;16
43;Thu Mar 14 21:49:42 2019;-23.6183546829382,-46.6094826699595;-23.618161790278,-46.6096885741109;-23.6183648 -46.6094947;-23.6181771 -46.6097015;30;19;17
44;Thu Mar 14 21:50:42 2019;-23.6183546829382,-46.6094826699595;-23.618161790278,-46.6096885741109;-23.6183648 -46.6094947;-23.6181771 -46.6097015;30;19;16
45;Thu Mar 14 21:51:41 2019;-23.6183546829382,-46.6094826699595;-23.618161790278,-46.6096885741109;-23.6183648 -46.6094947;-23.6181771 -46.6097015;30;19;17
46;Thu Mar 14 21:52:43 2019;-23.6183546829382,-46.6094826699595;-23.618161790278,-46.6096885741109;-23.6183648 -46.6094947;-23.6181771 -46.6097015;30;19;17
47;Thu Mar 14 21:53:42 2019;-23.6183546829382,-46.6094826699595;-23.618161790278,-46.6096885741109;-23.6183648 -46.6094947;-23.6181771 -46.6097015;30;19;16
48;Thu Mar 14 21:54:42 2019;-23.6183546829382,-46.6094826699595;-23.618161790278,-46.6096885741109;-23.6183648 -46.6094947;-23.6181771 -46.6097015;30;19;16
49;Thu Mar 14 21:55:42 2019;-23.6183546829382,-46.6094826699595;-23.618161790278,-46.6096885741109;-23.6183648 -46.6094947;-23.6181771 -46.6097015;30;19;16
50;Thu Mar 14 21:56:41 2019;-23.6183546829382,-46.6094826699595;-23.618161790278,-46.6096885741109;-23.6183648 -46.6094947;-23.6181771 -46.6097015;30;19;16
51;Thu Mar 14 21:57:42 2019;-23.6183546829382,-46.6094826699595;-23.618161790278,-46.6096885741109;-23.6183648 -46.6094947;-23.6181771 -46.6097015;30;19;17
52;Thu Mar 14 21:58:42 2019;-23.6183546829382,-46.6094826699595;-23.618161790278,-46.6096885741109;-23.6183648 -46.6094947;-23.6181771 -46.6097015;30;19;17
53;Thu Mar 14 21:59:42 2019;-23.6183546829382,-46.6094826699595;-23.618161790278,-46.6096885741109;-23.6183648 -46.6094947;-23.6181771 -46.6097015;30;19;17
54;Thu Mar 14 22:00:42 2019;-23.6183546829382,-46.6094826699595;-23.618161790278,-46.6096885741109;-23.6183648 -46.6094947;-23.6181771 -46.6097015;30;19;17
55;Thu Mar 14 22:01:41 2019;-23.6183546829382,-46.6094826699595;-23.618161790278,-46.6096885741109;-23.6183648 -46.6094947;-23.6181771 -46.6097015;30;19;17
56;Thu Mar 14 22:02:42 2019;-23.6183546829382,-46.6094826699595;-23.618161790278,-46.6096885741109;-23.6183648 -46.6094947;-23.6181771 -46.6097015;30;19;16
57;Thu Mar 14 22:03:41 2019;-23.6183546829382,-46.6094826699595;-23.618161790278,-46.6096885741109;-23.6183648 -46.6094947;-23.6181771 -46.6097015;30;19;17
58;Thu Mar 14 22:04:41 2019;-23.6183546829382,-46.6094826699595;-23.618161790278,-46.6096885741109;-23.6183648 -46.6094947;-23.6181771 -46.6097015;30;19;17
59;Thu Mar 14 22:05:42 2019;-23.6183546829382,-46.6094826699595;-23.618161790278,-46.6096885741109;-23.6183648 -46.6094947;-23.6181771 -46.6097015;30;19;16
60;Thu Mar 14 22:06:42 2019;-23.6183546829382,-46.6094826699595;-23.618161790278,-46.6096885741109;-23.6183648 -46.6094947;-23.6181771 -46.6097015;30;19;16
61;Thu Mar 14 22:07:43 2019;-23.6183546829382,-46.6094826699595;-23.618161790278,-46.6096885741109;-23.6183648 -46.6094947;-23.6181771 -46.6097015;30;19;17
62;Thu Mar 14 22:08:41 2019;-23.6183546829382,-46.6094826699595;-23.618161790278,-46.6096885741109;-23.6183648 -46.6094947;-23.6181771 -46.6097015;30;19;16
63;Thu Mar 14 22:09:42 2019;-23.6183546829382,-46.6094826699595;-23.618161790278,-46.6096885741109;-23.6183648 -46.6094947;-23.6181771 -46.6097015;30;19;16
64;Thu Mar 14 22:10:42 2019;-23.6183546829382,-46.6094826699595;-23.618161790278,-46.6096885741109;-23.6183648 -46.6094947;-23.6181771 -46.6097015;30;19;17
65;Thu Mar 14 22:11:41 2019;-23.6183546829382,-46.6094826699595;-23.618161790278,-46.6096885741109;-23.6183648 -46.6094947;-23.6181771 -46.6097015;30;19;16
66;Thu Mar 14 22:12:41 2019;-23.6183546829382,-46.6094826699595;-23.618161790278,-46.6096885741109;-23.6183648 -46.6094947;-23.6181771 -46.6097015;30;19;16
67;Thu Mar 14 22:13:41 2019;-23.6183546829382,-46.6094826699595;-23.618161790278,-46.6096885741109;-23.6183648 -46.6094947;-23.6181771 -46.6097015;30;19;17
68;Thu Mar 14 22:14:42 2019;-23.6183546829382,-46.6094826699595;-23.618161790278,-46.6096885741109;-23.6183648 -46.6094947;-23.6181771 -46.6097015;30;19;17
69;Thu Mar 14 22:15:41 2019;-23.6183546829382,-46.6094826699595;-23.618161790278,-46.6096885741109;-23.6183648 -46.6094947;-23.6181771 -46.6097015;30;19;17
70;Thu Mar 14 22:16:41 2019;-23.6183546829382,-46.6094826699595;-23.618161790278,-46.6096885741109;-23.6183648 -46.6094947;-23.6181771 -46.6097015;30;19;17
71;Thu Mar 14 22:17:42 2019;-23.6183546829382,-46.6094826699595;-23.618161790278,-46.6096885741109;-23.6183648 -46.6094947;-23.6181771 -46.6097015;30;19;17
72;Thu Mar 14 22:18:42 2019;-23.6183546829382,-46.6094826699595;-23.618161790278,-46.6096885741109;-23.6183648 -46.6094947;-23.6181771 -46.6097015;30;19;17
73;Thu Mar 14 22:19:42 2019;-23.6183546829382,-46.6094826699595;-23.618161790278,-46.6096885741109;-23.6183648 -46.6094947;-23.6181771 -46.6097015;30;19;17
74;Thu Mar 14 22:20:42 2019;-23.6183546829382,-46.6094826699595;-23.618161790278,-46.6096885741109;-23.6183648 -46.6094947;-23.6181771 -46.6097015;30;19;17
75;Thu Mar 14 22:21:41 2019;-23.6183546829382,-46.6094826699595;-23.618161790278,-46.6096885741109;-23.6183648 -46.6094947;-23.6181771 -46.6097015;30;19;17
76;Thu Mar 14 22:22:43 2019;-23.6183546829382,-46.6094826699595;-23.618161790278,-46.6096885741109;-23.6183648 -46.6094947;-23.6181771 -46.6097015;30;19;16
77;Thu Mar 14 22:23:41 2019;-23.6183546829382,-46.6094826699595;-23.618161790278,-46.6096885741109;-23.6183648 -46.6094947;-23.6181771 -46.6097015;30;19;16
78;Thu Mar 14 22:24:41 2019;-23.6183546829382,-46.6094826699595;-23.618161790278,-46.6096885741109;-23.6183648 -46.6094947;-23.6181771 -46.6097015;30;19;16
79;Thu Mar 14 22:25:42 2019;-23.6183546829382,-46.6094826699595;-23.618161790278,-46.6096885741109;-23.6183648 -46.6094947;-23.6181771 -46.6097015;30;19;16
80;Thu Mar 14 22:26:42 2019;-23.6183546829382,-46.6094826699595;-23.618161790278,-46.6096885741109;-23.6183648 -46.6094947;-23.6181771 -46.6097015;30;19;16
81;Thu Mar 14 22:27:42 2019;-23.6183546829382,-46.6094826699595;-23.618161790278,-46.6096885741109;-23.6183648 -46.6094947;-23.6181771 -46.6097015;30;19;16
82;Thu Mar 14 22:28:42 2019;-23.6183546829382,-46.6094826699595;-23.618161790278,-46.6096885741109;-23.6183648 -46.6094947;-23.6181771 -46.6097015;30;19;16
83;Thu Mar 14 22:29:42 2019;-23.6183546829382,-46.6094826699595;-23.618161790278,-46.6096885741109;-23.6183648 -46.6094947;-23.6181771 -46.6097015;30;19;16
84;Thu Mar 14 22:30:42 2019;-23.6183546829382,-46.6094826699595;-23.618161790278,-46.6096885741109;-23.6183648 -46.6094947;-23.6181771 -46.6097015;30;19;17
85;Thu Mar 14 22:31:42 2019;-23.6183546829382,-46.6094826699595;-23.618161790278,-46.6096885741109;-23.6183648 -46.6094947;-23.6181771 -46.6097015;30;19;17
86;Thu Mar 14 22:32:41 2019;-23.6183546829382,-46.6094826699595;-23.618161790278,-46.6096885741109;-23.6183648 -46.6094947;-23.6181771 -46.6097015;30;19;17
87;Thu Mar 14 22:33:42 2019;-23.6183546829382,-46.6094826699595;-23.618161790278,-46.6096885741109;-23.6183648 -46.6094947;-23.6181771 -46.6097015;30;19;17
88;Thu Mar 14 22:34:41 2019;-23.6183546829382,-46.6094826699595;-23.618161790278,-46.6096885741109;-23.6183648 -46.6094947;-23.6181771 -46.6097015;30;19;17
89;Thu Mar 14 22:35:41 2019;-23.6183546829382,-46.6094826699595;-23.618161790278,-46.6096885741109;-23.6183648 -46.6094947;-23.6181771 -46.6097015;30;19;17
90;Thu Mar 14 22:36:42 2019;-23.6183546829382,-46.6094826699595;-23.618161790278,-46.6096885741109;-23.6183648 -46.6094947;-23.6181771 -46.6097015;30;19;18
91;Thu Mar 14 22:37:43 2019;-23.6183546829382,-46.6094826699595;-23.618161790278,-46.6096885741109;-23.6183648 -46.6094947;-23.6181771 -46.6097015;30;19;18
92;Thu Mar 14 22:38:42 2019;-23.6183546829382,-46.6094826699595;-23.618161790278,-46.6096885741109;-23.6183648 -46.6094947;-23.6181771 -46.6097015;30;19;18
93;Thu Mar 14 22:39:42 2019;-23.6183546829382,-46.6094826699595;-23.618161790278,-46.6096885741109;-23.6183648 -46.6094947;-23.6181771 -46.6097015;30;19;18
94;Thu Mar 14 22:40:42 2019;-23.6183546829382,-46.6094826699595;-23.618161790278,-46.6096885741109;-23.6183648 -46.6094947;-23.6181771 -46.6097015;30;19;19
95;Thu Mar 14 22:41:41 2019;-23.6183546829382,-46.6094826699595;-23.618161790278,-46.6096885741109;-23.6183648 -46.6094947;-23.6181771 -46.6097015;30;19;18
96;Thu Mar 14 22:42:41 2019;-23.6183546829382,-46.6094826699595;-23.618161790278,-46.6096885741109;-23.6183648 -46.6094947;-23.6181771 -46.6097015;30;19;18
97;Thu Mar 14 22:43:41 2019;-23.6183546829382,-46.6094826699595;-23.618161790278,-46.6096885741109;-23.6183648 -46.6094947;-23.6181771 -46.6097015;30;19;19
98;Thu Mar 14 22:44:42 2019;-23.6183546829382,-46.6094826699595;-23.618161790278,-46.6096885741109;-23.6183648 -46.6094947;-23.6181771 -46.6097015;30;19;18
99;Thu Mar 14 22:45:41 2019;-23.6183546829382,-46.6094826699595;-23.618161790278,-46.6096885741109;-23.6183648 -46.6094947;-23.6181771 -46.6097015;30;19;18
100;Thu Mar 14 22:46:42 2019;-23.6183546829382,-46.6094826699595;-23.618161790278,-46.6096885741109;-23.6183648 -46.6094947;-23.6181771 -46.6097015;30;19;18
101;Thu Mar 14 22:47:42 2019;-23.6183546829382,-46.6094826699595;-23.618161790278,-46.6096885741109;-23.6183648 -46.6094947;-23.6181771 -46.6097015;30;19;17
102;Thu Mar 14 22:48:41 2019;-23.6183546829382,-46.6094826699595;-23.618161790278,-46.6096885741109;-23.6183648 -46.6094947;-23.6181771 -46.6097015;30;19;18
103;Thu Mar 14 22:49:42 2019;-23.6183546829382,-46.6094826699595;-23.618161790278,-46.6096885741109;-23.6183648 -46.6094947;-23.6181771 -46.6097015;30;19;18
104;Thu Mar 14 22:50:42 2019;-23.6183546829382,-46.6094826699595;-23.618161790278,-46.6096885741109;-23.6183648 -46.6094947;-23.6181771 -46.6097015;30;19;17
105;Thu Mar 14 22:51:41 2019;-23.6183546829382,-46.6094826699595;-23.618161790278,-46.6096885741109;-23.6183648 -46.6094947;-23.6181771 -46.6097015;30;19;17
106;Thu Mar 14 22:52:44 2019;-23.6183546829382,-46.6094826699595;-23.618161790278,-46.6096885741109;-23.6183648 -46.6094947;-23.6181771 -46.6097015;30;19;17
107;Thu Mar 14 22:53:41 2019;-23.6183546829382,-46.6094826699595;-23.618161790278,-46.6096885741109;-23.6183648 -46.6094947;-23.6181771 -46.6097015;30;19;17
108;Thu Mar 14 22:54:42 2019;-23.6183546829382,-46.6094826699595;-23.618161790278,-46.6096885741109;-23.6183648 -46.6094947;-23.6181771 -46.6097015;30;19;17
109;Thu Mar 14 22:55:41 2019;-23.6183546829382,-46.6094826699595;-23.618161790278,-46.6096885741109;-23.6183648 -46.6094947;-23.6181771 -46.6097015;30;19;16
110;Thu Mar 14 22:56:41 2019;-23.6183546829382,-46.6094826699595;-23.618161790278,-46.6096885741109;-23.6183648 -46.6094947;-23.6181771 -46.6097015;30;19;16
111;Thu Mar 14 22:57:42 2019;-23.6183546829382,-46.6094826699595;-23.618161790278,-46.6096885741109;-23.6183648 -46.6094947;-23.6181771 -46.6097015;30;19;16
112;Thu Mar 14 22:58:41 2019;-23.6183546829382,-46.6094826699595;-23.618161790278,-46.6096885741109;-23.6183648 -46.6094947;-23.6181771 -46.6097015;30;19;16
113;Thu Mar 14 22:59:42 2019;-23.6183546829382,-46.6094826699595;-23.618161790278,-46.6096885741109;-23.6183648 -46.6094947;-23.6181771 -46.6097015;30;19;16
114;Thu Mar 14 23:00:42 2019;-23.6183546829382,-46.6094826699595;-23.618161790278,-46.6096885741109;-23.6183648 -46.6094947;-23.6181771 -46.6097015;30;19;16
115;Thu Mar 14 23:01:41 2019;-23.6183546829382,-46.6094826699595;-23.618161790278,-46.6096885741109;-23.6183648 -46.6094947;-23.6181771 -46.6097015;30;19;16
116;Thu Mar 14 23:02:41 2019;-23.6183546829382,-46.6094826699595;-23.618161790278,-46.6096885741109;-23.6183648 -46.6094947;-23.6181771 -46.6097015;30;19;16
117;Thu Mar 14 23:03:41 2019;-23.6183546829382,-46.6094826699595;-23.618161790278,-46.6096885741109;-23.6183648 -46.6094947;-23.6181771 -46.6097015;30;19;17
118;Thu Mar 14 23:04:42 2019;-23.6183546829382,-46.6094826699595;-23.618161790278,-46.6096885741109;-23.6183648 -46.6094947;-23.6181771 -46.6097015;30;19;16
119;Thu Mar 14 23:05:42 2019;-23.6183546829382,-46.6094826699595;-23.618161790278,-46.6096885741109;-23.6183648 -46.6094947;-23.6181771 -46.6097015;30;19;16
120;Thu Mar 14 23:06:41 2019;-23.6183546829382,-46.6094826699595;-23.618161790278,-46.6096885741109;-23.6183648 -46.6094947;-23.6181771 -46.6097015;30;19;16
121;Thu Mar 14 23:07:43 2019;-23.6183546829382,-46.6094826699595;-23.618161790278,-46.6096885741109;-23.6183648 -46.6094947;-23.6181771 -46.6097015;30;19;16
122;Thu Mar 14 23:08:41 2019;-23.6183546829382,-46.6094826699595;-23.618161790278,-46.6096885741109;-23.6183648 -46.6094947;-23.6181771 -46.6097015;30;19;16
123;Thu Mar 14 23:09:42 2019;-23.6183546829382,-46.6094826699595;-23.618161790278,-46.6096885741109;-23.6183648 -46.6094947;-23.6181771 -46.6097015;30;19;17
124;Thu Mar 14 23:10:42 2019;-23.6183546829382,-46.6094826699595;-23.618161790278,-46.6096885741109;-23.6183648 -46.6094947;-23.6181771 -46.6097015;30;19;15
125;Thu Mar 14 23:11:41 2019;-23.6183546829382,-46.6094826699595;-23.618161790278,-46.6096885741109;-23.6183648 -46.6094947;-23.6181771 -46.6097015;30;19;15
126;Thu Mar 14 23:12:41 2019;-23.6183546829382,-46.6094826699595;-23.618161790278,-46.6096885741109;-23.6183648 -46.6094947;-23.6181771 -46.6097015;30;19;15
127;Thu Mar 14 23:13:41 2019;-23.6183546829382,-46.6094826699595;-23.618161790278,-46.6096885741109;-23.6183648 -46.6094947;-23.6181771 -46.6097015;30;19;15
128;Thu Mar 14 23:14:41 2019;-23.6183546829382,-46.6094826699595;-23.618161790278,-46.6096885741109;-23.6183648 -46.6094947;-23.6181771 -46.6097015;30;19;16
129;Thu Mar 14 23:15:42 2019;-23.6183546829382,-46.6094826699595;-23.618161790278,-46.6096885741109;-23.6183648 -46.6094947;-23.6181771 -46.6097015;30;19;16
130;Thu Mar 14 23:16:42 2019;-23.6183546829382,-46.6094826699595;-23.618161790278,-46.6096885741109;-23.6183648 -46.6094947;-23.6181771 -46.6097015;30;19;15
131;Thu Mar 14 23:17:41 2019;-23.6183546829382,-46.6094826699595;-23.618161790278,-46.6096885741109;-23.6183648 -46.6094947;-23.6181771 -46.6097015;30;19;15
132;Thu Mar 14 23:18:42 2019;-23.6183546829382,-46.6094826699595;-23.618161790278,-46.6096885741109;-23.6183648 -46.6094947;-23.6181771 -46.6097015;30;19;15
133;Thu Mar 14 23:19:41 2019;-23.6183546829382,-46.6094826699595;-23.618161790278,-46.6096885741109;-23.6183648 -46.6094947;-23.6181771 -46.6097015;30;19;15
134;Thu Mar 14 23:20:41 2019;-23.6183546829382,-46.6094826699595;-23.618161790278,-46.6096885741109;-23.6183648 -46.6094947;-23.6181771 -46.6097015;30;19;15
135;Thu Mar 14 23:21:42 2019;-23.6183546829382,-46.6094826699595;-23.618161790278,-46.6096885741109;-23.6183648 -46.6094947;-23.6181771 -46.6097015;30;19;15
136;Thu Mar 14 23:22:43 2019;-23.6183546829382,-46.6094826699595;-23.618161790278,-46.6096885741109;-23.6183648 -46.6094947;-23.6181771 -46.6097015;30;19;15
137;Thu Mar 14 23:23:41 2019;-23.6183546829382,-46.6094826699595;-23.618161790278,-46.6096885741109;-23.6183648 -46.6094947;-23.6181771 -46.6097015;30;19;15
138;Thu Mar 14 23:24:41 2019;-23.6183546829382,-46.6094826699595;-23.618161790278,-46.6096885741109;-23.6183648 -46.6094947;-23.6181771 -46.6097015;30;19;15
139;Thu Mar 14 23:25:42 2019;-23.6183546829382,-46.6094826699595;-23.618161790278,-46.6096885741109;-23.6183648 -46.6094947;-23.6181771 -46.6097015;30;19;16
140;Thu Mar 14 23:26:41 2019;-23.6183546829382,-46.6094826699595;-23.618161790278,-46.6096885741109;-23.6183648 -46.6094947;-23.6181771 -46.6097015;30;19;16
141;Thu Mar 14 23:27:42 2019;-23.6183546829382,-46.6094826699595;-23.618161790278,-46.6096885741109;-23.6183648 -46.6094947;-23.6181771 -46.6097015;30;19;16
142;Thu Mar 14 23:28:41 2019;-23.6183546829382,-46.6094826699595;-23.618161790278,-46.6096885741109;-23.6183648 -46.6094947;-23.6181771 -46.6097015;30;19;16
143;Thu Mar 14 23:29:41 2019;-23.6183546829382,-46.6094826699595;-23.618161790278,-46.6096885741109;-23.6183648 -46.6094947;-23.6181771 -46.6097015;30;19;16
144;Thu Mar 14 23:30:42 2019;-23.6183546829382,-46.6094826699595;-23.618161790278,-46.6096885741109;-23.6183648 -46.6094947;-23.6181771 -46.6097015;30;19;16
145;Thu Mar 14 23:31:42 2019;-23.6183546829382,-46.6094826699595;-23.618161790278,-46.6096885741109;-23.6183648 -46.6094947;-23.6181771 -46.6097015;30;19;15
146;Thu Mar 14 23:32:41 2019;-23.6183546829382,-46.6094826699595;-23.618161790278,-46.6096885741109;-23.6183648 -46.6094947;-23.6181771 -46.6097015;30;19;16
147;Thu Mar 14 23:33:42 2019;-23.6183546829382,-46.6094826699595;-23.618161790278,-46.6096885741109;-23.6183648 -46.6094947;-23.6181771 -46.6097015;30;19;16
148;Thu Mar 14 23:34:41 2019;-23.6183546829382,-46.6094826699595;-23.618161790278,-46.6096885741109;-23.6183648 -46.6094947;-23.6181771 -46.6097015;30;19;16
149;Thu Mar 14 23:35:42 2019;-23.6183546829382,-46.6094826699595;-23.618161790278,-46.6096885741109;-23.6183648 -46.6094947;-23.6181771 -46.6097015;30;19;16
150;Thu Mar 14 23:36:41 2019;-23.6183546829382,-46.6094826699595;-23.618161790278,-46.6096885741109;-23.6183648 -46.6094947;-23.6181771 -46.6097015;30;19;16
151;Thu Mar 14 23:37:43 2019;-23.6183546829382,-46.6094826699595;-23.618161790278,-46.6096885741109;-23.6183648 -46.6094947;-23.6181771 -46.6097015;30;19;16
152;Thu Mar 14 23:38:41 2019;-23.6183546829382,-46.6094826699595;-23.618161790278,-46.6096885741109;-23.6183648 -46.6094947;-23.6181771 -46.6097015;30;19;16
153;Thu Mar 14 23:39:42 2019;-23.6183546829382,-46.6094826699595;-23.618161790278,-46.6096885741109;-23.6183648 -46.6094947;-23.6181771 -46.6097015;30;19;16
154;Thu Mar 14 23:40:41 2019;-23.6183546829382,-46.6094826699595;-23.618161790278,-46.6096885741109;-23.6183648 -46.6094947;-23.6181771 -46.6097015;30;19;16
155;Thu Mar 14 23:41:41 2019;-23.6183546829382,-46.6094826699595;-23.618161790278,-46.6096885741109;-23.6183648 -46.6094947;-23.6181771 -46.6097015;30;19;16
156;Thu Mar 14 23:42:42 2019;-23.6183546829382,-46.6094826699595;-23.618161790278,-46.6096885741109;-23.6183648 -46.6094947;-23.6181771 -46.6097015;30;19;16
157;Thu Mar 14 23:43:42 2019;-23.6183546829382,-46.6094826699595;-23.618161790278,-46.6096885741109;-23.6183648 -46.6094947;-23.6181771 -46.6097015;30;19;17
158;Thu Mar 14 23:44:42 2019;-23.6183546829382,-46.6094826699595;-23.618161790278,-46.6096885741109;-23.6183648 -46.6094947;-23.6181771 -46.6097015;30;19;16
159;Thu Mar 14 23:45:41 2019;-23.6183546829382,-46.6094826699595;-23.618161790278,-46.6096885741109;-23.6183648 -46.6094947;-23.6181771 -46.6097015;30;19;15
160;Thu Mar 14 23:46:42 2019;-23.6183546829382,-46.6094826699595;-23.618161790278,-46.6096885741109;-23.6183648 -46.6094947;-23.6181771 -46.6097015;30;19;16
161;Thu Mar 14 23:47:42 2019;-23.6183546829382,-46.6094826699595;-23.618161790278,-46.6096885741109;-23.6183648 -46.6094947;-23.6181771 -46.6097015;30;19;16
162;Thu Mar 14 23:48:42 2019;-23.6183546829382,-46.6094826699595;-23.618161790278,-46.6096885741109;-23.6183648 -46.6094947;-23.6181771 -46.6097015;30;19;15
163;Thu Mar 14 23:49:41 2019;-23.6183546829382,-46.6094826699595;-23.618161790278,-46.6096885741109;-23.6183648 -46.6094947;-23.6181771 -46.6097015;30;19;15
164;Thu Mar 14 23:50:42 2019;-23.6183546829382,-46.6094826699595;-23.618161790278,-46.6096885741109;-23.6183648 -46.6094947;-23.6181771 -46.6097015;30;19;16
165;Thu Mar 14 23:51:42 2019;-23.6183546829382,-46.6094826699595;-23.618161790278,-46.6096885741109;-23.6183648 -46.6094947;-23.6181771 -46.6097015;30;19;16
166;Thu Mar 14 23:52:43 2019;-23.6183546829382,-46.6094826699595;-23.618161790278,-46.6096885741109;-23.6183648 -46.6094947;-23.6181771 -46.6097015;30;19;16
167;Thu Mar 14 23:53:42 2019;-23.6183546829382,-46.6094826699595;-23.618161790278,-46.6096885741109;-23.6183648 -46.6094947;-23.6181771 -46.6097015;30;19;16
168;Thu Mar 14 23:54:41 2019;-23.6183546829382,-46.6094826699595;-23.618161790278,-46.6096885741109;-23.6183648 -46.6094947;-23.6181771 -46.6097015;30;19;16
169;Thu Mar 14 23:55:42 2019;-23.6183546829382,-46.6094826699595;-23.618161790278,-46.6096885741109;-23.6183648 -46.6094947;-23.6181771 -46.6097015;30;19;16
170;Thu Mar 14 23:56:42 2019;-23.6183546829382,-46.6094826699595;-23.618161790278,-46.6096885741109;-23.6183648 -46.6094947;-23.6181771 -46.6097015;30;19;16
171;Thu Mar 14 23:57:42 2019;-23.6183546829382,-46.6094826699595;-23.618161790278,-46.6096885741109;-23.6183648 -46.6094947;-23.6181771 -46.6097015;30;19;16
172;Thu Mar 14 23:58:42 2019;-23.6183546829382,-46.6094826699595;-23.618161790278,-46.6096885741109;-23.6183648 -46.6094947;-23.6181771 -46.6097015;30;19;16
173;Thu Mar 14 23:59:41 2019;-23.6183546829382,-46.6094826699595;-23.618161790278,-46.6096885741109;-23.6183648 -46.6094947;-23.6181771 -46.6097015;30;19;16
