38972;Thu Mar 14 00:00:08 2019;-23.6121143257974,-46.6106921074617;-23.6102606030973,-46.6120476310923;-23.6121163 -46.6107074;-23.6102862 -46.6120838;251;28;24
39213;Thu Mar 14 04:01:11 2019;-23.6121143257974,-46.6106921074617;-23.6102606030973,-46.6120476310923;-23.6121163 -46.6107074;-23.6102862 -46.6120838;251;28;22
39214;Thu Mar 14 04:02:08 2019;-23.6121143257974,-46.6106921074617;-23.6102606030973,-46.6120476310923;-23.6121163 -46.6107074;-23.6102862 -46.6120838;251;28;22
39215;Thu Mar 14 04:03:09 2019;-23.6121143257974,-46.6106921074617;-23.6102606030973,-46.6120476310923;-23.6121163 -46.6107074;-23.6102862 -46.6120838;251;28;22
39216;Thu Mar 14 04:04:09 2019;-23.6121143257974,-46.6106921074617;-23.6102606030973,-46.6120476310923;-23.6121163 -46.6107074;-23.6102862 -46.6120838;251;28;22
39217;Thu Mar 14 04:05:08 2019;-23.6121143257974,-46.6106921074617;-23.6102606030973,-46.6120476310923;-23.6121163 -46.6107074;-23.6102862 -46.6120838;251;28;22
39218;Thu Mar 14 04:06:08 2019;-23.6121143257974,-46.6106921074617;-23.6102606030973,-46.6120476310923;-23.6121163 -46.6107074;-23.6102862 -46.6120838;251;28;22
39219;Thu Mar 14 04:07:09 2019;-23.6121143257974,-46.6106921074617;-23.6102606030973,-46.6120476310923;-23.6121163 -46.6107074;-23.6102862 -46.6120838;251;28;22
39220;Thu Mar 14 04:08:08 2019;-23.6121143257974,-46.6106921074617;-23.6102606030973,-46.6120476310923;-23.6121163 -46.6107074;-23.6102862 -46.6120838;251;28;22
39221;Thu Mar 14 04:09:09 2019;-23.6121143257974,-46.6106921074617;-23.6102606030973,-46.6120476310923;-23.6121163 -46.6107074;-23.6102862 -46.6120838;251;28;22
39222;Thu Mar 14 04:10:09 2019;-23.6121143257974,-46.6106921074617;-23.6102606030973,-46.6120476310923;-23.6121163 -46.6107074;-23.6102862 -46.6120838;251;28;22
1;Thu Mar 14 21:07:46 2019;-23.6121143257974,-46.6106921074617;-23.6102606030973,-46.6120476310923;-23.6121163 -46.6107074;-23.6102862 -46.6120838;251;28;27
2;Thu Mar 14 21:08:45 2019;-23.6121143257974,-46.6106921074617;-23.6102606030973,-46.6120476310923;-23.6121163 -46.6107074;-23.6102862 -46.6120838;251;28;27
3;Thu Mar 14 21:09:42 2019;-23.6121143257974,-46.6106921074617;-23.6102606030973,-46.6120476310923;-23.6121163 -46.6107074;-23.6102862 -46.6120838;251;28;27
4;Thu Mar 14 21:10:42 2019;-23.6121143257974,-46.6106921074617;-23.6102606030973,-46.6120476310923;-23.6121163 -46.6107074;-23.6102862 -46.6120838;251;28;28
5;Thu Mar 14 21:11:42 2019;-23.6121143257974,-46.6106921074617;-23.6102606030973,-46.6120476310923;-23.6121163 -46.6107074;-23.6102862 -46.6120838;251;28;28
6;Thu Mar 14 21:12:41 2019;-23.6121143257974,-46.6106921074617;-23.6102606030973,-46.6120476310923;-23.6121163 -46.6107074;-23.6102862 -46.6120838;251;28;28
7;Thu Mar 14 21:13:42 2019;-23.6121143257974,-46.6106921074617;-23.6102606030973,-46.6120476310923;-23.6121163 -46.6107074;-23.6102862 -46.6120838;251;28;28
8;Thu Mar 14 21:14:42 2019;-23.6121143257974,-46.6106921074617;-23.6102606030973,-46.6120476310923;-23.6121163 -46.6107074;-23.6102862 -46.6120838;251;28;28
9;Thu Mar 14 21:15:42 2019;-23.6121143257974,-46.6106921074617;-23.6102606030973,-46.6120476310923;-23.6121163 -46.6107074;-23.6102862 -46.6120838;251;28;28
10;Thu Mar 14 21:16:42 2019;-23.6121143257974,-46.6106921074617;-23.6102606030973,-46.6120476310923;-23.6121163 -46.6107074;-23.6102862 -46.6120838;251;28;28
11;Thu Mar 14 21:17:42 2019;-23.6121143257974,-46.6106921074617;-23.6102606030973,-46.6120476310923;-23.6121163 -46.6107074;-23.6102862 -46.6120838;251;28;28
12;Thu Mar 14 21:18:43 2019;-23.6121143257974,-46.6106921074617;-23.6102606030973,-46.6120476310923;-23.6121163 -46.6107074;-23.6102862 -46.6120838;251;28;28
13;Thu Mar 14 21:19:42 2019;-23.6121143257974,-46.6106921074617;-23.6102606030973,-46.6120476310923;-23.6121163 -46.6107074;-23.6102862 -46.6120838;251;28;28
14;Thu Mar 14 21:20:43 2019;-23.6121143257974,-46.6106921074617;-23.6102606030973,-46.6120476310923;-23.6121163 -46.6107074;-23.6102862 -46.6120838;251;28;28
15;Thu Mar 14 21:21:43 2019;-23.6121143257974,-46.6106921074617;-23.6102606030973,-46.6120476310923;-23.6121163 -46.6107074;-23.6102862 -46.6120838;251;28;28
16;Thu Mar 14 21:22:44 2019;-23.6121143257974,-46.6106921074617;-23.6102606030973,-46.6120476310923;-23.6121163 -46.6107074;-23.6102862 -46.6120838;251;28;28
17;Thu Mar 14 21:23:42 2019;-23.6121143257974,-46.6106921074617;-23.6102606030973,-46.6120476310923;-23.6121163 -46.6107074;-23.6102862 -46.6120838;251;28;28
18;Thu Mar 14 21:24:42 2019;-23.6121143257974,-46.6106921074617;-23.6102606030973,-46.6120476310923;-23.6121163 -46.6107074;-23.6102862 -46.6120838;251;28;27
19;Thu Mar 14 21:25:42 2019;-23.6121143257974,-46.6106921074617;-23.6102606030973,-46.6120476310923;-23.6121163 -46.6107074;-23.6102862 -46.6120838;251;28;27
20;Thu Mar 14 21:26:42 2019;-23.6121143257974,-46.6106921074617;-23.6102606030973,-46.6120476310923;-23.6121163 -46.6107074;-23.6102862 -46.6120838;251;28;27
21;Thu Mar 14 21:27:42 2019;-23.6121143257974,-46.6106921074617;-23.6102606030973,-46.6120476310923;-23.6121163 -46.6107074;-23.6102862 -46.6120838;251;28;27
22;Thu Mar 14 21:28:42 2019;-23.6121143257974,-46.6106921074617;-23.6102606030973,-46.6120476310923;-23.6121163 -46.6107074;-23.6102862 -46.6120838;251;28;27
23;Thu Mar 14 21:29:42 2019;-23.6121143257974,-46.6106921074617;-23.6102606030973,-46.6120476310923;-23.6121163 -46.6107074;-23.6102862 -46.6120838;251;28;27
24;Thu Mar 14 21:30:42 2019;-23.6121143257974,-46.6106921074617;-23.6102606030973,-46.6120476310923;-23.6121163 -46.6107074;-23.6102862 -46.6120838;251;28;26
25;Thu Mar 14 21:31:42 2019;-23.6121143257974,-46.6106921074617;-23.6102606030973,-46.6120476310923;-23.6121163 -46.6107074;-23.6102862 -46.6120838;251;28;26
26;Thu Mar 14 21:32:42 2019;-23.6121143257974,-46.6106921074617;-23.6102606030973,-46.6120476310923;-23.6121163 -46.6107074;-23.6102862 -46.6120838;251;28;26
27;Thu Mar 14 21:33:42 2019;-23.6121143257974,-46.6106921074617;-23.6102606030973,-46.6120476310923;-23.6121163 -46.6107074;-23.6102862 -46.6120838;251;28;26
28;Thu Mar 14 21:34:42 2019;-23.6121143257974,-46.6106921074617;-23.6102606030973,-46.6120476310923;-23.6121163 -46.6107074;-23.6102862 -46.6120838;251;28;26
29;Thu Mar 14 21:35:42 2019;-23.6121143257974,-46.6106921074617;-23.6102606030973,-46.6120476310923;-23.6121163 -46.6107074;-23.6102862 -46.6120838;251;28;26
30;Thu Mar 14 21:36:42 2019;-23.6121143257974,-46.6106921074617;-23.6102606030973,-46.6120476310923;-23.6121163 -46.6107074;-23.6102862 -46.6120838;251;28;26
31;Thu Mar 14 21:37:45 2019;-23.6121143257974,-46.6106921074617;-23.6102606030973,-46.6120476310923;-23.6121163 -46.6107074;-23.6102862 -46.6120838;251;28;26
32;Thu Mar 14 21:38:42 2019;-23.6121143257974,-46.6106921074617;-23.6102606030973,-46.6120476310923;-23.6121163 -46.6107074;-23.6102862 -46.6120838;251;28;26
33;Thu Mar 14 21:39:42 2019;-23.6121143257974,-46.6106921074617;-23.6102606030973,-46.6120476310923;-23.6121163 -46.6107074;-23.6102862 -46.6120838;251;28;26
34;Thu Mar 14 21:40:42 2019;-23.6121143257974,-46.6106921074617;-23.6102606030973,-46.6120476310923;-23.6121163 -46.6107074;-23.6102862 -46.6120838;251;28;26
35;Thu Mar 14 21:41:42 2019;-23.6121143257974,-46.6106921074617;-23.6102606030973,-46.6120476310923;-23.6121163 -46.6107074;-23.6102862 -46.6120838;251;28;25
36;Thu Mar 14 21:42:42 2019;-23.6121143257974,-46.6106921074617;-23.6102606030973,-46.6120476310923;-23.6121163 -46.6107074;-23.6102862 -46.6120838;251;28;25
37;Thu Mar 14 21:43:42 2019;-23.6121143257974,-46.6106921074617;-23.6102606030973,-46.6120476310923;-23.6121163 -46.6107074;-23.6102862 -46.6120838;251;28;26
38;Thu Mar 14 21:44:42 2019;-23.6121143257974,-46.6106921074617;-23.6102606030973,-46.6120476310923;-23.6121163 -46.6107074;-23.6102862 -46.6120838;251;28;29
39;Thu Mar 14 21:45:42 2019;-23.6121143257974,-46.6106921074617;-23.6102606030973,-46.6120476310923;-23.6121163 -46.6107074;-23.6102862 -46.6120838;251;28;29
40;Thu Mar 14 21:46:42 2019;-23.6121143257974,-46.6106921074617;-23.6102606030973,-46.6120476310923;-23.6121163 -46.6107074;-23.6102862 -46.6120838;251;28;29
41;Thu Mar 14 21:47:42 2019;-23.6121143257974,-46.6106921074617;-23.6102606030973,-46.6120476310923;-23.6121163 -46.6107074;-23.6102862 -46.6120838;251;28;29
42;Thu Mar 14 21:48:42 2019;-23.6121143257974,-46.6106921074617;-23.6102606030973,-46.6120476310923;-23.6121163 -46.6107074;-23.6102862 -46.6120838;251;28;28
43;Thu Mar 14 21:49:42 2019;-23.6121143257974,-46.6106921074617;-23.6102606030973,-46.6120476310923;-23.6121163 -46.6107074;-23.6102862 -46.6120838;251;28;28
44;Thu Mar 14 21:50:42 2019;-23.6121143257974,-46.6106921074617;-23.6102606030973,-46.6120476310923;-23.6121163 -46.6107074;-23.6102862 -46.6120838;251;28;28
45;Thu Mar 14 21:51:42 2019;-23.6121143257974,-46.6106921074617;-23.6102606030973,-46.6120476310923;-23.6121163 -46.6107074;-23.6102862 -46.6120838;251;28;28
46;Thu Mar 14 21:52:44 2019;-23.6121143257974,-46.6106921074617;-23.6102606030973,-46.6120476310923;-23.6121163 -46.6107074;-23.6102862 -46.6120838;251;28;28
47;Thu Mar 14 21:53:42 2019;-23.6121143257974,-46.6106921074617;-23.6102606030973,-46.6120476310923;-23.6121163 -46.6107074;-23.6102862 -46.6120838;251;28;26
48;Thu Mar 14 21:54:42 2019;-23.6121143257974,-46.6106921074617;-23.6102606030973,-46.6120476310923;-23.6121163 -46.6107074;-23.6102862 -46.6120838;251;28;26
49;Thu Mar 14 21:55:42 2019;-23.6121143257974,-46.6106921074617;-23.6102606030973,-46.6120476310923;-23.6121163 -46.6107074;-23.6102862 -46.6120838;251;28;26
50;Thu Mar 14 21:56:42 2019;-23.6121143257974,-46.6106921074617;-23.6102606030973,-46.6120476310923;-23.6121163 -46.6107074;-23.6102862 -46.6120838;251;28;26
51;Thu Mar 14 21:57:42 2019;-23.6121143257974,-46.6106921074617;-23.6102606030973,-46.6120476310923;-23.6121163 -46.6107074;-23.6102862 -46.6120838;251;28;26
52;Thu Mar 14 21:58:42 2019;-23.6121143257974,-46.6106921074617;-23.6102606030973,-46.6120476310923;-23.6121163 -46.6107074;-23.6102862 -46.6120838;251;28;26
53;Thu Mar 14 21:59:42 2019;-23.6121143257974,-46.6106921074617;-23.6102606030973,-46.6120476310923;-23.6121163 -46.6107074;-23.6102862 -46.6120838;251;28;26
54;Thu Mar 14 22:00:42 2019;-23.6121143257974,-46.6106921074617;-23.6102606030973,-46.6120476310923;-23.6121163 -46.6107074;-23.6102862 -46.6120838;251;28;27
55;Thu Mar 14 22:01:42 2019;-23.6121143257974,-46.6106921074617;-23.6102606030973,-46.6120476310923;-23.6121163 -46.6107074;-23.6102862 -46.6120838;251;28;26
56;Thu Mar 14 22:02:42 2019;-23.6121143257974,-46.6106921074617;-23.6102606030973,-46.6120476310923;-23.6121163 -46.6107074;-23.6102862 -46.6120838;251;28;26
57;Thu Mar 14 22:03:42 2019;-23.6121143257974,-46.6106921074617;-23.6102606030973,-46.6120476310923;-23.6121163 -46.6107074;-23.6102862 -46.6120838;251;28;26
58;Thu Mar 14 22:04:42 2019;-23.6121143257974,-46.6106921074617;-23.6102606030973,-46.6120476310923;-23.6121163 -46.6107074;-23.6102862 -46.6120838;251;28;26
59;Thu Mar 14 22:05:42 2019;-23.6121143257974,-46.6106921074617;-23.6102606030973,-46.6120476310923;-23.6121163 -46.6107074;-23.6102862 -46.6120838;251;28;26
60;Thu Mar 14 22:06:43 2019;-23.6121143257974,-46.6106921074617;-23.6102606030973,-46.6120476310923;-23.6121163 -46.6107074;-23.6102862 -46.6120838;251;28;26
61;Thu Mar 14 22:07:44 2019;-23.6121143257974,-46.6106921074617;-23.6102606030973,-46.6120476310923;-23.6121163 -46.6107074;-23.6102862 -46.6120838;251;28;26
62;Thu Mar 14 22:08:42 2019;-23.6121143257974,-46.6106921074617;-23.6102606030973,-46.6120476310923;-23.6121163 -46.6107074;-23.6102862 -46.6120838;251;28;25
63;Thu Mar 14 22:09:42 2019;-23.6121143257974,-46.6106921074617;-23.6102606030973,-46.6120476310923;-23.6121163 -46.6107074;-23.6102862 -46.6120838;251;28;25
64;Thu Mar 14 22:10:42 2019;-23.6121143257974,-46.6106921074617;-23.6102606030973,-46.6120476310923;-23.6121163 -46.6107074;-23.6102862 -46.6120838;251;28;25
65;Thu Mar 14 22:11:42 2019;-23.6121143257974,-46.6106921074617;-23.6102606030973,-46.6120476310923;-23.6121163 -46.6107074;-23.6102862 -46.6120838;251;28;25
66;Thu Mar 14 22:12:42 2019;-23.6121143257974,-46.6106921074617;-23.6102606030973,-46.6120476310923;-23.6121163 -46.6107074;-23.6102862 -46.6120838;251;28;25
67;Thu Mar 14 22:13:42 2019;-23.6121143257974,-46.6106921074617;-23.6102606030973,-46.6120476310923;-23.6121163 -46.6107074;-23.6102862 -46.6120838;251;28;25
68;Thu Mar 14 22:14:42 2019;-23.6121143257974,-46.6106921074617;-23.6102606030973,-46.6120476310923;-23.6121163 -46.6107074;-23.6102862 -46.6120838;251;28;26
69;Thu Mar 14 22:15:42 2019;-23.6121143257974,-46.6106921074617;-23.6102606030973,-46.6120476310923;-23.6121163 -46.6107074;-23.6102862 -46.6120838;251;28;26
70;Thu Mar 14 22:16:42 2019;-23.6121143257974,-46.6106921074617;-23.6102606030973,-46.6120476310923;-23.6121163 -46.6107074;-23.6102862 -46.6120838;251;28;26
71;Thu Mar 14 22:17:42 2019;-23.6121143257974,-46.6106921074617;-23.6102606030973,-46.6120476310923;-23.6121163 -46.6107074;-23.6102862 -46.6120838;251;28;28
72;Thu Mar 14 22:18:42 2019;-23.6121143257974,-46.6106921074617;-23.6102606030973,-46.6120476310923;-23.6121163 -46.6107074;-23.6102862 -46.6120838;251;28;28
73;Thu Mar 14 22:19:42 2019;-23.6121143257974,-46.6106921074617;-23.6102606030973,-46.6120476310923;-23.6121163 -46.6107074;-23.6102862 -46.6120838;251;28;28
74;Thu Mar 14 22:20:42 2019;-23.6121143257974,-46.6106921074617;-23.6102606030973,-46.6120476310923;-23.6121163 -46.6107074;-23.6102862 -46.6120838;251;28;27
75;Thu Mar 14 22:21:42 2019;-23.6121143257974,-46.6106921074617;-23.6102606030973,-46.6120476310923;-23.6121163 -46.6107074;-23.6102862 -46.6120838;251;28;27
76;Thu Mar 14 22:22:45 2019;-23.6121143257974,-46.6106921074617;-23.6102606030973,-46.6120476310923;-23.6121163 -46.6107074;-23.6102862 -46.6120838;251;28;26
77;Thu Mar 14 22:23:42 2019;-23.6121143257974,-46.6106921074617;-23.6102606030973,-46.6120476310923;-23.6121163 -46.6107074;-23.6102862 -46.6120838;251;28;26
78;Thu Mar 14 22:24:42 2019;-23.6121143257974,-46.6106921074617;-23.6102606030973,-46.6120476310923;-23.6121163 -46.6107074;-23.6102862 -46.6120838;251;28;27
79;Thu Mar 14 22:25:42 2019;-23.6121143257974,-46.6106921074617;-23.6102606030973,-46.6120476310923;-23.6121163 -46.6107074;-23.6102862 -46.6120838;251;28;27
80;Thu Mar 14 22:26:42 2019;-23.6121143257974,-46.6106921074617;-23.6102606030973,-46.6120476310923;-23.6121163 -46.6107074;-23.6102862 -46.6120838;251;28;27
81;Thu Mar 14 22:27:42 2019;-23.6121143257974,-46.6106921074617;-23.6102606030973,-46.6120476310923;-23.6121163 -46.6107074;-23.6102862 -46.6120838;251;28;26
82;Thu Mar 14 22:28:42 2019;-23.6121143257974,-46.6106921074617;-23.6102606030973,-46.6120476310923;-23.6121163 -46.6107074;-23.6102862 -46.6120838;251;28;26
83;Thu Mar 14 22:29:42 2019;-23.6121143257974,-46.6106921074617;-23.6102606030973,-46.6120476310923;-23.6121163 -46.6107074;-23.6102862 -46.6120838;251;28;26
84;Thu Mar 14 22:30:42 2019;-23.6121143257974,-46.6106921074617;-23.6102606030973,-46.6120476310923;-23.6121163 -46.6107074;-23.6102862 -46.6120838;251;28;26
85;Thu Mar 14 22:31:42 2019;-23.6121143257974,-46.6106921074617;-23.6102606030973,-46.6120476310923;-23.6121163 -46.6107074;-23.6102862 -46.6120838;251;28;26
86;Thu Mar 14 22:32:42 2019;-23.6121143257974,-46.6106921074617;-23.6102606030973,-46.6120476310923;-23.6121163 -46.6107074;-23.6102862 -46.6120838;251;28;26
87;Thu Mar 14 22:33:42 2019;-23.6121143257974,-46.6106921074617;-23.6102606030973,-46.6120476310923;-23.6121163 -46.6107074;-23.6102862 -46.6120838;251;28;26
88;Thu Mar 14 22:34:42 2019;-23.6121143257974,-46.6106921074617;-23.6102606030973,-46.6120476310923;-23.6121163 -46.6107074;-23.6102862 -46.6120838;251;28;26
89;Thu Mar 14 22:35:41 2019;-23.6121143257974,-46.6106921074617;-23.6102606030973,-46.6120476310923;-23.6121163 -46.6107074;-23.6102862 -46.6120838;251;28;26
90;Thu Mar 14 22:36:42 2019;-23.6121143257974,-46.6106921074617;-23.6102606030973,-46.6120476310923;-23.6121163 -46.6107074;-23.6102862 -46.6120838;251;28;26
91;Thu Mar 14 22:37:44 2019;-23.6121143257974,-46.6106921074617;-23.6102606030973,-46.6120476310923;-23.6121163 -46.6107074;-23.6102862 -46.6120838;251;28;26
92;Thu Mar 14 22:38:42 2019;-23.6121143257974,-46.6106921074617;-23.6102606030973,-46.6120476310923;-23.6121163 -46.6107074;-23.6102862 -46.6120838;251;28;26
93;Thu Mar 14 22:39:42 2019;-23.6121143257974,-46.6106921074617;-23.6102606030973,-46.6120476310923;-23.6121163 -46.6107074;-23.6102862 -46.6120838;251;28;26
94;Thu Mar 14 22:40:43 2019;-23.6121143257974,-46.6106921074617;-23.6102606030973,-46.6120476310923;-23.6121163 -46.6107074;-23.6102862 -46.6120838;251;28;26
95;Thu Mar 14 22:41:42 2019;-23.6121143257974,-46.6106921074617;-23.6102606030973,-46.6120476310923;-23.6121163 -46.6107074;-23.6102862 -46.6120838;251;28;26
96;Thu Mar 14 22:42:42 2019;-23.6121143257974,-46.6106921074617;-23.6102606030973,-46.6120476310923;-23.6121163 -46.6107074;-23.6102862 -46.6120838;251;28;26
97;Thu Mar 14 22:43:42 2019;-23.6121143257974,-46.6106921074617;-23.6102606030973,-46.6120476310923;-23.6121163 -46.6107074;-23.6102862 -46.6120838;251;28;26
98;Thu Mar 14 22:44:42 2019;-23.6121143257974,-46.6106921074617;-23.6102606030973,-46.6120476310923;-23.6121163 -46.6107074;-23.6102862 -46.6120838;251;28;26
99;Thu Mar 14 22:45:42 2019;-23.6121143257974,-46.6106921074617;-23.6102606030973,-46.6120476310923;-23.6121163 -46.6107074;-23.6102862 -46.6120838;251;28;26
100;Thu Mar 14 22:46:42 2019;-23.6121143257974,-46.6106921074617;-23.6102606030973,-46.6120476310923;-23.6121163 -46.6107074;-23.6102862 -46.6120838;251;28;26
101;Thu Mar 14 22:47:42 2019;-23.6121143257974,-46.6106921074617;-23.6102606030973,-46.6120476310923;-23.6121163 -46.6107074;-23.6102862 -46.6120838;251;28;27
102;Thu Mar 14 22:48:42 2019;-23.6121143257974,-46.6106921074617;-23.6102606030973,-46.6120476310923;-23.6121163 -46.6107074;-23.6102862 -46.6120838;251;28;27
103;Thu Mar 14 22:49:43 2019;-23.6121143257974,-46.6106921074617;-23.6102606030973,-46.6120476310923;-23.6121163 -46.6107074;-23.6102862 -46.6120838;251;28;27
104;Thu Mar 14 22:50:43 2019;-23.6121143257974,-46.6106921074617;-23.6102606030973,-46.6120476310923;-23.6121163 -46.6107074;-23.6102862 -46.6120838;251;28;27
105;Thu Mar 14 22:51:42 2019;-23.6121143257974,-46.6106921074617;-23.6102606030973,-46.6120476310923;-23.6121163 -46.6107074;-23.6102862 -46.6120838;251;28;27
106;Thu Mar 14 22:52:45 2019;-23.6121143257974,-46.6106921074617;-23.6102606030973,-46.6120476310923;-23.6121163 -46.6107074;-23.6102862 -46.6120838;251;28;27
107;Thu Mar 14 22:53:42 2019;-23.6121143257974,-46.6106921074617;-23.6102606030973,-46.6120476310923;-23.6121163 -46.6107074;-23.6102862 -46.6120838;251;28;27
108;Thu Mar 14 22:54:42 2019;-23.6121143257974,-46.6106921074617;-23.6102606030973,-46.6120476310923;-23.6121163 -46.6107074;-23.6102862 -46.6120838;251;28;27
109;Thu Mar 14 22:55:42 2019;-23.6121143257974,-46.6106921074617;-23.6102606030973,-46.6120476310923;-23.6121163 -46.6107074;-23.6102862 -46.6120838;251;28;27
110;Thu Mar 14 22:56:42 2019;-23.6121143257974,-46.6106921074617;-23.6102606030973,-46.6120476310923;-23.6121163 -46.6107074;-23.6102862 -46.6120838;251;28;27
111;Thu Mar 14 22:57:43 2019;-23.6121143257974,-46.6106921074617;-23.6102606030973,-46.6120476310923;-23.6121163 -46.6107074;-23.6102862 -46.6120838;251;28;27
112;Thu Mar 14 22:58:42 2019;-23.6121143257974,-46.6106921074617;-23.6102606030973,-46.6120476310923;-23.6121163 -46.6107074;-23.6102862 -46.6120838;251;28;27
113;Thu Mar 14 22:59:42 2019;-23.6121143257974,-46.6106921074617;-23.6102606030973,-46.6120476310923;-23.6121163 -46.6107074;-23.6102862 -46.6120838;251;28;27
114;Thu Mar 14 23:00:42 2019;-23.6121143257974,-46.6106921074617;-23.6102606030973,-46.6120476310923;-23.6121163 -46.6107074;-23.6102862 -46.6120838;251;28;27
115;Thu Mar 14 23:01:42 2019;-23.6121143257974,-46.6106921074617;-23.6102606030973,-46.6120476310923;-23.6121163 -46.6107074;-23.6102862 -46.6120838;251;28;30
116;Thu Mar 14 23:02:42 2019;-23.6121143257974,-46.6106921074617;-23.6102606030973,-46.6120476310923;-23.6121163 -46.6107074;-23.6102862 -46.6120838;251;28;30
117;Thu Mar 14 23:03:42 2019;-23.6121143257974,-46.6106921074617;-23.6102606030973,-46.6120476310923;-23.6121163 -46.6107074;-23.6102862 -46.6120838;251;28;30
118;Thu Mar 14 23:04:42 2019;-23.6121143257974,-46.6106921074617;-23.6102606030973,-46.6120476310923;-23.6121163 -46.6107074;-23.6102862 -46.6120838;251;28;27
119;Thu Mar 14 23:05:42 2019;-23.6121143257974,-46.6106921074617;-23.6102606030973,-46.6120476310923;-23.6121163 -46.6107074;-23.6102862 -46.6120838;251;28;27
120;Thu Mar 14 23:06:41 2019;-23.6121143257974,-46.6106921074617;-23.6102606030973,-46.6120476310923;-23.6121163 -46.6107074;-23.6102862 -46.6120838;251;28;27
121;Thu Mar 14 23:07:44 2019;-23.6121143257974,-46.6106921074617;-23.6102606030973,-46.6120476310923;-23.6121163 -46.6107074;-23.6102862 -46.6120838;251;28;27
122;Thu Mar 14 23:08:42 2019;-23.6121143257974,-46.6106921074617;-23.6102606030973,-46.6120476310923;-23.6121163 -46.6107074;-23.6102862 -46.6120838;251;28;27
123;Thu Mar 14 23:09:42 2019;-23.6121143257974,-46.6106921074617;-23.6102606030973,-46.6120476310923;-23.6121163 -46.6107074;-23.6102862 -46.6120838;251;28;27
124;Thu Mar 14 23:10:42 2019;-23.6121143257974,-46.6106921074617;-23.6102606030973,-46.6120476310923;-23.6121163 -46.6107074;-23.6102862 -46.6120838;251;28;27
125;Thu Mar 14 23:11:42 2019;-23.6121143257974,-46.6106921074617;-23.6102606030973,-46.6120476310923;-23.6121163 -46.6107074;-23.6102862 -46.6120838;251;28;27
126;Thu Mar 14 23:12:42 2019;-23.6121143257974,-46.6106921074617;-23.6102606030973,-46.6120476310923;-23.6121163 -46.6107074;-23.6102862 -46.6120838;251;28;27
127;Thu Mar 14 23:13:41 2019;-23.6121143257974,-46.6106921074617;-23.6102606030973,-46.6120476310923;-23.6121163 -46.6107074;-23.6102862 -46.6120838;251;28;27
128;Thu Mar 14 23:14:42 2019;-23.6121143257974,-46.6106921074617;-23.6102606030973,-46.6120476310923;-23.6121163 -46.6107074;-23.6102862 -46.6120838;251;28;27
129;Thu Mar 14 23:15:42 2019;-23.6121143257974,-46.6106921074617;-23.6102606030973,-46.6120476310923;-23.6121163 -46.6107074;-23.6102862 -46.6120838;251;28;27
130;Thu Mar 14 23:16:42 2019;-23.6121143257974,-46.6106921074617;-23.6102606030973,-46.6120476310923;-23.6121163 -46.6107074;-23.6102862 -46.6120838;251;28;27
131;Thu Mar 14 23:17:42 2019;-23.6121143257974,-46.6106921074617;-23.6102606030973,-46.6120476310923;-23.6121163 -46.6107074;-23.6102862 -46.6120838;251;28;27
132;Thu Mar 14 23:18:42 2019;-23.6121143257974,-46.6106921074617;-23.6102606030973,-46.6120476310923;-23.6121163 -46.6107074;-23.6102862 -46.6120838;251;28;27
133;Thu Mar 14 23:19:42 2019;-23.6121143257974,-46.6106921074617;-23.6102606030973,-46.6120476310923;-23.6121163 -46.6107074;-23.6102862 -46.6120838;251;28;27
134;Thu Mar 14 23:20:42 2019;-23.6121143257974,-46.6106921074617;-23.6102606030973,-46.6120476310923;-23.6121163 -46.6107074;-23.6102862 -46.6120838;251;28;27
135;Thu Mar 14 23:21:42 2019;-23.6121143257974,-46.6106921074617;-23.6102606030973,-46.6120476310923;-23.6121163 -46.6107074;-23.6102862 -46.6120838;251;28;27
136;Thu Mar 14 23:22:43 2019;-23.6121143257974,-46.6106921074617;-23.6102606030973,-46.6120476310923;-23.6121163 -46.6107074;-23.6102862 -46.6120838;251;28;27
137;Thu Mar 14 23:23:42 2019;-23.6121143257974,-46.6106921074617;-23.6102606030973,-46.6120476310923;-23.6121163 -46.6107074;-23.6102862 -46.6120838;251;28;27
138;Thu Mar 14 23:24:42 2019;-23.6121143257974,-46.6106921074617;-23.6102606030973,-46.6120476310923;-23.6121163 -46.6107074;-23.6102862 -46.6120838;251;28;28
139;Thu Mar 14 23:25:42 2019;-23.6121143257974,-46.6106921074617;-23.6102606030973,-46.6120476310923;-23.6121163 -46.6107074;-23.6102862 -46.6120838;251;28;28
140;Thu Mar 14 23:26:42 2019;-23.6121143257974,-46.6106921074617;-23.6102606030973,-46.6120476310923;-23.6121163 -46.6107074;-23.6102862 -46.6120838;251;28;27
141;Thu Mar 14 23:27:42 2019;-23.6121143257974,-46.6106921074617;-23.6102606030973,-46.6120476310923;-23.6121163 -46.6107074;-23.6102862 -46.6120838;251;28;27
142;Thu Mar 14 23:28:42 2019;-23.6121143257974,-46.6106921074617;-23.6102606030973,-46.6120476310923;-23.6121163 -46.6107074;-23.6102862 -46.6120838;251;28;27
143;Thu Mar 14 23:29:41 2019;-23.6121143257974,-46.6106921074617;-23.6102606030973,-46.6120476310923;-23.6121163 -46.6107074;-23.6102862 -46.6120838;251;28;29
144;Thu Mar 14 23:30:42 2019;-23.6121143257974,-46.6106921074617;-23.6102606030973,-46.6120476310923;-23.6121163 -46.6107074;-23.6102862 -46.6120838;251;28;28
145;Thu Mar 14 23:31:42 2019;-23.6121143257974,-46.6106921074617;-23.6102606030973,-46.6120476310923;-23.6121163 -46.6107074;-23.6102862 -46.6120838;251;28;28
146;Thu Mar 14 23:32:42 2019;-23.6121143257974,-46.6106921074617;-23.6102606030973,-46.6120476310923;-23.6121163 -46.6107074;-23.6102862 -46.6120838;251;28;28
147;Thu Mar 14 23:33:42 2019;-23.6121143257974,-46.6106921074617;-23.6102606030973,-46.6120476310923;-23.6121163 -46.6107074;-23.6102862 -46.6120838;251;28;28
148;Thu Mar 14 23:34:42 2019;-23.6121143257974,-46.6106921074617;-23.6102606030973,-46.6120476310923;-23.6121163 -46.6107074;-23.6102862 -46.6120838;251;28;28
149;Thu Mar 14 23:35:42 2019;-23.6121143257974,-46.6106921074617;-23.6102606030973,-46.6120476310923;-23.6121163 -46.6107074;-23.6102862 -46.6120838;251;28;28
150;Thu Mar 14 23:36:42 2019;-23.6121143257974,-46.6106921074617;-23.6102606030973,-46.6120476310923;-23.6121163 -46.6107074;-23.6102862 -46.6120838;251;28;28
151;Thu Mar 14 23:37:43 2019;-23.6121143257974,-46.6106921074617;-23.6102606030973,-46.6120476310923;-23.6121163 -46.6107074;-23.6102862 -46.6120838;251;28;27
152;Thu Mar 14 23:38:42 2019;-23.6121143257974,-46.6106921074617;-23.6102606030973,-46.6120476310923;-23.6121163 -46.6107074;-23.6102862 -46.6120838;251;28;28
153;Thu Mar 14 23:39:42 2019;-23.6121143257974,-46.6106921074617;-23.6102606030973,-46.6120476310923;-23.6121163 -46.6107074;-23.6102862 -46.6120838;251;28;28
154;Thu Mar 14 23:40:42 2019;-23.6121143257974,-46.6106921074617;-23.6102606030973,-46.6120476310923;-23.6121163 -46.6107074;-23.6102862 -46.6120838;251;28;28
155;Thu Mar 14 23:41:42 2019;-23.6121143257974,-46.6106921074617;-23.6102606030973,-46.6120476310923;-23.6121163 -46.6107074;-23.6102862 -46.6120838;251;28;29
156;Thu Mar 14 23:42:42 2019;-23.6121143257974,-46.6106921074617;-23.6102606030973,-46.6120476310923;-23.6121163 -46.6107074;-23.6102862 -46.6120838;251;28;29
157;Thu Mar 14 23:43:42 2019;-23.6121143257974,-46.6106921074617;-23.6102606030973,-46.6120476310923;-23.6121163 -46.6107074;-23.6102862 -46.6120838;251;28;28
158;Thu Mar 14 23:44:42 2019;-23.6121143257974,-46.6106921074617;-23.6102606030973,-46.6120476310923;-23.6121163 -46.6107074;-23.6102862 -46.6120838;251;28;29
159;Thu Mar 14 23:45:42 2019;-23.6121143257974,-46.6106921074617;-23.6102606030973,-46.6120476310923;-23.6121163 -46.6107074;-23.6102862 -46.6120838;251;28;29
160;Thu Mar 14 23:46:42 2019;-23.6121143257974,-46.6106921074617;-23.6102606030973,-46.6120476310923;-23.6121163 -46.6107074;-23.6102862 -46.6120838;251;28;28
161;Thu Mar 14 23:47:42 2019;-23.6121143257974,-46.6106921074617;-23.6102606030973,-46.6120476310923;-23.6121163 -46.6107074;-23.6102862 -46.6120838;251;28;28
162;Thu Mar 14 23:48:42 2019;-23.6121143257974,-46.6106921074617;-23.6102606030973,-46.6120476310923;-23.6121163 -46.6107074;-23.6102862 -46.6120838;251;28;28
163;Thu Mar 14 23:49:42 2019;-23.6121143257974,-46.6106921074617;-23.6102606030973,-46.6120476310923;-23.6121163 -46.6107074;-23.6102862 -46.6120838;251;28;28
164;Thu Mar 14 23:50:42 2019;-23.6121143257974,-46.6106921074617;-23.6102606030973,-46.6120476310923;-23.6121163 -46.6107074;-23.6102862 -46.6120838;251;28;27
165;Thu Mar 14 23:51:42 2019;-23.6121143257974,-46.6106921074617;-23.6102606030973,-46.6120476310923;-23.6121163 -46.6107074;-23.6102862 -46.6120838;251;28;28
166;Thu Mar 14 23:52:43 2019;-23.6121143257974,-46.6106921074617;-23.6102606030973,-46.6120476310923;-23.6121163 -46.6107074;-23.6102862 -46.6120838;251;28;27
167;Thu Mar 14 23:53:42 2019;-23.6121143257974,-46.6106921074617;-23.6102606030973,-46.6120476310923;-23.6121163 -46.6107074;-23.6102862 -46.6120838;251;28;27
168;Thu Mar 14 23:54:42 2019;-23.6121143257974,-46.6106921074617;-23.6102606030973,-46.6120476310923;-23.6121163 -46.6107074;-23.6102862 -46.6120838;251;28;27
169;Thu Mar 14 23:55:42 2019;-23.6121143257974,-46.6106921074617;-23.6102606030973,-46.6120476310923;-23.6121163 -46.6107074;-23.6102862 -46.6120838;251;28;27
170;Thu Mar 14 23:56:42 2019;-23.6121143257974,-46.6106921074617;-23.6102606030973,-46.6120476310923;-23.6121163 -46.6107074;-23.6102862 -46.6120838;251;28;27
171;Thu Mar 14 23:57:42 2019;-23.6121143257974,-46.6106921074617;-23.6102606030973,-46.6120476310923;-23.6121163 -46.6107074;-23.6102862 -46.6120838;251;28;27
172;Thu Mar 14 23:58:42 2019;-23.6121143257974,-46.6106921074617;-23.6102606030973,-46.6120476310923;-23.6121163 -46.6107074;-23.6102862 -46.6120838;251;28;26
173;Thu Mar 14 23:59:42 2019;-23.6121143257974,-46.6106921074617;-23.6102606030973,-46.6120476310923;-23.6121163 -46.6107074;-23.6102862 -46.6120838;251;28;27
