38972;Thu Mar 14 00:00:09 2019;-23.6051821025611,-46.6144398611718;-23.6033780034802,-46.6147345882342;-23.6051836 -46.6144532;-23.6033784 -46.6147373;203;36;26
39213;Thu Mar 14 04:01:12 2019;-23.6051821025611,-46.6144398611718;-23.6033780034802,-46.6147345882342;-23.6051836 -46.6144532;-23.6033784 -46.6147373;203;36;21
39214;Thu Mar 14 04:02:08 2019;-23.6051821025611,-46.6144398611718;-23.6033780034802,-46.6147345882342;-23.6051836 -46.6144532;-23.6033784 -46.6147373;203;36;22
39215;Thu Mar 14 04:03:09 2019;-23.6051821025611,-46.6144398611718;-23.6033780034802,-46.6147345882342;-23.6051836 -46.6144532;-23.6033784 -46.6147373;203;36;22
39216;Thu Mar 14 04:04:09 2019;-23.6051821025611,-46.6144398611718;-23.6033780034802,-46.6147345882342;-23.6051836 -46.6144532;-23.6033784 -46.6147373;203;36;22
39217;Thu Mar 14 04:05:09 2019;-23.6051821025611,-46.6144398611718;-23.6033780034802,-46.6147345882342;-23.6051836 -46.6144532;-23.6033784 -46.6147373;203;36;22
39218;Thu Mar 14 04:06:08 2019;-23.6051821025611,-46.6144398611718;-23.6033780034802,-46.6147345882342;-23.6051836 -46.6144532;-23.6033784 -46.6147373;203;36;22
39219;Thu Mar 14 04:07:09 2019;-23.6051821025611,-46.6144398611718;-23.6033780034802,-46.6147345882342;-23.6051836 -46.6144532;-23.6033784 -46.6147373;203;36;22
39220;Thu Mar 14 04:08:09 2019;-23.6051821025611,-46.6144398611718;-23.6033780034802,-46.6147345882342;-23.6051836 -46.6144532;-23.6033784 -46.6147373;203;36;22
39221;Thu Mar 14 04:09:09 2019;-23.6051821025611,-46.6144398611718;-23.6033780034802,-46.6147345882342;-23.6051836 -46.6144532;-23.6033784 -46.6147373;203;36;22
39222;Thu Mar 14 04:10:09 2019;-23.6051821025611,-46.6144398611718;-23.6033780034802,-46.6147345882342;-23.6051836 -46.6144532;-23.6033784 -46.6147373;203;36;22
1;Thu Mar 14 21:07:46 2019;-23.6051821025611,-46.6144398611718;-23.6033780034802,-46.6147345882342;-23.6051836 -46.6144532;-23.6033784 -46.6147373;203;36;31
2;Thu Mar 14 21:08:45 2019;-23.6051821025611,-46.6144398611718;-23.6033780034802,-46.6147345882342;-23.6051836 -46.6144532;-23.6033784 -46.6147373;203;36;29
3;Thu Mar 14 21:09:42 2019;-23.6051821025611,-46.6144398611718;-23.6033780034802,-46.6147345882342;-23.6051836 -46.6144532;-23.6033784 -46.6147373;203;36;30
4;Thu Mar 14 21:10:42 2019;-23.6051821025611,-46.6144398611718;-23.6033780034802,-46.6147345882342;-23.6051836 -46.6144532;-23.6033784 -46.6147373;203;36;30
5;Thu Mar 14 21:11:42 2019;-23.6051821025611,-46.6144398611718;-23.6033780034802,-46.6147345882342;-23.6051836 -46.6144532;-23.6033784 -46.6147373;203;36;31
6;Thu Mar 14 21:12:41 2019;-23.6051821025611,-46.6144398611718;-23.6033780034802,-46.6147345882342;-23.6051836 -46.6144532;-23.6033784 -46.6147373;203;36;31
7;Thu Mar 14 21:13:42 2019;-23.6051821025611,-46.6144398611718;-23.6033780034802,-46.6147345882342;-23.6051836 -46.6144532;-23.6033784 -46.6147373;203;36;29
8;Thu Mar 14 21:14:43 2019;-23.6051821025611,-46.6144398611718;-23.6033780034802,-46.6147345882342;-23.6051836 -46.6144532;-23.6033784 -46.6147373;203;36;32
9;Thu Mar 14 21:15:42 2019;-23.6051821025611,-46.6144398611718;-23.6033780034802,-46.6147345882342;-23.6051836 -46.6144532;-23.6033784 -46.6147373;203;36;31
10;Thu Mar 14 21:16:43 2019;-23.6051821025611,-46.6144398611718;-23.6033780034802,-46.6147345882342;-23.6051836 -46.6144532;-23.6033784 -46.6147373;203;36;30
11;Thu Mar 14 21:17:42 2019;-23.6051821025611,-46.6144398611718;-23.6033780034802,-46.6147345882342;-23.6051836 -46.6144532;-23.6033784 -46.6147373;203;36;30
12;Thu Mar 14 21:18:43 2019;-23.6051821025611,-46.6144398611718;-23.6033780034802,-46.6147345882342;-23.6051836 -46.6144532;-23.6033784 -46.6147373;203;36;30
13;Thu Mar 14 21:19:42 2019;-23.6051821025611,-46.6144398611718;-23.6033780034802,-46.6147345882342;-23.6051836 -46.6144532;-23.6033784 -46.6147373;203;36;30
14;Thu Mar 14 21:20:43 2019;-23.6051821025611,-46.6144398611718;-23.6033780034802,-46.6147345882342;-23.6051836 -46.6144532;-23.6033784 -46.6147373;203;36;30
15;Thu Mar 14 21:21:43 2019;-23.6051821025611,-46.6144398611718;-23.6033780034802,-46.6147345882342;-23.6051836 -46.6144532;-23.6033784 -46.6147373;203;36;31
16;Thu Mar 14 21:22:45 2019;-23.6051821025611,-46.6144398611718;-23.6033780034802,-46.6147345882342;-23.6051836 -46.6144532;-23.6033784 -46.6147373;203;36;30
17;Thu Mar 14 21:23:42 2019;-23.6051821025611,-46.6144398611718;-23.6033780034802,-46.6147345882342;-23.6051836 -46.6144532;-23.6033784 -46.6147373;203;36;30
18;Thu Mar 14 21:24:43 2019;-23.6051821025611,-46.6144398611718;-23.6033780034802,-46.6147345882342;-23.6051836 -46.6144532;-23.6033784 -46.6147373;203;36;30
19;Thu Mar 14 21:25:42 2019;-23.6051821025611,-46.6144398611718;-23.6033780034802,-46.6147345882342;-23.6051836 -46.6144532;-23.6033784 -46.6147373;203;36;30
20;Thu Mar 14 21:26:42 2019;-23.6051821025611,-46.6144398611718;-23.6033780034802,-46.6147345882342;-23.6051836 -46.6144532;-23.6033784 -46.6147373;203;36;33
21;Thu Mar 14 21:27:42 2019;-23.6051821025611,-46.6144398611718;-23.6033780034802,-46.6147345882342;-23.6051836 -46.6144532;-23.6033784 -46.6147373;203;36;33
22;Thu Mar 14 21:28:42 2019;-23.6051821025611,-46.6144398611718;-23.6033780034802,-46.6147345882342;-23.6051836 -46.6144532;-23.6033784 -46.6147373;203;36;33
23;Thu Mar 14 21:29:42 2019;-23.6051821025611,-46.6144398611718;-23.6033780034802,-46.6147345882342;-23.6051836 -46.6144532;-23.6033784 -46.6147373;203;36;32
24;Thu Mar 14 21:30:42 2019;-23.6051821025611,-46.6144398611718;-23.6033780034802,-46.6147345882342;-23.6051836 -46.6144532;-23.6033784 -46.6147373;203;36;30
25;Thu Mar 14 21:31:42 2019;-23.6051821025611,-46.6144398611718;-23.6033780034802,-46.6147345882342;-23.6051836 -46.6144532;-23.6033784 -46.6147373;203;36;29
26;Thu Mar 14 21:32:42 2019;-23.6051821025611,-46.6144398611718;-23.6033780034802,-46.6147345882342;-23.6051836 -46.6144532;-23.6033784 -46.6147373;203;36;30
27;Thu Mar 14 21:33:42 2019;-23.6051821025611,-46.6144398611718;-23.6033780034802,-46.6147345882342;-23.6051836 -46.6144532;-23.6033784 -46.6147373;203;36;29
28;Thu Mar 14 21:34:42 2019;-23.6051821025611,-46.6144398611718;-23.6033780034802,-46.6147345882342;-23.6051836 -46.6144532;-23.6033784 -46.6147373;203;36;30
29;Thu Mar 14 21:35:42 2019;-23.6051821025611,-46.6144398611718;-23.6033780034802,-46.6147345882342;-23.6051836 -46.6144532;-23.6033784 -46.6147373;203;36;30
30;Thu Mar 14 21:36:42 2019;-23.6051821025611,-46.6144398611718;-23.6033780034802,-46.6147345882342;-23.6051836 -46.6144532;-23.6033784 -46.6147373;203;36;30
31;Thu Mar 14 21:37:46 2019;-23.6051821025611,-46.6144398611718;-23.6033780034802,-46.6147345882342;-23.6051836 -46.6144532;-23.6033784 -46.6147373;203;36;29
32;Thu Mar 14 21:38:42 2019;-23.6051821025611,-46.6144398611718;-23.6033780034802,-46.6147345882342;-23.6051836 -46.6144532;-23.6033784 -46.6147373;203;36;30
33;Thu Mar 14 21:39:42 2019;-23.6051821025611,-46.6144398611718;-23.6033780034802,-46.6147345882342;-23.6051836 -46.6144532;-23.6033784 -46.6147373;203;36;31
34;Thu Mar 14 21:40:42 2019;-23.6051821025611,-46.6144398611718;-23.6033780034802,-46.6147345882342;-23.6051836 -46.6144532;-23.6033784 -46.6147373;203;36;29
35;Thu Mar 14 21:41:42 2019;-23.6051821025611,-46.6144398611718;-23.6033780034802,-46.6147345882342;-23.6051836 -46.6144532;-23.6033784 -46.6147373;203;36;29
36;Thu Mar 14 21:42:42 2019;-23.6051821025611,-46.6144398611718;-23.6033780034802,-46.6147345882342;-23.6051836 -46.6144532;-23.6033784 -46.6147373;203;36;31
37;Thu Mar 14 21:43:42 2019;-23.6051821025611,-46.6144398611718;-23.6033780034802,-46.6147345882342;-23.6051836 -46.6144532;-23.6033784 -46.6147373;203;36;28
38;Thu Mar 14 21:44:42 2019;-23.6051821025611,-46.6144398611718;-23.6033780034802,-46.6147345882342;-23.6051836 -46.6144532;-23.6033784 -46.6147373;203;36;38
39;Thu Mar 14 21:45:42 2019;-23.6051821025611,-46.6144398611718;-23.6033780034802,-46.6147345882342;-23.6051836 -46.6144532;-23.6033784 -46.6147373;203;36;39
40;Thu Mar 14 21:46:42 2019;-23.6051821025611,-46.6144398611718;-23.6033780034802,-46.6147345882342;-23.6051836 -46.6144532;-23.6033784 -46.6147373;203;36;41
41;Thu Mar 14 21:47:42 2019;-23.6051821025611,-46.6144398611718;-23.6033780034802,-46.6147345882342;-23.6051836 -46.6144532;-23.6033784 -46.6147373;203;36;40
42;Thu Mar 14 21:48:42 2019;-23.6051821025611,-46.6144398611718;-23.6033780034802,-46.6147345882342;-23.6051836 -46.6144532;-23.6033784 -46.6147373;203;36;41
43;Thu Mar 14 21:49:42 2019;-23.6051821025611,-46.6144398611718;-23.6033780034802,-46.6147345882342;-23.6051836 -46.6144532;-23.6033784 -46.6147373;203;36;45
44;Thu Mar 14 21:50:43 2019;-23.6051821025611,-46.6144398611718;-23.6033780034802,-46.6147345882342;-23.6051836 -46.6144532;-23.6033784 -46.6147373;203;36;45
45;Thu Mar 14 21:51:42 2019;-23.6051821025611,-46.6144398611718;-23.6033780034802,-46.6147345882342;-23.6051836 -46.6144532;-23.6033784 -46.6147373;203;36;47
46;Thu Mar 14 21:52:45 2019;-23.6051821025611,-46.6144398611718;-23.6033780034802,-46.6147345882342;-23.6051836 -46.6144532;-23.6033784 -46.6147373;203;36;37
47;Thu Mar 14 21:53:42 2019;-23.6051821025611,-46.6144398611718;-23.6033780034802,-46.6147345882342;-23.6051836 -46.6144532;-23.6033784 -46.6147373;203;36;38
48;Thu Mar 14 21:54:42 2019;-23.6051821025611,-46.6144398611718;-23.6033780034802,-46.6147345882342;-23.6051836 -46.6144532;-23.6033784 -46.6147373;203;36;35
49;Thu Mar 14 21:55:42 2019;-23.6051821025611,-46.6144398611718;-23.6033780034802,-46.6147345882342;-23.6051836 -46.6144532;-23.6033784 -46.6147373;203;36;36
50;Thu Mar 14 21:56:42 2019;-23.6051821025611,-46.6144398611718;-23.6033780034802,-46.6147345882342;-23.6051836 -46.6144532;-23.6033784 -46.6147373;203;36;34
51;Thu Mar 14 21:57:42 2019;-23.6051821025611,-46.6144398611718;-23.6033780034802,-46.6147345882342;-23.6051836 -46.6144532;-23.6033784 -46.6147373;203;36;33
52;Thu Mar 14 21:58:42 2019;-23.6051821025611,-46.6144398611718;-23.6033780034802,-46.6147345882342;-23.6051836 -46.6144532;-23.6033784 -46.6147373;203;36;36
53;Thu Mar 14 21:59:42 2019;-23.6051821025611,-46.6144398611718;-23.6033780034802,-46.6147345882342;-23.6051836 -46.6144532;-23.6033784 -46.6147373;203;36;36
54;Thu Mar 14 22:00:42 2019;-23.6051821025611,-46.6144398611718;-23.6033780034802,-46.6147345882342;-23.6051836 -46.6144532;-23.6033784 -46.6147373;203;36;35
55;Thu Mar 14 22:01:42 2019;-23.6051821025611,-46.6144398611718;-23.6033780034802,-46.6147345882342;-23.6051836 -46.6144532;-23.6033784 -46.6147373;203;36;37
56;Thu Mar 14 22:02:43 2019;-23.6051821025611,-46.6144398611718;-23.6033780034802,-46.6147345882342;-23.6051836 -46.6144532;-23.6033784 -46.6147373;203;36;36
57;Thu Mar 14 22:03:42 2019;-23.6051821025611,-46.6144398611718;-23.6033780034802,-46.6147345882342;-23.6051836 -46.6144532;-23.6033784 -46.6147373;203;36;34
58;Thu Mar 14 22:04:42 2019;-23.6051821025611,-46.6144398611718;-23.6033780034802,-46.6147345882342;-23.6051836 -46.6144532;-23.6033784 -46.6147373;203;36;31
59;Thu Mar 14 22:05:42 2019;-23.6051821025611,-46.6144398611718;-23.6033780034802,-46.6147345882342;-23.6051836 -46.6144532;-23.6033784 -46.6147373;203;36;29
60;Thu Mar 14 22:06:43 2019;-23.6051821025611,-46.6144398611718;-23.6033780034802,-46.6147345882342;-23.6051836 -46.6144532;-23.6033784 -46.6147373;203;36;29
61;Thu Mar 14 22:07:45 2019;-23.6051821025611,-46.6144398611718;-23.6033780034802,-46.6147345882342;-23.6051836 -46.6144532;-23.6033784 -46.6147373;203;36;30
62;Thu Mar 14 22:08:42 2019;-23.6051821025611,-46.6144398611718;-23.6033780034802,-46.6147345882342;-23.6051836 -46.6144532;-23.6033784 -46.6147373;203;36;35
63;Thu Mar 14 22:09:42 2019;-23.6051821025611,-46.6144398611718;-23.6033780034802,-46.6147345882342;-23.6051836 -46.6144532;-23.6033784 -46.6147373;203;36;30
64;Thu Mar 14 22:10:42 2019;-23.6051821025611,-46.6144398611718;-23.6033780034802,-46.6147345882342;-23.6051836 -46.6144532;-23.6033784 -46.6147373;203;36;29
65;Thu Mar 14 22:11:42 2019;-23.6051821025611,-46.6144398611718;-23.6033780034802,-46.6147345882342;-23.6051836 -46.6144532;-23.6033784 -46.6147373;203;36;34
66;Thu Mar 14 22:12:42 2019;-23.6051821025611,-46.6144398611718;-23.6033780034802,-46.6147345882342;-23.6051836 -46.6144532;-23.6033784 -46.6147373;203;36;35
67;Thu Mar 14 22:13:42 2019;-23.6051821025611,-46.6144398611718;-23.6033780034802,-46.6147345882342;-23.6051836 -46.6144532;-23.6033784 -46.6147373;203;36;35
68;Thu Mar 14 22:14:42 2019;-23.6051821025611,-46.6144398611718;-23.6033780034802,-46.6147345882342;-23.6051836 -46.6144532;-23.6033784 -46.6147373;203;36;30
69;Thu Mar 14 22:15:42 2019;-23.6051821025611,-46.6144398611718;-23.6033780034802,-46.6147345882342;-23.6051836 -46.6144532;-23.6033784 -46.6147373;203;36;30
70;Thu Mar 14 22:16:42 2019;-23.6051821025611,-46.6144398611718;-23.6033780034802,-46.6147345882342;-23.6051836 -46.6144532;-23.6033784 -46.6147373;203;36;30
71;Thu Mar 14 22:17:42 2019;-23.6051821025611,-46.6144398611718;-23.6033780034802,-46.6147345882342;-23.6051836 -46.6144532;-23.6033784 -46.6147373;203;36;35
72;Thu Mar 14 22:18:42 2019;-23.6051821025611,-46.6144398611718;-23.6033780034802,-46.6147345882342;-23.6051836 -46.6144532;-23.6033784 -46.6147373;203;36;35
73;Thu Mar 14 22:19:42 2019;-23.6051821025611,-46.6144398611718;-23.6033780034802,-46.6147345882342;-23.6051836 -46.6144532;-23.6033784 -46.6147373;203;36;36
74;Thu Mar 14 22:20:42 2019;-23.6051821025611,-46.6144398611718;-23.6033780034802,-46.6147345882342;-23.6051836 -46.6144532;-23.6033784 -46.6147373;203;36;36
75;Thu Mar 14 22:21:42 2019;-23.6051821025611,-46.6144398611718;-23.6033780034802,-46.6147345882342;-23.6051836 -46.6144532;-23.6033784 -46.6147373;203;36;30
76;Thu Mar 14 22:22:45 2019;-23.6051821025611,-46.6144398611718;-23.6033780034802,-46.6147345882342;-23.6051836 -46.6144532;-23.6033784 -46.6147373;203;36;30
77;Thu Mar 14 22:23:42 2019;-23.6051821025611,-46.6144398611718;-23.6033780034802,-46.6147345882342;-23.6051836 -46.6144532;-23.6033784 -46.6147373;203;36;29
78;Thu Mar 14 22:24:42 2019;-23.6051821025611,-46.6144398611718;-23.6033780034802,-46.6147345882342;-23.6051836 -46.6144532;-23.6033784 -46.6147373;203;36;29
79;Thu Mar 14 22:25:43 2019;-23.6051821025611,-46.6144398611718;-23.6033780034802,-46.6147345882342;-23.6051836 -46.6144532;-23.6033784 -46.6147373;203;36;30
80;Thu Mar 14 22:26:42 2019;-23.6051821025611,-46.6144398611718;-23.6033780034802,-46.6147345882342;-23.6051836 -46.6144532;-23.6033784 -46.6147373;203;36;29
81;Thu Mar 14 22:27:42 2019;-23.6051821025611,-46.6144398611718;-23.6033780034802,-46.6147345882342;-23.6051836 -46.6144532;-23.6033784 -46.6147373;203;36;29
82;Thu Mar 14 22:28:42 2019;-23.6051821025611,-46.6144398611718;-23.6033780034802,-46.6147345882342;-23.6051836 -46.6144532;-23.6033784 -46.6147373;203;36;29
83;Thu Mar 14 22:29:42 2019;-23.6051821025611,-46.6144398611718;-23.6033780034802,-46.6147345882342;-23.6051836 -46.6144532;-23.6033784 -46.6147373;203;36;29
84;Thu Mar 14 22:30:42 2019;-23.6051821025611,-46.6144398611718;-23.6033780034802,-46.6147345882342;-23.6051836 -46.6144532;-23.6033784 -46.6147373;203;36;31
85;Thu Mar 14 22:31:43 2019;-23.6051821025611,-46.6144398611718;-23.6033780034802,-46.6147345882342;-23.6051836 -46.6144532;-23.6033784 -46.6147373;203;36;32
86;Thu Mar 14 22:32:42 2019;-23.6051821025611,-46.6144398611718;-23.6033780034802,-46.6147345882342;-23.6051836 -46.6144532;-23.6033784 -46.6147373;203;36;31
87;Thu Mar 14 22:33:42 2019;-23.6051821025611,-46.6144398611718;-23.6033780034802,-46.6147345882342;-23.6051836 -46.6144532;-23.6033784 -46.6147373;203;36;30
88;Thu Mar 14 22:34:42 2019;-23.6051821025611,-46.6144398611718;-23.6033780034802,-46.6147345882342;-23.6051836 -46.6144532;-23.6033784 -46.6147373;203;36;30
89;Thu Mar 14 22:35:42 2019;-23.6051821025611,-46.6144398611718;-23.6033780034802,-46.6147345882342;-23.6051836 -46.6144532;-23.6033784 -46.6147373;203;36;35
90;Thu Mar 14 22:36:42 2019;-23.6051821025611,-46.6144398611718;-23.6033780034802,-46.6147345882342;-23.6051836 -46.6144532;-23.6033784 -46.6147373;203;36;33
91;Thu Mar 14 22:37:45 2019;-23.6051821025611,-46.6144398611718;-23.6033780034802,-46.6147345882342;-23.6051836 -46.6144532;-23.6033784 -46.6147373;203;36;33
92;Thu Mar 14 22:38:43 2019;-23.6051821025611,-46.6144398611718;-23.6033780034802,-46.6147345882342;-23.6051836 -46.6144532;-23.6033784 -46.6147373;203;36;30
93;Thu Mar 14 22:39:42 2019;-23.6051821025611,-46.6144398611718;-23.6033780034802,-46.6147345882342;-23.6051836 -46.6144532;-23.6033784 -46.6147373;203;36;31
94;Thu Mar 14 22:40:43 2019;-23.6051821025611,-46.6144398611718;-23.6033780034802,-46.6147345882342;-23.6051836 -46.6144532;-23.6033784 -46.6147373;203;36;32
95;Thu Mar 14 22:41:42 2019;-23.6051821025611,-46.6144398611718;-23.6033780034802,-46.6147345882342;-23.6051836 -46.6144532;-23.6033784 -46.6147373;203;36;30
96;Thu Mar 14 22:42:42 2019;-23.6051821025611,-46.6144398611718;-23.6033780034802,-46.6147345882342;-23.6051836 -46.6144532;-23.6033784 -46.6147373;203;36;32
97;Thu Mar 14 22:43:42 2019;-23.6051821025611,-46.6144398611718;-23.6033780034802,-46.6147345882342;-23.6051836 -46.6144532;-23.6033784 -46.6147373;203;36;32
98;Thu Mar 14 22:44:43 2019;-23.6051821025611,-46.6144398611718;-23.6033780034802,-46.6147345882342;-23.6051836 -46.6144532;-23.6033784 -46.6147373;203;36;32
99;Thu Mar 14 22:45:42 2019;-23.6051821025611,-46.6144398611718;-23.6033780034802,-46.6147345882342;-23.6051836 -46.6144532;-23.6033784 -46.6147373;203;36;33
100;Thu Mar 14 22:46:43 2019;-23.6051821025611,-46.6144398611718;-23.6033780034802,-46.6147345882342;-23.6051836 -46.6144532;-23.6033784 -46.6147373;203;36;29
101;Thu Mar 14 22:47:43 2019;-23.6051821025611,-46.6144398611718;-23.6033780034802,-46.6147345882342;-23.6051836 -46.6144532;-23.6033784 -46.6147373;203;36;29
102;Thu Mar 14 22:48:42 2019;-23.6051821025611,-46.6144398611718;-23.6033780034802,-46.6147345882342;-23.6051836 -46.6144532;-23.6033784 -46.6147373;203;36;31
103;Thu Mar 14 22:49:43 2019;-23.6051821025611,-46.6144398611718;-23.6033780034802,-46.6147345882342;-23.6051836 -46.6144532;-23.6033784 -46.6147373;203;36;29
104;Thu Mar 14 22:50:43 2019;-23.6051821025611,-46.6144398611718;-23.6033780034802,-46.6147345882342;-23.6051836 -46.6144532;-23.6033784 -46.6147373;203;36;29
105;Thu Mar 14 22:51:42 2019;-23.6051821025611,-46.6144398611718;-23.6033780034802,-46.6147345882342;-23.6051836 -46.6144532;-23.6033784 -46.6147373;203;36;31
106;Thu Mar 14 22:52:46 2019;-23.6051821025611,-46.6144398611718;-23.6033780034802,-46.6147345882342;-23.6051836 -46.6144532;-23.6033784 -46.6147373;203;36;31
107;Thu Mar 14 22:53:42 2019;-23.6051821025611,-46.6144398611718;-23.6033780034802,-46.6147345882342;-23.6051836 -46.6144532;-23.6033784 -46.6147373;203;36;31
108;Thu Mar 14 22:54:42 2019;-23.6051821025611,-46.6144398611718;-23.6033780034802,-46.6147345882342;-23.6051836 -46.6144532;-23.6033784 -46.6147373;203;36;30
109;Thu Mar 14 22:55:42 2019;-23.6051821025611,-46.6144398611718;-23.6033780034802,-46.6147345882342;-23.6051836 -46.6144532;-23.6033784 -46.6147373;203;36;30
110;Thu Mar 14 22:56:42 2019;-23.6051821025611,-46.6144398611718;-23.6033780034802,-46.6147345882342;-23.6051836 -46.6144532;-23.6033784 -46.6147373;203;36;30
111;Thu Mar 14 22:57:43 2019;-23.6051821025611,-46.6144398611718;-23.6033780034802,-46.6147345882342;-23.6051836 -46.6144532;-23.6033784 -46.6147373;203;36;30
112;Thu Mar 14 22:58:42 2019;-23.6051821025611,-46.6144398611718;-23.6033780034802,-46.6147345882342;-23.6051836 -46.6144532;-23.6033784 -46.6147373;203;36;30
113;Thu Mar 14 22:59:43 2019;-23.6051821025611,-46.6144398611718;-23.6033780034802,-46.6147345882342;-23.6051836 -46.6144532;-23.6033784 -46.6147373;203;36;31
114;Thu Mar 14 23:00:42 2019;-23.6051821025611,-46.6144398611718;-23.6033780034802,-46.6147345882342;-23.6051836 -46.6144532;-23.6033784 -46.6147373;203;36;33
115;Thu Mar 14 23:01:42 2019;-23.6051821025611,-46.6144398611718;-23.6033780034802,-46.6147345882342;-23.6051836 -46.6144532;-23.6033784 -46.6147373;203;36;33
116;Thu Mar 14 23:02:42 2019;-23.6051821025611,-46.6144398611718;-23.6033780034802,-46.6147345882342;-23.6051836 -46.6144532;-23.6033784 -46.6147373;203;36;33
117;Thu Mar 14 23:03:42 2019;-23.6051821025611,-46.6144398611718;-23.6033780034802,-46.6147345882342;-23.6051836 -46.6144532;-23.6033784 -46.6147373;203;36;33
118;Thu Mar 14 23:04:42 2019;-23.6051821025611,-46.6144398611718;-23.6033780034802,-46.6147345882342;-23.6051836 -46.6144532;-23.6033784 -46.6147373;203;36;33
119;Thu Mar 14 23:05:42 2019;-23.6051821025611,-46.6144398611718;-23.6033780034802,-46.6147345882342;-23.6051836 -46.6144532;-23.6033784 -46.6147373;203;36;32
120;Thu Mar 14 23:06:42 2019;-23.6051821025611,-46.6144398611718;-23.6033780034802,-46.6147345882342;-23.6051836 -46.6144532;-23.6033784 -46.6147373;203;36;33
121;Thu Mar 14 23:07:45 2019;-23.6051821025611,-46.6144398611718;-23.6033780034802,-46.6147345882342;-23.6051836 -46.6144532;-23.6033784 -46.6147373;203;36;30
122;Thu Mar 14 23:08:42 2019;-23.6051821025611,-46.6144398611718;-23.6033780034802,-46.6147345882342;-23.6051836 -46.6144532;-23.6033784 -46.6147373;203;36;30
123;Thu Mar 14 23:09:42 2019;-23.6051821025611,-46.6144398611718;-23.6033780034802,-46.6147345882342;-23.6051836 -46.6144532;-23.6033784 -46.6147373;203;36;33
124;Thu Mar 14 23:10:42 2019;-23.6051821025611,-46.6144398611718;-23.6033780034802,-46.6147345882342;-23.6051836 -46.6144532;-23.6033784 -46.6147373;203;36;34
125;Thu Mar 14 23:11:42 2019;-23.6051821025611,-46.6144398611718;-23.6033780034802,-46.6147345882342;-23.6051836 -46.6144532;-23.6033784 -46.6147373;203;36;34
126;Thu Mar 14 23:12:42 2019;-23.6051821025611,-46.6144398611718;-23.6033780034802,-46.6147345882342;-23.6051836 -46.6144532;-23.6033784 -46.6147373;203;36;29
127;Thu Mar 14 23:13:41 2019;-23.6051821025611,-46.6144398611718;-23.6033780034802,-46.6147345882342;-23.6051836 -46.6144532;-23.6033784 -46.6147373;203;36;29
128;Thu Mar 14 23:14:42 2019;-23.6051821025611,-46.6144398611718;-23.6033780034802,-46.6147345882342;-23.6051836 -46.6144532;-23.6033784 -46.6147373;203;36;32
129;Thu Mar 14 23:15:42 2019;-23.6051821025611,-46.6144398611718;-23.6033780034802,-46.6147345882342;-23.6051836 -46.6144532;-23.6033784 -46.6147373;203;36;32
130;Thu Mar 14 23:16:42 2019;-23.6051821025611,-46.6144398611718;-23.6033780034802,-46.6147345882342;-23.6051836 -46.6144532;-23.6033784 -46.6147373;203;36;27
131;Thu Mar 14 23:17:42 2019;-23.6051821025611,-46.6144398611718;-23.6033780034802,-46.6147345882342;-23.6051836 -46.6144532;-23.6033784 -46.6147373;203;36;27
132;Thu Mar 14 23:18:42 2019;-23.6051821025611,-46.6144398611718;-23.6033780034802,-46.6147345882342;-23.6051836 -46.6144532;-23.6033784 -46.6147373;203;36;28
133;Thu Mar 14 23:19:42 2019;-23.6051821025611,-46.6144398611718;-23.6033780034802,-46.6147345882342;-23.6051836 -46.6144532;-23.6033784 -46.6147373;203;36;30
134;Thu Mar 14 23:20:42 2019;-23.6051821025611,-46.6144398611718;-23.6033780034802,-46.6147345882342;-23.6051836 -46.6144532;-23.6033784 -46.6147373;203;36;31
135;Thu Mar 14 23:21:43 2019;-23.6051821025611,-46.6144398611718;-23.6033780034802,-46.6147345882342;-23.6051836 -46.6144532;-23.6033784 -46.6147373;203;36;31
136;Thu Mar 14 23:22:44 2019;-23.6051821025611,-46.6144398611718;-23.6033780034802,-46.6147345882342;-23.6051836 -46.6144532;-23.6033784 -46.6147373;203;36;33
137;Thu Mar 14 23:23:42 2019;-23.6051821025611,-46.6144398611718;-23.6033780034802,-46.6147345882342;-23.6051836 -46.6144532;-23.6033784 -46.6147373;203;36;32
138;Thu Mar 14 23:24:42 2019;-23.6051821025611,-46.6144398611718;-23.6033780034802,-46.6147345882342;-23.6051836 -46.6144532;-23.6033784 -46.6147373;203;36;31
139;Thu Mar 14 23:25:42 2019;-23.6051821025611,-46.6144398611718;-23.6033780034802,-46.6147345882342;-23.6051836 -46.6144532;-23.6033784 -46.6147373;203;36;31
140;Thu Mar 14 23:26:42 2019;-23.6051821025611,-46.6144398611718;-23.6033780034802,-46.6147345882342;-23.6051836 -46.6144532;-23.6033784 -46.6147373;203;36;32
141;Thu Mar 14 23:27:42 2019;-23.6051821025611,-46.6144398611718;-23.6033780034802,-46.6147345882342;-23.6051836 -46.6144532;-23.6033784 -46.6147373;203;36;32
142;Thu Mar 14 23:28:42 2019;-23.6051821025611,-46.6144398611718;-23.6033780034802,-46.6147345882342;-23.6051836 -46.6144532;-23.6033784 -46.6147373;203;36;32
143;Thu Mar 14 23:29:42 2019;-23.6051821025611,-46.6144398611718;-23.6033780034802,-46.6147345882342;-23.6051836 -46.6144532;-23.6033784 -46.6147373;203;36;32
144;Thu Mar 14 23:30:42 2019;-23.6051821025611,-46.6144398611718;-23.6033780034802,-46.6147345882342;-23.6051836 -46.6144532;-23.6033784 -46.6147373;203;36;29
145;Thu Mar 14 23:31:42 2019;-23.6051821025611,-46.6144398611718;-23.6033780034802,-46.6147345882342;-23.6051836 -46.6144532;-23.6033784 -46.6147373;203;36;30
146;Thu Mar 14 23:32:42 2019;-23.6051821025611,-46.6144398611718;-23.6033780034802,-46.6147345882342;-23.6051836 -46.6144532;-23.6033784 -46.6147373;203;36;37
147;Thu Mar 14 23:33:42 2019;-23.6051821025611,-46.6144398611718;-23.6033780034802,-46.6147345882342;-23.6051836 -46.6144532;-23.6033784 -46.6147373;203;36;37
148;Thu Mar 14 23:34:42 2019;-23.6051821025611,-46.6144398611718;-23.6033780034802,-46.6147345882342;-23.6051836 -46.6144532;-23.6033784 -46.6147373;203;36;34
149;Thu Mar 14 23:35:43 2019;-23.6051821025611,-46.6144398611718;-23.6033780034802,-46.6147345882342;-23.6051836 -46.6144532;-23.6033784 -46.6147373;203;36;38
150;Thu Mar 14 23:36:42 2019;-23.6051821025611,-46.6144398611718;-23.6033780034802,-46.6147345882342;-23.6051836 -46.6144532;-23.6033784 -46.6147373;203;36;30
151;Thu Mar 14 23:37:43 2019;-23.6051821025611,-46.6144398611718;-23.6033780034802,-46.6147345882342;-23.6051836 -46.6144532;-23.6033784 -46.6147373;203;36;29
152;Thu Mar 14 23:38:42 2019;-23.6051821025611,-46.6144398611718;-23.6033780034802,-46.6147345882342;-23.6051836 -46.6144532;-23.6033784 -46.6147373;203;36;31
153;Thu Mar 14 23:39:42 2019;-23.6051821025611,-46.6144398611718;-23.6033780034802,-46.6147345882342;-23.6051836 -46.6144532;-23.6033784 -46.6147373;203;36;29
154;Thu Mar 14 23:40:42 2019;-23.6051821025611,-46.6144398611718;-23.6033780034802,-46.6147345882342;-23.6051836 -46.6144532;-23.6033784 -46.6147373;203;36;29
155;Thu Mar 14 23:41:42 2019;-23.6051821025611,-46.6144398611718;-23.6033780034802,-46.6147345882342;-23.6051836 -46.6144532;-23.6033784 -46.6147373;203;36;28
156;Thu Mar 14 23:42:42 2019;-23.6051821025611,-46.6144398611718;-23.6033780034802,-46.6147345882342;-23.6051836 -46.6144532;-23.6033784 -46.6147373;203;36;28
157;Thu Mar 14 23:43:42 2019;-23.6051821025611,-46.6144398611718;-23.6033780034802,-46.6147345882342;-23.6051836 -46.6144532;-23.6033784 -46.6147373;203;36;29
158;Thu Mar 14 23:44:42 2019;-23.6051821025611,-46.6144398611718;-23.6033780034802,-46.6147345882342;-23.6051836 -46.6144532;-23.6033784 -46.6147373;203;36;30
159;Thu Mar 14 23:45:42 2019;-23.6051821025611,-46.6144398611718;-23.6033780034802,-46.6147345882342;-23.6051836 -46.6144532;-23.6033784 -46.6147373;203;36;30
160;Thu Mar 14 23:46:42 2019;-23.6051821025611,-46.6144398611718;-23.6033780034802,-46.6147345882342;-23.6051836 -46.6144532;-23.6033784 -46.6147373;203;36;30
161;Thu Mar 14 23:47:42 2019;-23.6051821025611,-46.6144398611718;-23.6033780034802,-46.6147345882342;-23.6051836 -46.6144532;-23.6033784 -46.6147373;203;36;30
162;Thu Mar 14 23:48:43 2019;-23.6051821025611,-46.6144398611718;-23.6033780034802,-46.6147345882342;-23.6051836 -46.6144532;-23.6033784 -46.6147373;203;36;29
163;Thu Mar 14 23:49:42 2019;-23.6051821025611,-46.6144398611718;-23.6033780034802,-46.6147345882342;-23.6051836 -46.6144532;-23.6033784 -46.6147373;203;36;26
164;Thu Mar 14 23:50:42 2019;-23.6051821025611,-46.6144398611718;-23.6033780034802,-46.6147345882342;-23.6051836 -46.6144532;-23.6033784 -46.6147373;203;36;26
165;Thu Mar 14 23:51:42 2019;-23.6051821025611,-46.6144398611718;-23.6033780034802,-46.6147345882342;-23.6051836 -46.6144532;-23.6033784 -46.6147373;203;36;26
166;Thu Mar 14 23:52:44 2019;-23.6051821025611,-46.6144398611718;-23.6033780034802,-46.6147345882342;-23.6051836 -46.6144532;-23.6033784 -46.6147373;203;36;26
167;Thu Mar 14 23:53:43 2019;-23.6051821025611,-46.6144398611718;-23.6033780034802,-46.6147345882342;-23.6051836 -46.6144532;-23.6033784 -46.6147373;203;36;27
168;Thu Mar 14 23:54:42 2019;-23.6051821025611,-46.6144398611718;-23.6033780034802,-46.6147345882342;-23.6051836 -46.6144532;-23.6033784 -46.6147373;203;36;27
169;Thu Mar 14 23:55:42 2019;-23.6051821025611,-46.6144398611718;-23.6033780034802,-46.6147345882342;-23.6051836 -46.6144532;-23.6033784 -46.6147373;203;36;26
170;Thu Mar 14 23:56:42 2019;-23.6051821025611,-46.6144398611718;-23.6033780034802,-46.6147345882342;-23.6051836 -46.6144532;-23.6033784 -46.6147373;203;36;25
171;Thu Mar 14 23:57:43 2019;-23.6051821025611,-46.6144398611718;-23.6033780034802,-46.6147345882342;-23.6051836 -46.6144532;-23.6033784 -46.6147373;203;36;25
172;Thu Mar 14 23:58:42 2019;-23.6051821025611,-46.6144398611718;-23.6033780034802,-46.6147345882342;-23.6051836 -46.6144532;-23.6033784 -46.6147373;203;36;24
173;Thu Mar 14 23:59:42 2019;-23.6051821025611,-46.6144398611718;-23.6033780034802,-46.6147345882342;-23.6051836 -46.6144532;-23.6033784 -46.6147373;203;36;25
