38972;Thu Mar 14 00:00:08 2019;-23.618161790278,-46.6096885741109;-23.6174264740262,-46.6102740696322;-23.6181771 -46.6097015;-23.6174165 -46.610301;132;39;31
39213;Thu Mar 14 04:01:10 2019;-23.618161790278,-46.6096885741109;-23.6174264740262,-46.6102740696322;-23.6181771 -46.6097015;-23.6174165 -46.610301;132;39;30
39214;Thu Mar 14 04:02:08 2019;-23.618161790278,-46.6096885741109;-23.6174264740262,-46.6102740696322;-23.6181771 -46.6097015;-23.6174165 -46.610301;132;39;30
39215;Thu Mar 14 04:03:08 2019;-23.618161790278,-46.6096885741109;-23.6174264740262,-46.6102740696322;-23.6181771 -46.6097015;-23.6174165 -46.610301;132;39;30
39216;Thu Mar 14 04:04:08 2019;-23.618161790278,-46.6096885741109;-23.6174264740262,-46.6102740696322;-23.6181771 -46.6097015;-23.6174165 -46.610301;132;39;30
39217;Thu Mar 14 04:05:08 2019;-23.618161790278,-46.6096885741109;-23.6174264740262,-46.6102740696322;-23.6181771 -46.6097015;-23.6174165 -46.610301;132;39;30
39218;Thu Mar 14 04:06:08 2019;-23.618161790278,-46.6096885741109;-23.6174264740262,-46.6102740696322;-23.6181771 -46.6097015;-23.6174165 -46.610301;132;39;30
39219;Thu Mar 14 04:07:08 2019;-23.618161790278,-46.6096885741109;-23.6174264740262,-46.6102740696322;-23.6181771 -46.6097015;-23.6174165 -46.610301;132;39;30
39220;Thu Mar 14 04:08:08 2019;-23.618161790278,-46.6096885741109;-23.6174264740262,-46.6102740696322;-23.6181771 -46.6097015;-23.6174165 -46.610301;132;39;31
39221;Thu Mar 14 04:09:08 2019;-23.618161790278,-46.6096885741109;-23.6174264740262,-46.6102740696322;-23.6181771 -46.6097015;-23.6174165 -46.610301;132;39;31
39222;Thu Mar 14 04:10:08 2019;-23.618161790278,-46.6096885741109;-23.6174264740262,-46.6102740696322;-23.6181771 -46.6097015;-23.6174165 -46.610301;132;39;31
1;Thu Mar 14 21:07:46 2019;-23.618161790278,-46.6096885741109;-23.6174264740262,-46.6102740696322;-23.6181771 -46.6097015;-23.6174165 -46.610301;132;39;33
2;Thu Mar 14 21:08:45 2019;-23.618161790278,-46.6096885741109;-23.6174264740262,-46.6102740696322;-23.6181771 -46.6097015;-23.6174165 -46.610301;132;39;33
3;Thu Mar 14 21:09:42 2019;-23.618161790278,-46.6096885741109;-23.6174264740262,-46.6102740696322;-23.6181771 -46.6097015;-23.6174165 -46.610301;132;39;32
4;Thu Mar 14 21:10:42 2019;-23.618161790278,-46.6096885741109;-23.6174264740262,-46.6102740696322;-23.6181771 -46.6097015;-23.6174165 -46.610301;132;39;33
5;Thu Mar 14 21:11:42 2019;-23.618161790278,-46.6096885741109;-23.6174264740262,-46.6102740696322;-23.6181771 -46.6097015;-23.6174165 -46.610301;132;39;32
6;Thu Mar 14 21:12:41 2019;-23.618161790278,-46.6096885741109;-23.6174264740262,-46.6102740696322;-23.6181771 -46.6097015;-23.6174165 -46.610301;132;39;32
7;Thu Mar 14 21:13:42 2019;-23.618161790278,-46.6096885741109;-23.6174264740262,-46.6102740696322;-23.6181771 -46.6097015;-23.6174165 -46.610301;132;39;32
8;Thu Mar 14 21:14:42 2019;-23.618161790278,-46.6096885741109;-23.6174264740262,-46.6102740696322;-23.6181771 -46.6097015;-23.6174165 -46.610301;132;39;32
9;Thu Mar 14 21:15:42 2019;-23.618161790278,-46.6096885741109;-23.6174264740262,-46.6102740696322;-23.6181771 -46.6097015;-23.6174165 -46.610301;132;39;32
10;Thu Mar 14 21:16:42 2019;-23.618161790278,-46.6096885741109;-23.6174264740262,-46.6102740696322;-23.6181771 -46.6097015;-23.6174165 -46.610301;132;39;32
11;Thu Mar 14 21:17:42 2019;-23.618161790278,-46.6096885741109;-23.6174264740262,-46.6102740696322;-23.6181771 -46.6097015;-23.6174165 -46.610301;132;39;31
12;Thu Mar 14 21:18:42 2019;-23.618161790278,-46.6096885741109;-23.6174264740262,-46.6102740696322;-23.6181771 -46.6097015;-23.6174165 -46.610301;132;39;32
13;Thu Mar 14 21:19:42 2019;-23.618161790278,-46.6096885741109;-23.6174264740262,-46.6102740696322;-23.6181771 -46.6097015;-23.6174165 -46.610301;132;39;33
14;Thu Mar 14 21:20:42 2019;-23.618161790278,-46.6096885741109;-23.6174264740262,-46.6102740696322;-23.6181771 -46.6097015;-23.6174165 -46.610301;132;39;32
15;Thu Mar 14 21:21:43 2019;-23.618161790278,-46.6096885741109;-23.6174264740262,-46.6102740696322;-23.6181771 -46.6097015;-23.6174165 -46.610301;132;39;31
16;Thu Mar 14 21:22:43 2019;-23.618161790278,-46.6096885741109;-23.6174264740262,-46.6102740696322;-23.6181771 -46.6097015;-23.6174165 -46.610301;132;39;31
17;Thu Mar 14 21:23:42 2019;-23.618161790278,-46.6096885741109;-23.6174264740262,-46.6102740696322;-23.6181771 -46.6097015;-23.6174165 -46.610301;132;39;31
18;Thu Mar 14 21:24:42 2019;-23.618161790278,-46.6096885741109;-23.6174264740262,-46.6102740696322;-23.6181771 -46.6097015;-23.6174165 -46.610301;132;39;32
19;Thu Mar 14 21:25:42 2019;-23.618161790278,-46.6096885741109;-23.6174264740262,-46.6102740696322;-23.6181771 -46.6097015;-23.6174165 -46.610301;132;39;31
20;Thu Mar 14 21:26:41 2019;-23.618161790278,-46.6096885741109;-23.6174264740262,-46.6102740696322;-23.6181771 -46.6097015;-23.6174165 -46.610301;132;39;31
21;Thu Mar 14 21:27:42 2019;-23.618161790278,-46.6096885741109;-23.6174264740262,-46.6102740696322;-23.6181771 -46.6097015;-23.6174165 -46.610301;132;39;32
22;Thu Mar 14 21:28:42 2019;-23.618161790278,-46.6096885741109;-23.6174264740262,-46.6102740696322;-23.6181771 -46.6097015;-23.6174165 -46.610301;132;39;31
23;Thu Mar 14 21:29:41 2019;-23.618161790278,-46.6096885741109;-23.6174264740262,-46.6102740696322;-23.6181771 -46.6097015;-23.6174165 -46.610301;132;39;31
24;Thu Mar 14 21:30:41 2019;-23.618161790278,-46.6096885741109;-23.6174264740262,-46.6102740696322;-23.6181771 -46.6097015;-23.6174165 -46.610301;132;39;31
25;Thu Mar 14 21:31:42 2019;-23.618161790278,-46.6096885741109;-23.6174264740262,-46.6102740696322;-23.6181771 -46.6097015;-23.6174165 -46.610301;132;39;31
26;Thu Mar 14 21:32:42 2019;-23.618161790278,-46.6096885741109;-23.6174264740262,-46.6102740696322;-23.6181771 -46.6097015;-23.6174165 -46.610301;132;39;31
27;Thu Mar 14 21:33:42 2019;-23.618161790278,-46.6096885741109;-23.6174264740262,-46.6102740696322;-23.6181771 -46.6097015;-23.6174165 -46.610301;132;39;31
28;Thu Mar 14 21:34:41 2019;-23.618161790278,-46.6096885741109;-23.6174264740262,-46.6102740696322;-23.6181771 -46.6097015;-23.6174165 -46.610301;132;39;32
29;Thu Mar 14 21:35:42 2019;-23.618161790278,-46.6096885741109;-23.6174264740262,-46.6102740696322;-23.6181771 -46.6097015;-23.6174165 -46.610301;132;39;31
30;Thu Mar 14 21:36:42 2019;-23.618161790278,-46.6096885741109;-23.6174264740262,-46.6102740696322;-23.6181771 -46.6097015;-23.6174165 -46.610301;132;39;31
31;Thu Mar 14 21:37:44 2019;-23.618161790278,-46.6096885741109;-23.6174264740262,-46.6102740696322;-23.6181771 -46.6097015;-23.6174165 -46.610301;132;39;30
32;Thu Mar 14 21:38:41 2019;-23.618161790278,-46.6096885741109;-23.6174264740262,-46.6102740696322;-23.6181771 -46.6097015;-23.6174165 -46.610301;132;39;30
33;Thu Mar 14 21:39:42 2019;-23.618161790278,-46.6096885741109;-23.6174264740262,-46.6102740696322;-23.6181771 -46.6097015;-23.6174165 -46.610301;132;39;30
34;Thu Mar 14 21:40:41 2019;-23.618161790278,-46.6096885741109;-23.6174264740262,-46.6102740696322;-23.6181771 -46.6097015;-23.6174165 -46.610301;132;39;30
35;Thu Mar 14 21:41:42 2019;-23.618161790278,-46.6096885741109;-23.6174264740262,-46.6102740696322;-23.6181771 -46.6097015;-23.6174165 -46.610301;132;39;30
36;Thu Mar 14 21:42:41 2019;-23.618161790278,-46.6096885741109;-23.6174264740262,-46.6102740696322;-23.6181771 -46.6097015;-23.6174165 -46.610301;132;39;30
37;Thu Mar 14 21:43:42 2019;-23.618161790278,-46.6096885741109;-23.6174264740262,-46.6102740696322;-23.6181771 -46.6097015;-23.6174165 -46.610301;132;39;30
38;Thu Mar 14 21:44:42 2019;-23.618161790278,-46.6096885741109;-23.6174264740262,-46.6102740696322;-23.6181771 -46.6097015;-23.6174165 -46.610301;132;39;32
39;Thu Mar 14 21:45:42 2019;-23.618161790278,-46.6096885741109;-23.6174264740262,-46.6102740696322;-23.6181771 -46.6097015;-23.6174165 -46.610301;132;39;31
40;Thu Mar 14 21:46:41 2019;-23.618161790278,-46.6096885741109;-23.6174264740262,-46.6102740696322;-23.6181771 -46.6097015;-23.6174165 -46.610301;132;39;31
41;Thu Mar 14 21:47:42 2019;-23.618161790278,-46.6096885741109;-23.6174264740262,-46.6102740696322;-23.6181771 -46.6097015;-23.6174165 -46.610301;132;39;31
42;Thu Mar 14 21:48:42 2019;-23.618161790278,-46.6096885741109;-23.6174264740262,-46.6102740696322;-23.6181771 -46.6097015;-23.6174165 -46.610301;132;39;31
43;Thu Mar 14 21:49:42 2019;-23.618161790278,-46.6096885741109;-23.6174264740262,-46.6102740696322;-23.6181771 -46.6097015;-23.6174165 -46.610301;132;39;32
44;Thu Mar 14 21:50:42 2019;-23.618161790278,-46.6096885741109;-23.6174264740262,-46.6102740696322;-23.6181771 -46.6097015;-23.6174165 -46.610301;132;39;32
45;Thu Mar 14 21:51:41 2019;-23.618161790278,-46.6096885741109;-23.6174264740262,-46.6102740696322;-23.6181771 -46.6097015;-23.6174165 -46.610301;132;39;31
46;Thu Mar 14 21:52:43 2019;-23.618161790278,-46.6096885741109;-23.6174264740262,-46.6102740696322;-23.6181771 -46.6097015;-23.6174165 -46.610301;132;39;31
47;Thu Mar 14 21:53:42 2019;-23.618161790278,-46.6096885741109;-23.6174264740262,-46.6102740696322;-23.6181771 -46.6097015;-23.6174165 -46.610301;132;39;30
48;Thu Mar 14 21:54:42 2019;-23.618161790278,-46.6096885741109;-23.6174264740262,-46.6102740696322;-23.6181771 -46.6097015;-23.6174165 -46.610301;132;39;30
49;Thu Mar 14 21:55:42 2019;-23.618161790278,-46.6096885741109;-23.6174264740262,-46.6102740696322;-23.6181771 -46.6097015;-23.6174165 -46.610301;132;39;30
50;Thu Mar 14 21:56:41 2019;-23.618161790278,-46.6096885741109;-23.6174264740262,-46.6102740696322;-23.6181771 -46.6097015;-23.6174165 -46.610301;132;39;30
51;Thu Mar 14 21:57:42 2019;-23.618161790278,-46.6096885741109;-23.6174264740262,-46.6102740696322;-23.6181771 -46.6097015;-23.6174165 -46.610301;132;39;30
52;Thu Mar 14 21:58:42 2019;-23.618161790278,-46.6096885741109;-23.6174264740262,-46.6102740696322;-23.6181771 -46.6097015;-23.6174165 -46.610301;132;39;30
53;Thu Mar 14 21:59:42 2019;-23.618161790278,-46.6096885741109;-23.6174264740262,-46.6102740696322;-23.6181771 -46.6097015;-23.6174165 -46.610301;132;39;30
54;Thu Mar 14 22:00:42 2019;-23.618161790278,-46.6096885741109;-23.6174264740262,-46.6102740696322;-23.6181771 -46.6097015;-23.6174165 -46.610301;132;39;30
55;Thu Mar 14 22:01:41 2019;-23.618161790278,-46.6096885741109;-23.6174264740262,-46.6102740696322;-23.6181771 -46.6097015;-23.6174165 -46.610301;132;39;31
56;Thu Mar 14 22:02:42 2019;-23.618161790278,-46.6096885741109;-23.6174264740262,-46.6102740696322;-23.6181771 -46.6097015;-23.6174165 -46.610301;132;39;31
57;Thu Mar 14 22:03:41 2019;-23.618161790278,-46.6096885741109;-23.6174264740262,-46.6102740696322;-23.6181771 -46.6097015;-23.6174165 -46.610301;132;39;31
58;Thu Mar 14 22:04:42 2019;-23.618161790278,-46.6096885741109;-23.6174264740262,-46.6102740696322;-23.6181771 -46.6097015;-23.6174165 -46.610301;132;39;32
59;Thu Mar 14 22:05:42 2019;-23.618161790278,-46.6096885741109;-23.6174264740262,-46.6102740696322;-23.6181771 -46.6097015;-23.6174165 -46.610301;132;39;31
60;Thu Mar 14 22:06:42 2019;-23.618161790278,-46.6096885741109;-23.6174264740262,-46.6102740696322;-23.6181771 -46.6097015;-23.6174165 -46.610301;132;39;30
61;Thu Mar 14 22:07:43 2019;-23.618161790278,-46.6096885741109;-23.6174264740262,-46.6102740696322;-23.6181771 -46.6097015;-23.6174165 -46.610301;132;39;30
62;Thu Mar 14 22:08:42 2019;-23.618161790278,-46.6096885741109;-23.6174264740262,-46.6102740696322;-23.6181771 -46.6097015;-23.6174165 -46.610301;132;39;30
63;Thu Mar 14 22:09:42 2019;-23.618161790278,-46.6096885741109;-23.6174264740262,-46.6102740696322;-23.6181771 -46.6097015;-23.6174165 -46.610301;132;39;30
64;Thu Mar 14 22:10:42 2019;-23.618161790278,-46.6096885741109;-23.6174264740262,-46.6102740696322;-23.6181771 -46.6097015;-23.6174165 -46.610301;132;39;30
65;Thu Mar 14 22:11:42 2019;-23.618161790278,-46.6096885741109;-23.6174264740262,-46.6102740696322;-23.6181771 -46.6097015;-23.6174165 -46.610301;132;39;30
66;Thu Mar 14 22:12:41 2019;-23.618161790278,-46.6096885741109;-23.6174264740262,-46.6102740696322;-23.6181771 -46.6097015;-23.6174165 -46.610301;132;39;30
67;Thu Mar 14 22:13:41 2019;-23.618161790278,-46.6096885741109;-23.6174264740262,-46.6102740696322;-23.6181771 -46.6097015;-23.6174165 -46.610301;132;39;30
68;Thu Mar 14 22:14:42 2019;-23.618161790278,-46.6096885741109;-23.6174264740262,-46.6102740696322;-23.6181771 -46.6097015;-23.6174165 -46.610301;132;39;32
69;Thu Mar 14 22:15:41 2019;-23.618161790278,-46.6096885741109;-23.6174264740262,-46.6102740696322;-23.6181771 -46.6097015;-23.6174165 -46.610301;132;39;32
70;Thu Mar 14 22:16:41 2019;-23.618161790278,-46.6096885741109;-23.6174264740262,-46.6102740696322;-23.6181771 -46.6097015;-23.6174165 -46.610301;132;39;31
71;Thu Mar 14 22:17:42 2019;-23.618161790278,-46.6096885741109;-23.6174264740262,-46.6102740696322;-23.6181771 -46.6097015;-23.6174165 -46.610301;132;39;33
72;Thu Mar 14 22:18:42 2019;-23.618161790278,-46.6096885741109;-23.6174264740262,-46.6102740696322;-23.6181771 -46.6097015;-23.6174165 -46.610301;132;39;32
73;Thu Mar 14 22:19:42 2019;-23.618161790278,-46.6096885741109;-23.6174264740262,-46.6102740696322;-23.6181771 -46.6097015;-23.6174165 -46.610301;132;39;33
74;Thu Mar 14 22:20:42 2019;-23.618161790278,-46.6096885741109;-23.6174264740262,-46.6102740696322;-23.6181771 -46.6097015;-23.6174165 -46.610301;132;39;33
75;Thu Mar 14 22:21:41 2019;-23.618161790278,-46.6096885741109;-23.6174264740262,-46.6102740696322;-23.6181771 -46.6097015;-23.6174165 -46.610301;132;39;32
76;Thu Mar 14 22:22:44 2019;-23.618161790278,-46.6096885741109;-23.6174264740262,-46.6102740696322;-23.6181771 -46.6097015;-23.6174165 -46.610301;132;39;32
77;Thu Mar 14 22:23:42 2019;-23.618161790278,-46.6096885741109;-23.6174264740262,-46.6102740696322;-23.6181771 -46.6097015;-23.6174165 -46.610301;132;39;32
78;Thu Mar 14 22:24:41 2019;-23.618161790278,-46.6096885741109;-23.6174264740262,-46.6102740696322;-23.6181771 -46.6097015;-23.6174165 -46.610301;132;39;32
79;Thu Mar 14 22:25:42 2019;-23.618161790278,-46.6096885741109;-23.6174264740262,-46.6102740696322;-23.6181771 -46.6097015;-23.6174165 -46.610301;132;39;31
80;Thu Mar 14 22:26:42 2019;-23.618161790278,-46.6096885741109;-23.6174264740262,-46.6102740696322;-23.6181771 -46.6097015;-23.6174165 -46.610301;132;39;32
81;Thu Mar 14 22:27:42 2019;-23.618161790278,-46.6096885741109;-23.6174264740262,-46.6102740696322;-23.6181771 -46.6097015;-23.6174165 -46.610301;132;39;32
82;Thu Mar 14 22:28:42 2019;-23.618161790278,-46.6096885741109;-23.6174264740262,-46.6102740696322;-23.6181771 -46.6097015;-23.6174165 -46.610301;132;39;32
83;Thu Mar 14 22:29:42 2019;-23.618161790278,-46.6096885741109;-23.6174264740262,-46.6102740696322;-23.6181771 -46.6097015;-23.6174165 -46.610301;132;39;32
84;Thu Mar 14 22:30:42 2019;-23.618161790278,-46.6096885741109;-23.6174264740262,-46.6102740696322;-23.6181771 -46.6097015;-23.6174165 -46.610301;132;39;35
85;Thu Mar 14 22:31:42 2019;-23.618161790278,-46.6096885741109;-23.6174264740262,-46.6102740696322;-23.6181771 -46.6097015;-23.6174165 -46.610301;132;39;35
86;Thu Mar 14 22:32:42 2019;-23.618161790278,-46.6096885741109;-23.6174264740262,-46.6102740696322;-23.6181771 -46.6097015;-23.6174165 -46.610301;132;39;35
87;Thu Mar 14 22:33:42 2019;-23.618161790278,-46.6096885741109;-23.6174264740262,-46.6102740696322;-23.6181771 -46.6097015;-23.6174165 -46.610301;132;39;34
88;Thu Mar 14 22:34:41 2019;-23.618161790278,-46.6096885741109;-23.6174264740262,-46.6102740696322;-23.6181771 -46.6097015;-23.6174165 -46.610301;132;39;34
89;Thu Mar 14 22:35:41 2019;-23.618161790278,-46.6096885741109;-23.6174264740262,-46.6102740696322;-23.6181771 -46.6097015;-23.6174165 -46.610301;132;39;32
90;Thu Mar 14 22:36:42 2019;-23.618161790278,-46.6096885741109;-23.6174264740262,-46.6102740696322;-23.6181771 -46.6097015;-23.6174165 -46.610301;132;39;33
91;Thu Mar 14 22:37:43 2019;-23.618161790278,-46.6096885741109;-23.6174264740262,-46.6102740696322;-23.6181771 -46.6097015;-23.6174165 -46.610301;132;39;32
92;Thu Mar 14 22:38:42 2019;-23.618161790278,-46.6096885741109;-23.6174264740262,-46.6102740696322;-23.6181771 -46.6097015;-23.6174165 -46.610301;132;39;33
93;Thu Mar 14 22:39:42 2019;-23.618161790278,-46.6096885741109;-23.6174264740262,-46.6102740696322;-23.6181771 -46.6097015;-23.6174165 -46.610301;132;39;33
94;Thu Mar 14 22:40:42 2019;-23.618161790278,-46.6096885741109;-23.6174264740262,-46.6102740696322;-23.6181771 -46.6097015;-23.6174165 -46.610301;132;39;33
95;Thu Mar 14 22:41:41 2019;-23.618161790278,-46.6096885741109;-23.6174264740262,-46.6102740696322;-23.6181771 -46.6097015;-23.6174165 -46.610301;132;39;34
96;Thu Mar 14 22:42:41 2019;-23.618161790278,-46.6096885741109;-23.6174264740262,-46.6102740696322;-23.6181771 -46.6097015;-23.6174165 -46.610301;132;39;33
97;Thu Mar 14 22:43:42 2019;-23.618161790278,-46.6096885741109;-23.6174264740262,-46.6102740696322;-23.6181771 -46.6097015;-23.6174165 -46.610301;132;39;33
98;Thu Mar 14 22:44:42 2019;-23.618161790278,-46.6096885741109;-23.6174264740262,-46.6102740696322;-23.6181771 -46.6097015;-23.6174165 -46.610301;132;39;32
99;Thu Mar 14 22:45:42 2019;-23.618161790278,-46.6096885741109;-23.6174264740262,-46.6102740696322;-23.6181771 -46.6097015;-23.6174165 -46.610301;132;39;32
100;Thu Mar 14 22:46:42 2019;-23.618161790278,-46.6096885741109;-23.6174264740262,-46.6102740696322;-23.6181771 -46.6097015;-23.6174165 -46.610301;132;39;32
101;Thu Mar 14 22:47:42 2019;-23.618161790278,-46.6096885741109;-23.6174264740262,-46.6102740696322;-23.6181771 -46.6097015;-23.6174165 -46.610301;132;39;31
102;Thu Mar 14 22:48:42 2019;-23.618161790278,-46.6096885741109;-23.6174264740262,-46.6102740696322;-23.6181771 -46.6097015;-23.6174165 -46.610301;132;39;31
103;Thu Mar 14 22:49:42 2019;-23.618161790278,-46.6096885741109;-23.6174264740262,-46.6102740696322;-23.6181771 -46.6097015;-23.6174165 -46.610301;132;39;31
104;Thu Mar 14 22:50:42 2019;-23.618161790278,-46.6096885741109;-23.6174264740262,-46.6102740696322;-23.6181771 -46.6097015;-23.6174165 -46.610301;132;39;31
105;Thu Mar 14 22:51:42 2019;-23.618161790278,-46.6096885741109;-23.6174264740262,-46.6102740696322;-23.6181771 -46.6097015;-23.6174165 -46.610301;132;39;33
106;Thu Mar 14 22:52:44 2019;-23.618161790278,-46.6096885741109;-23.6174264740262,-46.6102740696322;-23.6181771 -46.6097015;-23.6174165 -46.610301;132;39;32
107;Thu Mar 14 22:53:41 2019;-23.618161790278,-46.6096885741109;-23.6174264740262,-46.6102740696322;-23.6181771 -46.6097015;-23.6174165 -46.610301;132;39;32
108;Thu Mar 14 22:54:42 2019;-23.618161790278,-46.6096885741109;-23.6174264740262,-46.6102740696322;-23.6181771 -46.6097015;-23.6174165 -46.610301;132;39;32
109;Thu Mar 14 22:55:42 2019;-23.618161790278,-46.6096885741109;-23.6174264740262,-46.6102740696322;-23.6181771 -46.6097015;-23.6174165 -46.610301;132;39;31
110;Thu Mar 14 22:56:41 2019;-23.618161790278,-46.6096885741109;-23.6174264740262,-46.6102740696322;-23.6181771 -46.6097015;-23.6174165 -46.610301;132;39;30
111;Thu Mar 14 22:57:42 2019;-23.618161790278,-46.6096885741109;-23.6174264740262,-46.6102740696322;-23.6181771 -46.6097015;-23.6174165 -46.610301;132;39;30
112;Thu Mar 14 22:58:41 2019;-23.618161790278,-46.6096885741109;-23.6174264740262,-46.6102740696322;-23.6181771 -46.6097015;-23.6174165 -46.610301;132;39;30
113;Thu Mar 14 22:59:42 2019;-23.618161790278,-46.6096885741109;-23.6174264740262,-46.6102740696322;-23.6181771 -46.6097015;-23.6174165 -46.610301;132;39;30
114;Thu Mar 14 23:00:42 2019;-23.618161790278,-46.6096885741109;-23.6174264740262,-46.6102740696322;-23.6181771 -46.6097015;-23.6174165 -46.610301;132;39;30
115;Thu Mar 14 23:01:41 2019;-23.618161790278,-46.6096885741109;-23.6174264740262,-46.6102740696322;-23.6181771 -46.6097015;-23.6174165 -46.610301;132;39;29
116;Thu Mar 14 23:02:41 2019;-23.618161790278,-46.6096885741109;-23.6174264740262,-46.6102740696322;-23.6181771 -46.6097015;-23.6174165 -46.610301;132;39;29
117;Thu Mar 14 23:03:41 2019;-23.618161790278,-46.6096885741109;-23.6174264740262,-46.6102740696322;-23.6181771 -46.6097015;-23.6174165 -46.610301;132;39;30
118;Thu Mar 14 23:04:42 2019;-23.618161790278,-46.6096885741109;-23.6174264740262,-46.6102740696322;-23.6181771 -46.6097015;-23.6174165 -46.610301;132;39;30
119;Thu Mar 14 23:05:42 2019;-23.618161790278,-46.6096885741109;-23.6174264740262,-46.6102740696322;-23.6181771 -46.6097015;-23.6174165 -46.610301;132;39;29
120;Thu Mar 14 23:06:41 2019;-23.618161790278,-46.6096885741109;-23.6174264740262,-46.6102740696322;-23.6181771 -46.6097015;-23.6174165 -46.610301;132;39;30
121;Thu Mar 14 23:07:43 2019;-23.618161790278,-46.6096885741109;-23.6174264740262,-46.6102740696322;-23.6181771 -46.6097015;-23.6174165 -46.610301;132;39;29
122;Thu Mar 14 23:08:42 2019;-23.618161790278,-46.6096885741109;-23.6174264740262,-46.6102740696322;-23.6181771 -46.6097015;-23.6174165 -46.610301;132;39;30
123;Thu Mar 14 23:09:42 2019;-23.618161790278,-46.6096885741109;-23.6174264740262,-46.6102740696322;-23.6181771 -46.6097015;-23.6174165 -46.610301;132;39;31
124;Thu Mar 14 23:10:42 2019;-23.618161790278,-46.6096885741109;-23.6174264740262,-46.6102740696322;-23.6181771 -46.6097015;-23.6174165 -46.610301;132;39;31
125;Thu Mar 14 23:11:41 2019;-23.618161790278,-46.6096885741109;-23.6174264740262,-46.6102740696322;-23.6181771 -46.6097015;-23.6174165 -46.610301;132;39;30
126;Thu Mar 14 23:12:41 2019;-23.618161790278,-46.6096885741109;-23.6174264740262,-46.6102740696322;-23.6181771 -46.6097015;-23.6174165 -46.610301;132;39;31
127;Thu Mar 14 23:13:41 2019;-23.618161790278,-46.6096885741109;-23.6174264740262,-46.6102740696322;-23.6181771 -46.6097015;-23.6174165 -46.610301;132;39;30
128;Thu Mar 14 23:14:41 2019;-23.618161790278,-46.6096885741109;-23.6174264740262,-46.6102740696322;-23.6181771 -46.6097015;-23.6174165 -46.610301;132;39;30
129;Thu Mar 14 23:15:42 2019;-23.618161790278,-46.6096885741109;-23.6174264740262,-46.6102740696322;-23.6181771 -46.6097015;-23.6174165 -46.610301;132;39;31
130;Thu Mar 14 23:16:42 2019;-23.618161790278,-46.6096885741109;-23.6174264740262,-46.6102740696322;-23.6181771 -46.6097015;-23.6174165 -46.610301;132;39;31
131;Thu Mar 14 23:17:42 2019;-23.618161790278,-46.6096885741109;-23.6174264740262,-46.6102740696322;-23.6181771 -46.6097015;-23.6174165 -46.610301;132;39;31
132;Thu Mar 14 23:18:42 2019;-23.618161790278,-46.6096885741109;-23.6174264740262,-46.6102740696322;-23.6181771 -46.6097015;-23.6174165 -46.610301;132;39;30
133;Thu Mar 14 23:19:41 2019;-23.618161790278,-46.6096885741109;-23.6174264740262,-46.6102740696322;-23.6181771 -46.6097015;-23.6174165 -46.610301;132;39;29
134;Thu Mar 14 23:20:41 2019;-23.618161790278,-46.6096885741109;-23.6174264740262,-46.6102740696322;-23.6181771 -46.6097015;-23.6174165 -46.610301;132;39;29
135;Thu Mar 14 23:21:42 2019;-23.618161790278,-46.6096885741109;-23.6174264740262,-46.6102740696322;-23.6181771 -46.6097015;-23.6174165 -46.610301;132;39;29
136;Thu Mar 14 23:22:43 2019;-23.618161790278,-46.6096885741109;-23.6174264740262,-46.6102740696322;-23.6181771 -46.6097015;-23.6174165 -46.610301;132;39;30
137;Thu Mar 14 23:23:42 2019;-23.618161790278,-46.6096885741109;-23.6174264740262,-46.6102740696322;-23.6181771 -46.6097015;-23.6174165 -46.610301;132;39;30
138;Thu Mar 14 23:24:41 2019;-23.618161790278,-46.6096885741109;-23.6174264740262,-46.6102740696322;-23.6181771 -46.6097015;-23.6174165 -46.610301;132;39;29
139;Thu Mar 14 23:25:42 2019;-23.618161790278,-46.6096885741109;-23.6174264740262,-46.6102740696322;-23.6181771 -46.6097015;-23.6174165 -46.610301;132;39;30
140;Thu Mar 14 23:26:41 2019;-23.618161790278,-46.6096885741109;-23.6174264740262,-46.6102740696322;-23.6181771 -46.6097015;-23.6174165 -46.610301;132;39;30
141;Thu Mar 14 23:27:42 2019;-23.618161790278,-46.6096885741109;-23.6174264740262,-46.6102740696322;-23.6181771 -46.6097015;-23.6174165 -46.610301;132;39;29
142;Thu Mar 14 23:28:41 2019;-23.618161790278,-46.6096885741109;-23.6174264740262,-46.6102740696322;-23.6181771 -46.6097015;-23.6174165 -46.610301;132;39;30
143;Thu Mar 14 23:29:41 2019;-23.618161790278,-46.6096885741109;-23.6174264740262,-46.6102740696322;-23.6181771 -46.6097015;-23.6174165 -46.610301;132;39;29
144;Thu Mar 14 23:30:42 2019;-23.618161790278,-46.6096885741109;-23.6174264740262,-46.6102740696322;-23.6181771 -46.6097015;-23.6174165 -46.610301;132;39;30
145;Thu Mar 14 23:31:42 2019;-23.618161790278,-46.6096885741109;-23.6174264740262,-46.6102740696322;-23.6181771 -46.6097015;-23.6174165 -46.610301;132;39;30
146;Thu Mar 14 23:32:41 2019;-23.618161790278,-46.6096885741109;-23.6174264740262,-46.6102740696322;-23.6181771 -46.6097015;-23.6174165 -46.610301;132;39;30
147;Thu Mar 14 23:33:42 2019;-23.618161790278,-46.6096885741109;-23.6174264740262,-46.6102740696322;-23.6181771 -46.6097015;-23.6174165 -46.610301;132;39;30
148;Thu Mar 14 23:34:41 2019;-23.618161790278,-46.6096885741109;-23.6174264740262,-46.6102740696322;-23.6181771 -46.6097015;-23.6174165 -46.610301;132;39;31
149;Thu Mar 14 23:35:42 2019;-23.618161790278,-46.6096885741109;-23.6174264740262,-46.6102740696322;-23.6181771 -46.6097015;-23.6174165 -46.610301;132;39;31
150;Thu Mar 14 23:36:41 2019;-23.618161790278,-46.6096885741109;-23.6174264740262,-46.6102740696322;-23.6181771 -46.6097015;-23.6174165 -46.610301;132;39;32
151;Thu Mar 14 23:37:43 2019;-23.618161790278,-46.6096885741109;-23.6174264740262,-46.6102740696322;-23.6181771 -46.6097015;-23.6174165 -46.610301;132;39;32
152;Thu Mar 14 23:38:42 2019;-23.618161790278,-46.6096885741109;-23.6174264740262,-46.6102740696322;-23.6181771 -46.6097015;-23.6174165 -46.610301;132;39;32
153;Thu Mar 14 23:39:42 2019;-23.618161790278,-46.6096885741109;-23.6174264740262,-46.6102740696322;-23.6181771 -46.6097015;-23.6174165 -46.610301;132;39;32
154;Thu Mar 14 23:40:41 2019;-23.618161790278,-46.6096885741109;-23.6174264740262,-46.6102740696322;-23.6181771 -46.6097015;-23.6174165 -46.610301;132;39;32
155;Thu Mar 14 23:41:41 2019;-23.618161790278,-46.6096885741109;-23.6174264740262,-46.6102740696322;-23.6181771 -46.6097015;-23.6174165 -46.610301;132;39;32
156;Thu Mar 14 23:42:42 2019;-23.618161790278,-46.6096885741109;-23.6174264740262,-46.6102740696322;-23.6181771 -46.6097015;-23.6174165 -46.610301;132;39;32
157;Thu Mar 14 23:43:42 2019;-23.618161790278,-46.6096885741109;-23.6174264740262,-46.6102740696322;-23.6181771 -46.6097015;-23.6174165 -46.610301;132;39;32
158;Thu Mar 14 23:44:42 2019;-23.618161790278,-46.6096885741109;-23.6174264740262,-46.6102740696322;-23.6181771 -46.6097015;-23.6174165 -46.610301;132;39;32
159;Thu Mar 14 23:45:41 2019;-23.618161790278,-46.6096885741109;-23.6174264740262,-46.6102740696322;-23.6181771 -46.6097015;-23.6174165 -46.610301;132;39;33
160;Thu Mar 14 23:46:42 2019;-23.618161790278,-46.6096885741109;-23.6174264740262,-46.6102740696322;-23.6181771 -46.6097015;-23.6174165 -46.610301;132;39;32
161;Thu Mar 14 23:47:42 2019;-23.618161790278,-46.6096885741109;-23.6174264740262,-46.6102740696322;-23.6181771 -46.6097015;-23.6174165 -46.610301;132;39;31
162;Thu Mar 14 23:48:42 2019;-23.618161790278,-46.6096885741109;-23.6174264740262,-46.6102740696322;-23.6181771 -46.6097015;-23.6174165 -46.610301;132;39;31
163;Thu Mar 14 23:49:41 2019;-23.618161790278,-46.6096885741109;-23.6174264740262,-46.6102740696322;-23.6181771 -46.6097015;-23.6174165 -46.610301;132;39;31
164;Thu Mar 14 23:50:42 2019;-23.618161790278,-46.6096885741109;-23.6174264740262,-46.6102740696322;-23.6181771 -46.6097015;-23.6174165 -46.610301;132;39;31
165;Thu Mar 14 23:51:42 2019;-23.618161790278,-46.6096885741109;-23.6174264740262,-46.6102740696322;-23.6181771 -46.6097015;-23.6174165 -46.610301;132;39;31
166;Thu Mar 14 23:52:43 2019;-23.618161790278,-46.6096885741109;-23.6174264740262,-46.6102740696322;-23.6181771 -46.6097015;-23.6174165 -46.610301;132;39;31
167;Thu Mar 14 23:53:42 2019;-23.618161790278,-46.6096885741109;-23.6174264740262,-46.6102740696322;-23.6181771 -46.6097015;-23.6174165 -46.610301;132;39;32
168;Thu Mar 14 23:54:41 2019;-23.618161790278,-46.6096885741109;-23.6174264740262,-46.6102740696322;-23.6181771 -46.6097015;-23.6174165 -46.610301;132;39;32
169;Thu Mar 14 23:55:42 2019;-23.618161790278,-46.6096885741109;-23.6174264740262,-46.6102740696322;-23.6181771 -46.6097015;-23.6174165 -46.610301;132;39;32
170;Thu Mar 14 23:56:42 2019;-23.618161790278,-46.6096885741109;-23.6174264740262,-46.6102740696322;-23.6181771 -46.6097015;-23.6174165 -46.610301;132;39;32
171;Thu Mar 14 23:57:42 2019;-23.618161790278,-46.6096885741109;-23.6174264740262,-46.6102740696322;-23.6181771 -46.6097015;-23.6174165 -46.610301;132;39;33
172;Thu Mar 14 23:58:42 2019;-23.618161790278,-46.6096885741109;-23.6174264740262,-46.6102740696322;-23.6181771 -46.6097015;-23.6174165 -46.610301;132;39;32
173;Thu Mar 14 23:59:41 2019;-23.618161790278,-46.6096885741109;-23.6174264740262,-46.6102740696322;-23.6181771 -46.6097015;-23.6174165 -46.610301;132;39;31
