38972;Thu Mar 14 00:00:10 2019;-23.5906284496643,-46.6326373943149;-23.5893,-46.6336;-23.5906252 -46.6326387;-23.5890733 -46.6336419;549;139;132
39213;Thu Mar 14 04:01:16 2019;-23.5906284496643,-46.6326373943149;-23.5893,-46.6336;-23.5906252 -46.6326387;-23.5890733 -46.6336419;549;139;104
39214;Thu Mar 14 04:02:09 2019;-23.5906284496643,-46.6326373943149;-23.5893,-46.6336;-23.5906252 -46.6326387;-23.5890733 -46.6336419;549;139;112
39215;Thu Mar 14 04:03:10 2019;-23.5906284496643,-46.6326373943149;-23.5893,-46.6336;-23.5906252 -46.6326387;-23.5890733 -46.6336419;549;139;112
39216;Thu Mar 14 04:04:10 2019;-23.5906284496643,-46.6326373943149;-23.5893,-46.6336;-23.5906252 -46.6326387;-23.5890733 -46.6336419;549;139;112
39217;Thu Mar 14 04:05:10 2019;-23.5906284496643,-46.6326373943149;-23.5893,-46.6336;-23.5906252 -46.6326387;-23.5890733 -46.6336419;549;139;112
39218;Thu Mar 14 04:06:09 2019;-23.5906284496643,-46.6326373943149;-23.5893,-46.6336;-23.5906252 -46.6326387;-23.5890733 -46.6336419;549;139;112
39219;Thu Mar 14 04:07:10 2019;-23.5906284496643,-46.6326373943149;-23.5893,-46.6336;-23.5906252 -46.6326387;-23.5890733 -46.6336419;549;139;112
39220;Thu Mar 14 04:08:10 2019;-23.5906284496643,-46.6326373943149;-23.5893,-46.6336;-23.5906252 -46.6326387;-23.5890733 -46.6336419;549;139;111
39221;Thu Mar 14 04:09:10 2019;-23.5906284496643,-46.6326373943149;-23.5893,-46.6336;-23.5906252 -46.6326387;-23.5890733 -46.6336419;549;139;110
39222;Thu Mar 14 04:10:10 2019;-23.5906284496643,-46.6326373943149;-23.5893,-46.6336;-23.5906252 -46.6326387;-23.5890733 -46.6336419;549;139;110
1;Thu Mar 14 21:07:48 2019;-23.5906284496643,-46.6326373943149;-23.5893,-46.6336;-23.5906252 -46.6326387;-23.5890733 -46.6336419;549;139;157
2;Thu Mar 14 21:08:46 2019;-23.5906284496643,-46.6326373943149;-23.5893,-46.6336;-23.5906252 -46.6326387;-23.5890733 -46.6336419;549;139;156
3;Thu Mar 14 21:09:43 2019;-23.5906284496643,-46.6326373943149;-23.5893,-46.6336;-23.5906252 -46.6326387;-23.5890733 -46.6336419;549;139;165
4;Thu Mar 14 21:10:43 2019;-23.5906284496643,-46.6326373943149;-23.5893,-46.6336;-23.5906252 -46.6326387;-23.5890733 -46.6336419;549;139;164
5;Thu Mar 14 21:11:44 2019;-23.5906284496643,-46.6326373943149;-23.5893,-46.6336;-23.5906252 -46.6326387;-23.5890733 -46.6336419;549;139;164
6;Thu Mar 14 21:12:43 2019;-23.5906284496643,-46.6326373943149;-23.5893,-46.6336;-23.5906252 -46.6326387;-23.5890733 -46.6336419;549;139;134
7;Thu Mar 14 21:13:43 2019;-23.5906284496643,-46.6326373943149;-23.5893,-46.6336;-23.5906252 -46.6326387;-23.5890733 -46.6336419;549;139;135
8;Thu Mar 14 21:14:44 2019;-23.5906284496643,-46.6326373943149;-23.5893,-46.6336;-23.5906252 -46.6326387;-23.5890733 -46.6336419;549;139;134
9;Thu Mar 14 21:15:43 2019;-23.5906284496643,-46.6326373943149;-23.5893,-46.6336;-23.5906252 -46.6326387;-23.5890733 -46.6336419;549;139;135
10;Thu Mar 14 21:16:44 2019;-23.5906284496643,-46.6326373943149;-23.5893,-46.6336;-23.5906252 -46.6326387;-23.5890733 -46.6336419;549;139;164
11;Thu Mar 14 21:17:44 2019;-23.5906284496643,-46.6326373943149;-23.5893,-46.6336;-23.5906252 -46.6326387;-23.5890733 -46.6336419;549;139;164
12;Thu Mar 14 21:18:44 2019;-23.5906284496643,-46.6326373943149;-23.5893,-46.6336;-23.5906252 -46.6326387;-23.5890733 -46.6336419;549;139;170
13;Thu Mar 14 21:19:44 2019;-23.5906284496643,-46.6326373943149;-23.5893,-46.6336;-23.5906252 -46.6326387;-23.5890733 -46.6336419;549;139;158
14;Thu Mar 14 21:20:44 2019;-23.5906284496643,-46.6326373943149;-23.5893,-46.6336;-23.5906252 -46.6326387;-23.5890733 -46.6336419;549;139;181
15;Thu Mar 14 21:21:44 2019;-23.5906284496643,-46.6326373943149;-23.5893,-46.6336;-23.5906252 -46.6326387;-23.5890733 -46.6336419;549;139;168
16;Thu Mar 14 21:22:49 2019;-23.5906284496643,-46.6326373943149;-23.5893,-46.6336;-23.5906252 -46.6326387;-23.5890733 -46.6336419;549;139;184
17;Thu Mar 14 21:23:43 2019;-23.5906284496643,-46.6326373943149;-23.5893,-46.6336;-23.5906252 -46.6326387;-23.5890733 -46.6336419;549;139;222
18;Thu Mar 14 21:24:44 2019;-23.5906284496643,-46.6326373943149;-23.5893,-46.6336;-23.5906252 -46.6326387;-23.5890733 -46.6336419;549;139;175
19;Thu Mar 14 21:25:44 2019;-23.5906284496643,-46.6326373943149;-23.5893,-46.6336;-23.5906252 -46.6326387;-23.5890733 -46.6336419;549;139;140
20;Thu Mar 14 21:26:43 2019;-23.5906284496643,-46.6326373943149;-23.5893,-46.6336;-23.5906252 -46.6326387;-23.5890733 -46.6336419;549;139;145
21;Thu Mar 14 21:27:44 2019;-23.5906284496643,-46.6326373943149;-23.5893,-46.6336;-23.5906252 -46.6326387;-23.5890733 -46.6336419;549;139;142
22;Thu Mar 14 21:28:43 2019;-23.5906284496643,-46.6326373943149;-23.5893,-46.6336;-23.5906252 -46.6326387;-23.5890733 -46.6336419;549;139;154
23;Thu Mar 14 21:29:43 2019;-23.5906284496643,-46.6326373943149;-23.5893,-46.6336;-23.5906252 -46.6326387;-23.5890733 -46.6336419;549;139;187
24;Thu Mar 14 21:30:43 2019;-23.5906284496643,-46.6326373943149;-23.5893,-46.6336;-23.5906252 -46.6326387;-23.5890733 -46.6336419;549;139;182
25;Thu Mar 14 21:31:44 2019;-23.5906284496643,-46.6326373943149;-23.5893,-46.6336;-23.5906252 -46.6326387;-23.5890733 -46.6336419;549;139;151
26;Thu Mar 14 21:32:43 2019;-23.5906284496643,-46.6326373943149;-23.5893,-46.6336;-23.5906252 -46.6326387;-23.5890733 -46.6336419;549;139;151
27;Thu Mar 14 21:33:44 2019;-23.5906284496643,-46.6326373943149;-23.5893,-46.6336;-23.5906252 -46.6326387;-23.5890733 -46.6336419;549;139;162
28;Thu Mar 14 21:34:43 2019;-23.5906284496643,-46.6326373943149;-23.5893,-46.6336;-23.5906252 -46.6326387;-23.5890733 -46.6336419;549;139;162
29;Thu Mar 14 21:35:44 2019;-23.5906284496643,-46.6326373943149;-23.5893,-46.6336;-23.5906252 -46.6326387;-23.5890733 -46.6336419;549;139;154
30;Thu Mar 14 21:36:44 2019;-23.5906284496643,-46.6326373943149;-23.5893,-46.6336;-23.5906252 -46.6326387;-23.5890733 -46.6336419;549;139;155
31;Thu Mar 14 21:37:49 2019;-23.5906284496643,-46.6326373943149;-23.5893,-46.6336;-23.5906252 -46.6326387;-23.5890733 -46.6336419;549;139;153
32;Thu Mar 14 21:38:43 2019;-23.5906284496643,-46.6326373943149;-23.5893,-46.6336;-23.5906252 -46.6326387;-23.5890733 -46.6336419;549;139;155
33;Thu Mar 14 21:39:44 2019;-23.5906284496643,-46.6326373943149;-23.5893,-46.6336;-23.5906252 -46.6326387;-23.5890733 -46.6336419;549;139;151
34;Thu Mar 14 21:40:43 2019;-23.5906284496643,-46.6326373943149;-23.5893,-46.6336;-23.5906252 -46.6326387;-23.5890733 -46.6336419;549;139;136
35;Thu Mar 14 21:41:43 2019;-23.5906284496643,-46.6326373943149;-23.5893,-46.6336;-23.5906252 -46.6326387;-23.5890733 -46.6336419;549;139;139
36;Thu Mar 14 21:42:43 2019;-23.5906284496643,-46.6326373943149;-23.5893,-46.6336;-23.5906252 -46.6326387;-23.5890733 -46.6336419;549;139;124
37;Thu Mar 14 21:43:44 2019;-23.5906284496643,-46.6326373943149;-23.5893,-46.6336;-23.5906252 -46.6326387;-23.5890733 -46.6336419;549;139;132
38;Thu Mar 14 21:44:43 2019;-23.5906284496643,-46.6326373943149;-23.5893,-46.6336;-23.5906252 -46.6326387;-23.5890733 -46.6336419;549;139;132
39;Thu Mar 14 21:45:43 2019;-23.5906284496643,-46.6326373943149;-23.5893,-46.6336;-23.5906252 -46.6326387;-23.5890733 -46.6336419;549;139;123
40;Thu Mar 14 21:46:43 2019;-23.5906284496643,-46.6326373943149;-23.5893,-46.6336;-23.5906252 -46.6326387;-23.5890733 -46.6336419;549;139;121
41;Thu Mar 14 21:47:44 2019;-23.5906284496643,-46.6326373943149;-23.5893,-46.6336;-23.5906252 -46.6326387;-23.5890733 -46.6336419;549;139;125
42;Thu Mar 14 21:48:44 2019;-23.5906284496643,-46.6326373943149;-23.5893,-46.6336;-23.5906252 -46.6326387;-23.5890733 -46.6336419;549;139;123
43;Thu Mar 14 21:49:44 2019;-23.5906284496643,-46.6326373943149;-23.5893,-46.6336;-23.5906252 -46.6326387;-23.5890733 -46.6336419;549;139;120
44;Thu Mar 14 21:50:44 2019;-23.5906284496643,-46.6326373943149;-23.5893,-46.6336;-23.5906252 -46.6326387;-23.5890733 -46.6336419;549;139;141
45;Thu Mar 14 21:51:43 2019;-23.5906284496643,-46.6326373943149;-23.5893,-46.6336;-23.5906252 -46.6326387;-23.5890733 -46.6336419;549;139;144
46;Thu Mar 14 21:52:47 2019;-23.5906284496643,-46.6326373943149;-23.5893,-46.6336;-23.5906252 -46.6326387;-23.5890733 -46.6336419;549;139;136
47;Thu Mar 14 21:53:44 2019;-23.5906284496643,-46.6326373943149;-23.5893,-46.6336;-23.5906252 -46.6326387;-23.5890733 -46.6336419;549;139;123
48;Thu Mar 14 21:54:43 2019;-23.5906284496643,-46.6326373943149;-23.5893,-46.6336;-23.5906252 -46.6326387;-23.5890733 -46.6336419;549;139;125
49;Thu Mar 14 21:55:44 2019;-23.5906284496643,-46.6326373943149;-23.5893,-46.6336;-23.5906252 -46.6326387;-23.5890733 -46.6336419;549;139;126
50;Thu Mar 14 21:56:43 2019;-23.5906284496643,-46.6326373943149;-23.5893,-46.6336;-23.5906252 -46.6326387;-23.5890733 -46.6336419;549;139;127
51;Thu Mar 14 21:57:44 2019;-23.5906284496643,-46.6326373943149;-23.5893,-46.6336;-23.5906252 -46.6326387;-23.5890733 -46.6336419;549;139;126
52;Thu Mar 14 21:58:43 2019;-23.5906284496643,-46.6326373943149;-23.5893,-46.6336;-23.5906252 -46.6326387;-23.5890733 -46.6336419;549;139;151
53;Thu Mar 14 21:59:44 2019;-23.5906284496643,-46.6326373943149;-23.5893,-46.6336;-23.5906252 -46.6326387;-23.5890733 -46.6336419;549;139;151
54;Thu Mar 14 22:00:44 2019;-23.5906284496643,-46.6326373943149;-23.5893,-46.6336;-23.5906252 -46.6326387;-23.5890733 -46.6336419;549;139;136
55;Thu Mar 14 22:01:43 2019;-23.5906284496643,-46.6326373943149;-23.5893,-46.6336;-23.5906252 -46.6326387;-23.5890733 -46.6336419;549;139;163
56;Thu Mar 14 22:02:44 2019;-23.5906284496643,-46.6326373943149;-23.5893,-46.6336;-23.5906252 -46.6326387;-23.5890733 -46.6336419;549;139;122
57;Thu Mar 14 22:03:43 2019;-23.5906284496643,-46.6326373943149;-23.5893,-46.6336;-23.5906252 -46.6326387;-23.5890733 -46.6336419;549;139;124
58;Thu Mar 14 22:04:43 2019;-23.5906284496643,-46.6326373943149;-23.5893,-46.6336;-23.5906252 -46.6326387;-23.5890733 -46.6336419;549;139;129
59;Thu Mar 14 22:05:43 2019;-23.5906284496643,-46.6326373943149;-23.5893,-46.6336;-23.5906252 -46.6326387;-23.5890733 -46.6336419;549;139;139
60;Thu Mar 14 22:06:44 2019;-23.5906284496643,-46.6326373943149;-23.5893,-46.6336;-23.5906252 -46.6326387;-23.5890733 -46.6336419;549;139;136
61;Thu Mar 14 22:07:47 2019;-23.5906284496643,-46.6326373943149;-23.5893,-46.6336;-23.5906252 -46.6326387;-23.5890733 -46.6336419;549;139;164
62;Thu Mar 14 22:08:43 2019;-23.5906284496643,-46.6326373943149;-23.5893,-46.6336;-23.5906252 -46.6326387;-23.5890733 -46.6336419;549;139;164
63;Thu Mar 14 22:09:44 2019;-23.5906284496643,-46.6326373943149;-23.5893,-46.6336;-23.5906252 -46.6326387;-23.5890733 -46.6336419;549;139;131
64;Thu Mar 14 22:10:43 2019;-23.5906284496643,-46.6326373943149;-23.5893,-46.6336;-23.5906252 -46.6326387;-23.5890733 -46.6336419;549;139;122
65;Thu Mar 14 22:11:44 2019;-23.5906284496643,-46.6326373943149;-23.5893,-46.6336;-23.5906252 -46.6326387;-23.5890733 -46.6336419;549;139;135
66;Thu Mar 14 22:12:43 2019;-23.5906284496643,-46.6326373943149;-23.5893,-46.6336;-23.5906252 -46.6326387;-23.5890733 -46.6336419;549;139;134
67;Thu Mar 14 22:13:43 2019;-23.5906284496643,-46.6326373943149;-23.5893,-46.6336;-23.5906252 -46.6326387;-23.5890733 -46.6336419;549;139;138
68;Thu Mar 14 22:14:44 2019;-23.5906284496643,-46.6326373943149;-23.5893,-46.6336;-23.5906252 -46.6326387;-23.5890733 -46.6336419;549;139;138
69;Thu Mar 14 22:15:43 2019;-23.5906284496643,-46.6326373943149;-23.5893,-46.6336;-23.5906252 -46.6326387;-23.5890733 -46.6336419;549;139;143
70;Thu Mar 14 22:16:43 2019;-23.5906284496643,-46.6326373943149;-23.5893,-46.6336;-23.5906252 -46.6326387;-23.5890733 -46.6336419;549;139;105
71;Thu Mar 14 22:17:44 2019;-23.5906284496643,-46.6326373943149;-23.5893,-46.6336;-23.5906252 -46.6326387;-23.5890733 -46.6336419;549;139;108
72;Thu Mar 14 22:18:43 2019;-23.5906284496643,-46.6326373943149;-23.5893,-46.6336;-23.5906252 -46.6326387;-23.5890733 -46.6336419;549;139;110
73;Thu Mar 14 22:19:44 2019;-23.5906284496643,-46.6326373943149;-23.5893,-46.6336;-23.5906252 -46.6326387;-23.5890733 -46.6336419;549;139;110
74;Thu Mar 14 22:20:43 2019;-23.5906284496643,-46.6326373943149;-23.5893,-46.6336;-23.5906252 -46.6326387;-23.5890733 -46.6336419;549;139;111
75;Thu Mar 14 22:21:43 2019;-23.5906284496643,-46.6326373943149;-23.5893,-46.6336;-23.5906252 -46.6326387;-23.5890733 -46.6336419;549;139;115
76;Thu Mar 14 22:22:48 2019;-23.5906284496643,-46.6326373943149;-23.5893,-46.6336;-23.5906252 -46.6326387;-23.5890733 -46.6336419;549;139;112
77;Thu Mar 14 22:23:44 2019;-23.5906284496643,-46.6326373943149;-23.5893,-46.6336;-23.5906252 -46.6326387;-23.5890733 -46.6336419;549;139;113
78;Thu Mar 14 22:24:43 2019;-23.5906284496643,-46.6326373943149;-23.5893,-46.6336;-23.5906252 -46.6326387;-23.5890733 -46.6336419;549;139;112
79;Thu Mar 14 22:25:44 2019;-23.5906284496643,-46.6326373943149;-23.5893,-46.6336;-23.5906252 -46.6326387;-23.5890733 -46.6336419;549;139;122
80;Thu Mar 14 22:26:44 2019;-23.5906284496643,-46.6326373943149;-23.5893,-46.6336;-23.5906252 -46.6326387;-23.5890733 -46.6336419;549;139;150
81;Thu Mar 14 22:27:44 2019;-23.5906284496643,-46.6326373943149;-23.5893,-46.6336;-23.5906252 -46.6326387;-23.5890733 -46.6336419;549;139;122
82;Thu Mar 14 22:28:43 2019;-23.5906284496643,-46.6326373943149;-23.5893,-46.6336;-23.5906252 -46.6326387;-23.5890733 -46.6336419;549;139;122
83;Thu Mar 14 22:29:44 2019;-23.5906284496643,-46.6326373943149;-23.5893,-46.6336;-23.5906252 -46.6326387;-23.5890733 -46.6336419;549;139;130
84;Thu Mar 14 22:30:43 2019;-23.5906284496643,-46.6326373943149;-23.5893,-46.6336;-23.5906252 -46.6326387;-23.5890733 -46.6336419;549;139;121
85;Thu Mar 14 22:31:44 2019;-23.5906284496643,-46.6326373943149;-23.5893,-46.6336;-23.5906252 -46.6326387;-23.5890733 -46.6336419;549;139;120
86;Thu Mar 14 22:32:43 2019;-23.5906284496643,-46.6326373943149;-23.5893,-46.6336;-23.5906252 -46.6326387;-23.5890733 -46.6336419;549;139;120
87;Thu Mar 14 22:33:44 2019;-23.5906284496643,-46.6326373943149;-23.5893,-46.6336;-23.5906252 -46.6326387;-23.5890733 -46.6336419;549;139;124
88;Thu Mar 14 22:34:43 2019;-23.5906284496643,-46.6326373943149;-23.5893,-46.6336;-23.5906252 -46.6326387;-23.5890733 -46.6336419;549;139;150
89;Thu Mar 14 22:35:43 2019;-23.5906284496643,-46.6326373943149;-23.5893,-46.6336;-23.5906252 -46.6326387;-23.5890733 -46.6336419;549;139;124
90;Thu Mar 14 22:36:43 2019;-23.5906284496643,-46.6326373943149;-23.5893,-46.6336;-23.5906252 -46.6326387;-23.5890733 -46.6336419;549;139;120
91;Thu Mar 14 22:37:48 2019;-23.5906284496643,-46.6326373943149;-23.5893,-46.6336;-23.5906252 -46.6326387;-23.5890733 -46.6336419;549;139;130
92;Thu Mar 14 22:38:45 2019;-23.5906284496643,-46.6326373943149;-23.5893,-46.6336;-23.5906252 -46.6326387;-23.5890733 -46.6336419;549;139;130
93;Thu Mar 14 22:39:44 2019;-23.5906284496643,-46.6326373943149;-23.5893,-46.6336;-23.5906252 -46.6326387;-23.5890733 -46.6336419;549;139;129
94;Thu Mar 14 22:40:44 2019;-23.5906284496643,-46.6326373943149;-23.5893,-46.6336;-23.5906252 -46.6326387;-23.5890733 -46.6336419;549;139;125
95;Thu Mar 14 22:41:43 2019;-23.5906284496643,-46.6326373943149;-23.5893,-46.6336;-23.5906252 -46.6326387;-23.5890733 -46.6336419;549;139;121
96;Thu Mar 14 22:42:43 2019;-23.5906284496643,-46.6326373943149;-23.5893,-46.6336;-23.5906252 -46.6326387;-23.5890733 -46.6336419;549;139;123
97;Thu Mar 14 22:43:43 2019;-23.5906284496643,-46.6326373943149;-23.5893,-46.6336;-23.5906252 -46.6326387;-23.5890733 -46.6336419;549;139;116
98;Thu Mar 14 22:44:44 2019;-23.5906284496643,-46.6326373943149;-23.5893,-46.6336;-23.5906252 -46.6326387;-23.5890733 -46.6336419;549;139;116
99;Thu Mar 14 22:45:44 2019;-23.5906284496643,-46.6326373943149;-23.5893,-46.6336;-23.5906252 -46.6326387;-23.5890733 -46.6336419;549;139;119
100;Thu Mar 14 22:46:44 2019;-23.5906284496643,-46.6326373943149;-23.5893,-46.6336;-23.5906252 -46.6326387;-23.5890733 -46.6336419;549;139;104
101;Thu Mar 14 22:47:44 2019;-23.5906284496643,-46.6326373943149;-23.5893,-46.6336;-23.5906252 -46.6326387;-23.5890733 -46.6336419;549;139;118
102;Thu Mar 14 22:48:43 2019;-23.5906284496643,-46.6326373943149;-23.5893,-46.6336;-23.5906252 -46.6326387;-23.5890733 -46.6336419;549;139;118
103;Thu Mar 14 22:49:44 2019;-23.5906284496643,-46.6326373943149;-23.5893,-46.6336;-23.5906252 -46.6326387;-23.5890733 -46.6336419;549;139;117
104;Thu Mar 14 22:50:44 2019;-23.5906284496643,-46.6326373943149;-23.5893,-46.6336;-23.5906252 -46.6326387;-23.5890733 -46.6336419;549;139;114
105;Thu Mar 14 22:51:44 2019;-23.5906284496643,-46.6326373943149;-23.5893,-46.6336;-23.5906252 -46.6326387;-23.5890733 -46.6336419;549;139;127
106;Thu Mar 14 22:52:49 2019;-23.5906284496643,-46.6326373943149;-23.5893,-46.6336;-23.5906252 -46.6326387;-23.5890733 -46.6336419;549;139;129
107;Thu Mar 14 22:53:43 2019;-23.5906284496643,-46.6326373943149;-23.5893,-46.6336;-23.5906252 -46.6326387;-23.5890733 -46.6336419;549;139;134
108;Thu Mar 14 22:54:44 2019;-23.5906284496643,-46.6326373943149;-23.5893,-46.6336;-23.5906252 -46.6326387;-23.5890733 -46.6336419;549;139;134
109;Thu Mar 14 22:55:43 2019;-23.5906284496643,-46.6326373943149;-23.5893,-46.6336;-23.5906252 -46.6326387;-23.5890733 -46.6336419;549;139;135
110;Thu Mar 14 22:56:43 2019;-23.5906284496643,-46.6326373943149;-23.5893,-46.6336;-23.5906252 -46.6326387;-23.5890733 -46.6336419;549;139;117
111;Thu Mar 14 22:57:44 2019;-23.5906284496643,-46.6326373943149;-23.5893,-46.6336;-23.5906252 -46.6326387;-23.5890733 -46.6336419;549;139;109
112;Thu Mar 14 22:58:43 2019;-23.5906284496643,-46.6326373943149;-23.5893,-46.6336;-23.5906252 -46.6326387;-23.5890733 -46.6336419;549;139;134
113;Thu Mar 14 22:59:44 2019;-23.5906284496643,-46.6326373943149;-23.5893,-46.6336;-23.5906252 -46.6326387;-23.5890733 -46.6336419;549;139;132
114;Thu Mar 14 23:00:44 2019;-23.5906284496643,-46.6326373943149;-23.5893,-46.6336;-23.5906252 -46.6326387;-23.5890733 -46.6336419;549;139;112
115;Thu Mar 14 23:01:43 2019;-23.5906284496643,-46.6326373943149;-23.5893,-46.6336;-23.5906252 -46.6326387;-23.5890733 -46.6336419;549;139;114
116;Thu Mar 14 23:02:43 2019;-23.5906284496643,-46.6326373943149;-23.5893,-46.6336;-23.5906252 -46.6326387;-23.5890733 -46.6336419;549;139;113
117;Thu Mar 14 23:03:43 2019;-23.5906284496643,-46.6326373943149;-23.5893,-46.6336;-23.5906252 -46.6326387;-23.5890733 -46.6336419;549;139;111
118;Thu Mar 14 23:04:44 2019;-23.5906284496643,-46.6326373943149;-23.5893,-46.6336;-23.5906252 -46.6326387;-23.5890733 -46.6336419;549;139;108
119;Thu Mar 14 23:05:43 2019;-23.5906284496643,-46.6326373943149;-23.5893,-46.6336;-23.5906252 -46.6326387;-23.5890733 -46.6336419;549;139;107
120;Thu Mar 14 23:06:43 2019;-23.5906284496643,-46.6326373943149;-23.5893,-46.6336;-23.5906252 -46.6326387;-23.5890733 -46.6336419;549;139;106
121;Thu Mar 14 23:07:47 2019;-23.5906284496643,-46.6326373943149;-23.5893,-46.6336;-23.5906252 -46.6326387;-23.5890733 -46.6336419;549;139;113
122;Thu Mar 14 23:08:44 2019;-23.5906284496643,-46.6326373943149;-23.5893,-46.6336;-23.5906252 -46.6326387;-23.5890733 -46.6336419;549;139;112
123;Thu Mar 14 23:09:44 2019;-23.5906284496643,-46.6326373943149;-23.5893,-46.6336;-23.5906252 -46.6326387;-23.5890733 -46.6336419;549;139;115
124;Thu Mar 14 23:10:43 2019;-23.5906284496643,-46.6326373943149;-23.5893,-46.6336;-23.5906252 -46.6326387;-23.5890733 -46.6336419;549;139;114
125;Thu Mar 14 23:11:43 2019;-23.5906284496643,-46.6326373943149;-23.5893,-46.6336;-23.5906252 -46.6326387;-23.5890733 -46.6336419;549;139;117
126;Thu Mar 14 23:12:43 2019;-23.5906284496643,-46.6326373943149;-23.5893,-46.6336;-23.5906252 -46.6326387;-23.5890733 -46.6336419;549;139;118
127;Thu Mar 14 23:13:43 2019;-23.5906284496643,-46.6326373943149;-23.5893,-46.6336;-23.5906252 -46.6326387;-23.5890733 -46.6336419;549;139;119
128;Thu Mar 14 23:14:44 2019;-23.5906284496643,-46.6326373943149;-23.5893,-46.6336;-23.5906252 -46.6326387;-23.5890733 -46.6336419;549;139;145
129;Thu Mar 14 23:15:44 2019;-23.5906284496643,-46.6326373943149;-23.5893,-46.6336;-23.5906252 -46.6326387;-23.5890733 -46.6336419;549;139;123
130;Thu Mar 14 23:16:43 2019;-23.5906284496643,-46.6326373943149;-23.5893,-46.6336;-23.5906252 -46.6326387;-23.5890733 -46.6336419;549;139;131
131;Thu Mar 14 23:17:43 2019;-23.5906284496643,-46.6326373943149;-23.5893,-46.6336;-23.5906252 -46.6326387;-23.5890733 -46.6336419;549;139;182
132;Thu Mar 14 23:18:44 2019;-23.5906284496643,-46.6326373943149;-23.5893,-46.6336;-23.5906252 -46.6326387;-23.5890733 -46.6336419;549;139;146
133;Thu Mar 14 23:19:43 2019;-23.5906284496643,-46.6326373943149;-23.5893,-46.6336;-23.5906252 -46.6326387;-23.5890733 -46.6336419;549;139;148
134;Thu Mar 14 23:20:43 2019;-23.5906284496643,-46.6326373943149;-23.5893,-46.6336;-23.5906252 -46.6326387;-23.5890733 -46.6336419;549;139;148
135;Thu Mar 14 23:21:44 2019;-23.5906284496643,-46.6326373943149;-23.5893,-46.6336;-23.5906252 -46.6326387;-23.5890733 -46.6336419;549;139;115
136;Thu Mar 14 23:22:46 2019;-23.5906284496643,-46.6326373943149;-23.5893,-46.6336;-23.5906252 -46.6326387;-23.5890733 -46.6336419;549;139;117
137;Thu Mar 14 23:23:44 2019;-23.5906284496643,-46.6326373943149;-23.5893,-46.6336;-23.5906252 -46.6326387;-23.5890733 -46.6336419;549;139;116
138;Thu Mar 14 23:24:43 2019;-23.5906284496643,-46.6326373943149;-23.5893,-46.6336;-23.5906252 -46.6326387;-23.5890733 -46.6336419;549;139;110
139;Thu Mar 14 23:25:43 2019;-23.5906284496643,-46.6326373943149;-23.5893,-46.6336;-23.5906252 -46.6326387;-23.5890733 -46.6336419;549;139;109
140;Thu Mar 14 23:26:43 2019;-23.5906284496643,-46.6326373943149;-23.5893,-46.6336;-23.5906252 -46.6326387;-23.5890733 -46.6336419;549;139;109
141;Thu Mar 14 23:27:43 2019;-23.5906284496643,-46.6326373943149;-23.5893,-46.6336;-23.5906252 -46.6326387;-23.5890733 -46.6336419;549;139;108
142;Thu Mar 14 23:28:43 2019;-23.5906284496643,-46.6326373943149;-23.5893,-46.6336;-23.5906252 -46.6326387;-23.5890733 -46.6336419;549;139;110
143;Thu Mar 14 23:29:43 2019;-23.5906284496643,-46.6326373943149;-23.5893,-46.6336;-23.5906252 -46.6326387;-23.5890733 -46.6336419;549;139;107
144;Thu Mar 14 23:30:44 2019;-23.5906284496643,-46.6326373943149;-23.5893,-46.6336;-23.5906252 -46.6326387;-23.5890733 -46.6336419;549;139;107
145;Thu Mar 14 23:31:44 2019;-23.5906284496643,-46.6326373943149;-23.5893,-46.6336;-23.5906252 -46.6326387;-23.5890733 -46.6336419;549;139;112
146;Thu Mar 14 23:32:43 2019;-23.5906284496643,-46.6326373943149;-23.5893,-46.6336;-23.5906252 -46.6326387;-23.5890733 -46.6336419;549;139;112
147;Thu Mar 14 23:33:44 2019;-23.5906284496643,-46.6326373943149;-23.5893,-46.6336;-23.5906252 -46.6326387;-23.5890733 -46.6336419;549;139;108
148;Thu Mar 14 23:34:43 2019;-23.5906284496643,-46.6326373943149;-23.5893,-46.6336;-23.5906252 -46.6326387;-23.5890733 -46.6336419;549;139;111
149;Thu Mar 14 23:35:44 2019;-23.5906284496643,-46.6326373943149;-23.5893,-46.6336;-23.5906252 -46.6326387;-23.5890733 -46.6336419;549;139;111
150;Thu Mar 14 23:36:43 2019;-23.5906284496643,-46.6326373943149;-23.5893,-46.6336;-23.5906252 -46.6326387;-23.5890733 -46.6336419;549;139;111
151;Thu Mar 14 23:37:46 2019;-23.5906284496643,-46.6326373943149;-23.5893,-46.6336;-23.5906252 -46.6326387;-23.5890733 -46.6336419;549;139;108
152;Thu Mar 14 23:38:43 2019;-23.5906284496643,-46.6326373943149;-23.5893,-46.6336;-23.5906252 -46.6326387;-23.5890733 -46.6336419;549;139;108
153;Thu Mar 14 23:39:43 2019;-23.5906284496643,-46.6326373943149;-23.5893,-46.6336;-23.5906252 -46.6326387;-23.5890733 -46.6336419;549;139;106
154;Thu Mar 14 23:40:43 2019;-23.5906284496643,-46.6326373943149;-23.5893,-46.6336;-23.5906252 -46.6326387;-23.5890733 -46.6336419;549;139;106
155;Thu Mar 14 23:41:43 2019;-23.5906284496643,-46.6326373943149;-23.5893,-46.6336;-23.5906252 -46.6326387;-23.5890733 -46.6336419;549;139;105
156;Thu Mar 14 23:42:44 2019;-23.5906284496643,-46.6326373943149;-23.5893,-46.6336;-23.5906252 -46.6326387;-23.5890733 -46.6336419;549;139;105
157;Thu Mar 14 23:43:43 2019;-23.5906284496643,-46.6326373943149;-23.5893,-46.6336;-23.5906252 -46.6326387;-23.5890733 -46.6336419;549;139;112
158;Thu Mar 14 23:44:43 2019;-23.5906284496643,-46.6326373943149;-23.5893,-46.6336;-23.5906252 -46.6326387;-23.5890733 -46.6336419;549;139;111
159;Thu Mar 14 23:45:43 2019;-23.5906284496643,-46.6326373943149;-23.5893,-46.6336;-23.5906252 -46.6326387;-23.5890733 -46.6336419;549;139;113
160;Thu Mar 14 23:46:44 2019;-23.5906284496643,-46.6326373943149;-23.5893,-46.6336;-23.5906252 -46.6326387;-23.5890733 -46.6336419;549;139;111
161;Thu Mar 14 23:47:44 2019;-23.5906284496643,-46.6326373943149;-23.5893,-46.6336;-23.5906252 -46.6326387;-23.5890733 -46.6336419;549;139;111
162;Thu Mar 14 23:48:44 2019;-23.5906284496643,-46.6326373943149;-23.5893,-46.6336;-23.5906252 -46.6326387;-23.5890733 -46.6336419;549;139;111
163;Thu Mar 14 23:49:43 2019;-23.5906284496643,-46.6326373943149;-23.5893,-46.6336;-23.5906252 -46.6326387;-23.5890733 -46.6336419;549;139;111
164;Thu Mar 14 23:50:44 2019;-23.5906284496643,-46.6326373943149;-23.5893,-46.6336;-23.5906252 -46.6326387;-23.5890733 -46.6336419;549;139;106
165;Thu Mar 14 23:51:43 2019;-23.5906284496643,-46.6326373943149;-23.5893,-46.6336;-23.5906252 -46.6326387;-23.5890733 -46.6336419;549;139;109
166;Thu Mar 14 23:52:46 2019;-23.5906284496643,-46.6326373943149;-23.5893,-46.6336;-23.5906252 -46.6326387;-23.5890733 -46.6336419;549;139;110
167;Thu Mar 14 23:53:44 2019;-23.5906284496643,-46.6326373943149;-23.5893,-46.6336;-23.5906252 -46.6326387;-23.5890733 -46.6336419;549;139;140
168;Thu Mar 14 23:54:43 2019;-23.5906284496643,-46.6326373943149;-23.5893,-46.6336;-23.5906252 -46.6326387;-23.5890733 -46.6336419;549;139;138
169;Thu Mar 14 23:55:43 2019;-23.5906284496643,-46.6326373943149;-23.5893,-46.6336;-23.5906252 -46.6326387;-23.5890733 -46.6336419;549;139;105
170;Thu Mar 14 23:56:43 2019;-23.5906284496643,-46.6326373943149;-23.5893,-46.6336;-23.5906252 -46.6326387;-23.5890733 -46.6336419;549;139;106
171;Thu Mar 14 23:57:44 2019;-23.5906284496643,-46.6326373943149;-23.5893,-46.6336;-23.5906252 -46.6326387;-23.5890733 -46.6336419;549;139;105
172;Thu Mar 14 23:58:44 2019;-23.5906284496643,-46.6326373943149;-23.5893,-46.6336;-23.5906252 -46.6326387;-23.5890733 -46.6336419;549;139;113
173;Thu Mar 14 23:59:44 2019;-23.5906284496643,-46.6326373943149;-23.5893,-46.6336;-23.5906252 -46.6326387;-23.5890733 -46.6336419;549;139;110
