38972;Thu Mar 14 00:00:09 2019;-23.6013352406393,-46.6151920792878;-23.5997563636149,-46.6158792116795;-23.6013375 -46.6152367;-23.5997627 -46.6158952;188;48;38
39213;Thu Mar 14 04:01:13 2019;-23.6013352406393,-46.6151920792878;-23.5997563636149,-46.6158792116795;-23.6013375 -46.6152367;-23.5997627 -46.6158952;188;48;28
39214;Thu Mar 14 04:02:08 2019;-23.6013352406393,-46.6151920792878;-23.5997563636149,-46.6158792116795;-23.6013375 -46.6152367;-23.5997627 -46.6158952;188;48;28
39215;Thu Mar 14 04:03:09 2019;-23.6013352406393,-46.6151920792878;-23.5997563636149,-46.6158792116795;-23.6013375 -46.6152367;-23.5997627 -46.6158952;188;48;28
39216;Thu Mar 14 04:04:09 2019;-23.6013352406393,-46.6151920792878;-23.5997563636149,-46.6158792116795;-23.6013375 -46.6152367;-23.5997627 -46.6158952;188;48;28
39217;Thu Mar 14 04:05:09 2019;-23.6013352406393,-46.6151920792878;-23.5997563636149,-46.6158792116795;-23.6013375 -46.6152367;-23.5997627 -46.6158952;188;48;27
39218;Thu Mar 14 04:06:09 2019;-23.6013352406393,-46.6151920792878;-23.5997563636149,-46.6158792116795;-23.6013375 -46.6152367;-23.5997627 -46.6158952;188;48;27
39219;Thu Mar 14 04:07:09 2019;-23.6013352406393,-46.6151920792878;-23.5997563636149,-46.6158792116795;-23.6013375 -46.6152367;-23.5997627 -46.6158952;188;48;27
39220;Thu Mar 14 04:08:09 2019;-23.6013352406393,-46.6151920792878;-23.5997563636149,-46.6158792116795;-23.6013375 -46.6152367;-23.5997627 -46.6158952;188;48;27
39221;Thu Mar 14 04:09:09 2019;-23.6013352406393,-46.6151920792878;-23.5997563636149,-46.6158792116795;-23.6013375 -46.6152367;-23.5997627 -46.6158952;188;48;27
39222;Thu Mar 14 04:10:09 2019;-23.6013352406393,-46.6151920792878;-23.5997563636149,-46.6158792116795;-23.6013375 -46.6152367;-23.5997627 -46.6158952;188;48;27
1;Thu Mar 14 21:07:46 2019;-23.6013352406393,-46.6151920792878;-23.5997563636149,-46.6158792116795;-23.6013375 -46.6152367;-23.5997627 -46.6158952;188;48;39
2;Thu Mar 14 21:08:45 2019;-23.6013352406393,-46.6151920792878;-23.5997563636149,-46.6158792116795;-23.6013375 -46.6152367;-23.5997627 -46.6158952;188;48;39
3;Thu Mar 14 21:09:42 2019;-23.6013352406393,-46.6151920792878;-23.5997563636149,-46.6158792116795;-23.6013375 -46.6152367;-23.5997627 -46.6158952;188;48;40
4;Thu Mar 14 21:10:42 2019;-23.6013352406393,-46.6151920792878;-23.5997563636149,-46.6158792116795;-23.6013375 -46.6152367;-23.5997627 -46.6158952;188;48;39
5;Thu Mar 14 21:11:43 2019;-23.6013352406393,-46.6151920792878;-23.5997563636149,-46.6158792116795;-23.6013375 -46.6152367;-23.5997627 -46.6158952;188;48;39
6;Thu Mar 14 21:12:42 2019;-23.6013352406393,-46.6151920792878;-23.5997563636149,-46.6158792116795;-23.6013375 -46.6152367;-23.5997627 -46.6158952;188;48;39
7;Thu Mar 14 21:13:42 2019;-23.6013352406393,-46.6151920792878;-23.5997563636149,-46.6158792116795;-23.6013375 -46.6152367;-23.5997627 -46.6158952;188;48;40
8;Thu Mar 14 21:14:43 2019;-23.6013352406393,-46.6151920792878;-23.5997563636149,-46.6158792116795;-23.6013375 -46.6152367;-23.5997627 -46.6158952;188;48;40
9;Thu Mar 14 21:15:42 2019;-23.6013352406393,-46.6151920792878;-23.5997563636149,-46.6158792116795;-23.6013375 -46.6152367;-23.5997627 -46.6158952;188;48;44
10;Thu Mar 14 21:16:43 2019;-23.6013352406393,-46.6151920792878;-23.5997563636149,-46.6158792116795;-23.6013375 -46.6152367;-23.5997627 -46.6158952;188;48;43
11;Thu Mar 14 21:17:43 2019;-23.6013352406393,-46.6151920792878;-23.5997563636149,-46.6158792116795;-23.6013375 -46.6152367;-23.5997627 -46.6158952;188;48;36
12;Thu Mar 14 21:18:43 2019;-23.6013352406393,-46.6151920792878;-23.5997563636149,-46.6158792116795;-23.6013375 -46.6152367;-23.5997627 -46.6158952;188;48;36
13;Thu Mar 14 21:19:43 2019;-23.6013352406393,-46.6151920792878;-23.5997563636149,-46.6158792116795;-23.6013375 -46.6152367;-23.5997627 -46.6158952;188;48;37
14;Thu Mar 14 21:20:43 2019;-23.6013352406393,-46.6151920792878;-23.5997563636149,-46.6158792116795;-23.6013375 -46.6152367;-23.5997627 -46.6158952;188;48;40
15;Thu Mar 14 21:21:43 2019;-23.6013352406393,-46.6151920792878;-23.5997563636149,-46.6158792116795;-23.6013375 -46.6152367;-23.5997627 -46.6158952;188;48;39
16;Thu Mar 14 21:22:45 2019;-23.6013352406393,-46.6151920792878;-23.5997563636149,-46.6158792116795;-23.6013375 -46.6152367;-23.5997627 -46.6158952;188;48;38
17;Thu Mar 14 21:23:42 2019;-23.6013352406393,-46.6151920792878;-23.5997563636149,-46.6158792116795;-23.6013375 -46.6152367;-23.5997627 -46.6158952;188;48;39
18;Thu Mar 14 21:24:43 2019;-23.6013352406393,-46.6151920792878;-23.5997563636149,-46.6158792116795;-23.6013375 -46.6152367;-23.5997627 -46.6158952;188;48;36
19;Thu Mar 14 21:25:43 2019;-23.6013352406393,-46.6151920792878;-23.5997563636149,-46.6158792116795;-23.6013375 -46.6152367;-23.5997627 -46.6158952;188;48;37
20;Thu Mar 14 21:26:42 2019;-23.6013352406393,-46.6151920792878;-23.5997563636149,-46.6158792116795;-23.6013375 -46.6152367;-23.5997627 -46.6158952;188;48;37
21;Thu Mar 14 21:27:42 2019;-23.6013352406393,-46.6151920792878;-23.5997563636149,-46.6158792116795;-23.6013375 -46.6152367;-23.5997627 -46.6158952;188;48;38
22;Thu Mar 14 21:28:42 2019;-23.6013352406393,-46.6151920792878;-23.5997563636149,-46.6158792116795;-23.6013375 -46.6152367;-23.5997627 -46.6158952;188;48;38
23;Thu Mar 14 21:29:42 2019;-23.6013352406393,-46.6151920792878;-23.5997563636149,-46.6158792116795;-23.6013375 -46.6152367;-23.5997627 -46.6158952;188;48;37
24;Thu Mar 14 21:30:42 2019;-23.6013352406393,-46.6151920792878;-23.5997563636149,-46.6158792116795;-23.6013375 -46.6152367;-23.5997627 -46.6158952;188;48;37
25;Thu Mar 14 21:31:43 2019;-23.6013352406393,-46.6151920792878;-23.5997563636149,-46.6158792116795;-23.6013375 -46.6152367;-23.5997627 -46.6158952;188;48;36
26;Thu Mar 14 21:32:42 2019;-23.6013352406393,-46.6151920792878;-23.5997563636149,-46.6158792116795;-23.6013375 -46.6152367;-23.5997627 -46.6158952;188;48;37
27;Thu Mar 14 21:33:43 2019;-23.6013352406393,-46.6151920792878;-23.5997563636149,-46.6158792116795;-23.6013375 -46.6152367;-23.5997627 -46.6158952;188;48;38
28;Thu Mar 14 21:34:42 2019;-23.6013352406393,-46.6151920792878;-23.5997563636149,-46.6158792116795;-23.6013375 -46.6152367;-23.5997627 -46.6158952;188;48;38
29;Thu Mar 14 21:35:43 2019;-23.6013352406393,-46.6151920792878;-23.5997563636149,-46.6158792116795;-23.6013375 -46.6152367;-23.5997627 -46.6158952;188;48;34
30;Thu Mar 14 21:36:42 2019;-23.6013352406393,-46.6151920792878;-23.5997563636149,-46.6158792116795;-23.6013375 -46.6152367;-23.5997627 -46.6158952;188;48;34
31;Thu Mar 14 21:37:46 2019;-23.6013352406393,-46.6151920792878;-23.5997563636149,-46.6158792116795;-23.6013375 -46.6152367;-23.5997627 -46.6158952;188;48;34
32;Thu Mar 14 21:38:42 2019;-23.6013352406393,-46.6151920792878;-23.5997563636149,-46.6158792116795;-23.6013375 -46.6152367;-23.5997627 -46.6158952;188;48;34
33;Thu Mar 14 21:39:43 2019;-23.6013352406393,-46.6151920792878;-23.5997563636149,-46.6158792116795;-23.6013375 -46.6152367;-23.5997627 -46.6158952;188;48;37
34;Thu Mar 14 21:40:42 2019;-23.6013352406393,-46.6151920792878;-23.5997563636149,-46.6158792116795;-23.6013375 -46.6152367;-23.5997627 -46.6158952;188;48;38
35;Thu Mar 14 21:41:42 2019;-23.6013352406393,-46.6151920792878;-23.5997563636149,-46.6158792116795;-23.6013375 -46.6152367;-23.5997627 -46.6158952;188;48;37
36;Thu Mar 14 21:42:42 2019;-23.6013352406393,-46.6151920792878;-23.5997563636149,-46.6158792116795;-23.6013375 -46.6152367;-23.5997627 -46.6158952;188;48;41
37;Thu Mar 14 21:43:42 2019;-23.6013352406393,-46.6151920792878;-23.5997563636149,-46.6158792116795;-23.6013375 -46.6152367;-23.5997627 -46.6158952;188;48;39
38;Thu Mar 14 21:44:42 2019;-23.6013352406393,-46.6151920792878;-23.5997563636149,-46.6158792116795;-23.6013375 -46.6152367;-23.5997627 -46.6158952;188;48;38
39;Thu Mar 14 21:45:42 2019;-23.6013352406393,-46.6151920792878;-23.5997563636149,-46.6158792116795;-23.6013375 -46.6152367;-23.5997627 -46.6158952;188;48;37
40;Thu Mar 14 21:46:42 2019;-23.6013352406393,-46.6151920792878;-23.5997563636149,-46.6158792116795;-23.6013375 -46.6152367;-23.5997627 -46.6158952;188;48;37
41;Thu Mar 14 21:47:43 2019;-23.6013352406393,-46.6151920792878;-23.5997563636149,-46.6158792116795;-23.6013375 -46.6152367;-23.5997627 -46.6158952;188;48;37
42;Thu Mar 14 21:48:43 2019;-23.6013352406393,-46.6151920792878;-23.5997563636149,-46.6158792116795;-23.6013375 -46.6152367;-23.5997627 -46.6158952;188;48;38
43;Thu Mar 14 21:49:43 2019;-23.6013352406393,-46.6151920792878;-23.5997563636149,-46.6158792116795;-23.6013375 -46.6152367;-23.5997627 -46.6158952;188;48;38
44;Thu Mar 14 21:50:43 2019;-23.6013352406393,-46.6151920792878;-23.5997563636149,-46.6158792116795;-23.6013375 -46.6152367;-23.5997627 -46.6158952;188;48;35
45;Thu Mar 14 21:51:42 2019;-23.6013352406393,-46.6151920792878;-23.5997563636149,-46.6158792116795;-23.6013375 -46.6152367;-23.5997627 -46.6158952;188;48;35
46;Thu Mar 14 21:52:45 2019;-23.6013352406393,-46.6151920792878;-23.5997563636149,-46.6158792116795;-23.6013375 -46.6152367;-23.5997627 -46.6158952;188;48;36
47;Thu Mar 14 21:53:43 2019;-23.6013352406393,-46.6151920792878;-23.5997563636149,-46.6158792116795;-23.6013375 -46.6152367;-23.5997627 -46.6158952;188;48;39
48;Thu Mar 14 21:54:42 2019;-23.6013352406393,-46.6151920792878;-23.5997563636149,-46.6158792116795;-23.6013375 -46.6152367;-23.5997627 -46.6158952;188;48;39
49;Thu Mar 14 21:55:43 2019;-23.6013352406393,-46.6151920792878;-23.5997563636149,-46.6158792116795;-23.6013375 -46.6152367;-23.5997627 -46.6158952;188;48;37
50;Thu Mar 14 21:56:42 2019;-23.6013352406393,-46.6151920792878;-23.5997563636149,-46.6158792116795;-23.6013375 -46.6152367;-23.5997627 -46.6158952;188;48;34
51;Thu Mar 14 21:57:42 2019;-23.6013352406393,-46.6151920792878;-23.5997563636149,-46.6158792116795;-23.6013375 -46.6152367;-23.5997627 -46.6158952;188;48;33
52;Thu Mar 14 21:58:42 2019;-23.6013352406393,-46.6151920792878;-23.5997563636149,-46.6158792116795;-23.6013375 -46.6152367;-23.5997627 -46.6158952;188;48;34
53;Thu Mar 14 21:59:42 2019;-23.6013352406393,-46.6151920792878;-23.5997563636149,-46.6158792116795;-23.6013375 -46.6152367;-23.5997627 -46.6158952;188;48;34
54;Thu Mar 14 22:00:42 2019;-23.6013352406393,-46.6151920792878;-23.5997563636149,-46.6158792116795;-23.6013375 -46.6152367;-23.5997627 -46.6158952;188;48;42
55;Thu Mar 14 22:01:42 2019;-23.6013352406393,-46.6151920792878;-23.5997563636149,-46.6158792116795;-23.6013375 -46.6152367;-23.5997627 -46.6158952;188;48;41
56;Thu Mar 14 22:02:43 2019;-23.6013352406393,-46.6151920792878;-23.5997563636149,-46.6158792116795;-23.6013375 -46.6152367;-23.5997627 -46.6158952;188;48;35
57;Thu Mar 14 22:03:42 2019;-23.6013352406393,-46.6151920792878;-23.5997563636149,-46.6158792116795;-23.6013375 -46.6152367;-23.5997627 -46.6158952;188;48;35
58;Thu Mar 14 22:04:42 2019;-23.6013352406393,-46.6151920792878;-23.5997563636149,-46.6158792116795;-23.6013375 -46.6152367;-23.5997627 -46.6158952;188;48;38
59;Thu Mar 14 22:05:42 2019;-23.6013352406393,-46.6151920792878;-23.5997563636149,-46.6158792116795;-23.6013375 -46.6152367;-23.5997627 -46.6158952;188;48;37
60;Thu Mar 14 22:06:43 2019;-23.6013352406393,-46.6151920792878;-23.5997563636149,-46.6158792116795;-23.6013375 -46.6152367;-23.5997627 -46.6158952;188;48;37
61;Thu Mar 14 22:07:45 2019;-23.6013352406393,-46.6151920792878;-23.5997563636149,-46.6158792116795;-23.6013375 -46.6152367;-23.5997627 -46.6158952;188;48;37
62;Thu Mar 14 22:08:42 2019;-23.6013352406393,-46.6151920792878;-23.5997563636149,-46.6158792116795;-23.6013375 -46.6152367;-23.5997627 -46.6158952;188;48;37
63;Thu Mar 14 22:09:42 2019;-23.6013352406393,-46.6151920792878;-23.5997563636149,-46.6158792116795;-23.6013375 -46.6152367;-23.5997627 -46.6158952;188;48;35
64;Thu Mar 14 22:10:42 2019;-23.6013352406393,-46.6151920792878;-23.5997563636149,-46.6158792116795;-23.6013375 -46.6152367;-23.5997627 -46.6158952;188;48;33
65;Thu Mar 14 22:11:42 2019;-23.6013352406393,-46.6151920792878;-23.5997563636149,-46.6158792116795;-23.6013375 -46.6152367;-23.5997627 -46.6158952;188;48;36
66;Thu Mar 14 22:12:42 2019;-23.6013352406393,-46.6151920792878;-23.5997563636149,-46.6158792116795;-23.6013375 -46.6152367;-23.5997627 -46.6158952;188;48;36
67;Thu Mar 14 22:13:42 2019;-23.6013352406393,-46.6151920792878;-23.5997563636149,-46.6158792116795;-23.6013375 -46.6152367;-23.5997627 -46.6158952;188;48;36
68;Thu Mar 14 22:14:42 2019;-23.6013352406393,-46.6151920792878;-23.5997563636149,-46.6158792116795;-23.6013375 -46.6152367;-23.5997627 -46.6158952;188;48;34
69;Thu Mar 14 22:15:42 2019;-23.6013352406393,-46.6151920792878;-23.5997563636149,-46.6158792116795;-23.6013375 -46.6152367;-23.5997627 -46.6158952;188;48;35
70;Thu Mar 14 22:16:42 2019;-23.6013352406393,-46.6151920792878;-23.5997563636149,-46.6158792116795;-23.6013375 -46.6152367;-23.5997627 -46.6158952;188;48;34
71;Thu Mar 14 22:17:43 2019;-23.6013352406393,-46.6151920792878;-23.5997563636149,-46.6158792116795;-23.6013375 -46.6152367;-23.5997627 -46.6158952;188;48;35
72;Thu Mar 14 22:18:42 2019;-23.6013352406393,-46.6151920792878;-23.5997563636149,-46.6158792116795;-23.6013375 -46.6152367;-23.5997627 -46.6158952;188;48;34
73;Thu Mar 14 22:19:43 2019;-23.6013352406393,-46.6151920792878;-23.5997563636149,-46.6158792116795;-23.6013375 -46.6152367;-23.5997627 -46.6158952;188;48;35
74;Thu Mar 14 22:20:42 2019;-23.6013352406393,-46.6151920792878;-23.5997563636149,-46.6158792116795;-23.6013375 -46.6152367;-23.5997627 -46.6158952;188;48;35
75;Thu Mar 14 22:21:42 2019;-23.6013352406393,-46.6151920792878;-23.5997563636149,-46.6158792116795;-23.6013375 -46.6152367;-23.5997627 -46.6158952;188;48;35
76;Thu Mar 14 22:22:46 2019;-23.6013352406393,-46.6151920792878;-23.5997563636149,-46.6158792116795;-23.6013375 -46.6152367;-23.5997627 -46.6158952;188;48;36
77;Thu Mar 14 22:23:42 2019;-23.6013352406393,-46.6151920792878;-23.5997563636149,-46.6158792116795;-23.6013375 -46.6152367;-23.5997627 -46.6158952;188;48;35
78;Thu Mar 14 22:24:42 2019;-23.6013352406393,-46.6151920792878;-23.5997563636149,-46.6158792116795;-23.6013375 -46.6152367;-23.5997627 -46.6158952;188;48;35
79;Thu Mar 14 22:25:43 2019;-23.6013352406393,-46.6151920792878;-23.5997563636149,-46.6158792116795;-23.6013375 -46.6152367;-23.5997627 -46.6158952;188;48;34
80;Thu Mar 14 22:26:42 2019;-23.6013352406393,-46.6151920792878;-23.5997563636149,-46.6158792116795;-23.6013375 -46.6152367;-23.5997627 -46.6158952;188;48;34
81;Thu Mar 14 22:27:42 2019;-23.6013352406393,-46.6151920792878;-23.5997563636149,-46.6158792116795;-23.6013375 -46.6152367;-23.5997627 -46.6158952;188;48;35
82;Thu Mar 14 22:28:42 2019;-23.6013352406393,-46.6151920792878;-23.5997563636149,-46.6158792116795;-23.6013375 -46.6152367;-23.5997627 -46.6158952;188;48;35
83;Thu Mar 14 22:29:42 2019;-23.6013352406393,-46.6151920792878;-23.5997563636149,-46.6158792116795;-23.6013375 -46.6152367;-23.5997627 -46.6158952;188;48;32
84;Thu Mar 14 22:30:42 2019;-23.6013352406393,-46.6151920792878;-23.5997563636149,-46.6158792116795;-23.6013375 -46.6152367;-23.5997627 -46.6158952;188;48;33
85;Thu Mar 14 22:31:43 2019;-23.6013352406393,-46.6151920792878;-23.5997563636149,-46.6158792116795;-23.6013375 -46.6152367;-23.5997627 -46.6158952;188;48;34
86;Thu Mar 14 22:32:42 2019;-23.6013352406393,-46.6151920792878;-23.5997563636149,-46.6158792116795;-23.6013375 -46.6152367;-23.5997627 -46.6158952;188;48;36
87;Thu Mar 14 22:33:42 2019;-23.6013352406393,-46.6151920792878;-23.5997563636149,-46.6158792116795;-23.6013375 -46.6152367;-23.5997627 -46.6158952;188;48;36
88;Thu Mar 14 22:34:42 2019;-23.6013352406393,-46.6151920792878;-23.5997563636149,-46.6158792116795;-23.6013375 -46.6152367;-23.5997627 -46.6158952;188;48;35
89;Thu Mar 14 22:35:42 2019;-23.6013352406393,-46.6151920792878;-23.5997563636149,-46.6158792116795;-23.6013375 -46.6152367;-23.5997627 -46.6158952;188;48;36
90;Thu Mar 14 22:36:42 2019;-23.6013352406393,-46.6151920792878;-23.5997563636149,-46.6158792116795;-23.6013375 -46.6152367;-23.5997627 -46.6158952;188;48;39
91;Thu Mar 14 22:37:45 2019;-23.6013352406393,-46.6151920792878;-23.5997563636149,-46.6158792116795;-23.6013375 -46.6152367;-23.5997627 -46.6158952;188;48;36
92;Thu Mar 14 22:38:43 2019;-23.6013352406393,-46.6151920792878;-23.5997563636149,-46.6158792116795;-23.6013375 -46.6152367;-23.5997627 -46.6158952;188;48;38
93;Thu Mar 14 22:39:42 2019;-23.6013352406393,-46.6151920792878;-23.5997563636149,-46.6158792116795;-23.6013375 -46.6152367;-23.5997627 -46.6158952;188;48;37
94;Thu Mar 14 22:40:43 2019;-23.6013352406393,-46.6151920792878;-23.5997563636149,-46.6158792116795;-23.6013375 -46.6152367;-23.5997627 -46.6158952;188;48;37
95;Thu Mar 14 22:41:42 2019;-23.6013352406393,-46.6151920792878;-23.5997563636149,-46.6158792116795;-23.6013375 -46.6152367;-23.5997627 -46.6158952;188;48;37
96;Thu Mar 14 22:42:42 2019;-23.6013352406393,-46.6151920792878;-23.5997563636149,-46.6158792116795;-23.6013375 -46.6152367;-23.5997627 -46.6158952;188;48;36
97;Thu Mar 14 22:43:42 2019;-23.6013352406393,-46.6151920792878;-23.5997563636149,-46.6158792116795;-23.6013375 -46.6152367;-23.5997627 -46.6158952;188;48;35
98;Thu Mar 14 22:44:43 2019;-23.6013352406393,-46.6151920792878;-23.5997563636149,-46.6158792116795;-23.6013375 -46.6152367;-23.5997627 -46.6158952;188;48;37
99;Thu Mar 14 22:45:42 2019;-23.6013352406393,-46.6151920792878;-23.5997563636149,-46.6158792116795;-23.6013375 -46.6152367;-23.5997627 -46.6158952;188;48;37
100;Thu Mar 14 22:46:43 2019;-23.6013352406393,-46.6151920792878;-23.5997563636149,-46.6158792116795;-23.6013375 -46.6152367;-23.5997627 -46.6158952;188;48;36
101;Thu Mar 14 22:47:43 2019;-23.6013352406393,-46.6151920792878;-23.5997563636149,-46.6158792116795;-23.6013375 -46.6152367;-23.5997627 -46.6158952;188;48;34
102;Thu Mar 14 22:48:42 2019;-23.6013352406393,-46.6151920792878;-23.5997563636149,-46.6158792116795;-23.6013375 -46.6152367;-23.5997627 -46.6158952;188;48;34
103;Thu Mar 14 22:49:43 2019;-23.6013352406393,-46.6151920792878;-23.5997563636149,-46.6158792116795;-23.6013375 -46.6152367;-23.5997627 -46.6158952;188;48;35
104;Thu Mar 14 22:50:43 2019;-23.6013352406393,-46.6151920792878;-23.5997563636149,-46.6158792116795;-23.6013375 -46.6152367;-23.5997627 -46.6158952;188;48;35
105;Thu Mar 14 22:51:42 2019;-23.6013352406393,-46.6151920792878;-23.5997563636149,-46.6158792116795;-23.6013375 -46.6152367;-23.5997627 -46.6158952;188;48;36
106;Thu Mar 14 22:52:46 2019;-23.6013352406393,-46.6151920792878;-23.5997563636149,-46.6158792116795;-23.6013375 -46.6152367;-23.5997627 -46.6158952;188;48;36
107;Thu Mar 14 22:53:42 2019;-23.6013352406393,-46.6151920792878;-23.5997563636149,-46.6158792116795;-23.6013375 -46.6152367;-23.5997627 -46.6158952;188;48;36
108;Thu Mar 14 22:54:43 2019;-23.6013352406393,-46.6151920792878;-23.5997563636149,-46.6158792116795;-23.6013375 -46.6152367;-23.5997627 -46.6158952;188;48;36
109;Thu Mar 14 22:55:42 2019;-23.6013352406393,-46.6151920792878;-23.5997563636149,-46.6158792116795;-23.6013375 -46.6152367;-23.5997627 -46.6158952;188;48;36
110;Thu Mar 14 22:56:42 2019;-23.6013352406393,-46.6151920792878;-23.5997563636149,-46.6158792116795;-23.6013375 -46.6152367;-23.5997627 -46.6158952;188;48;35
111;Thu Mar 14 22:57:43 2019;-23.6013352406393,-46.6151920792878;-23.5997563636149,-46.6158792116795;-23.6013375 -46.6152367;-23.5997627 -46.6158952;188;48;36
112;Thu Mar 14 22:58:42 2019;-23.6013352406393,-46.6151920792878;-23.5997563636149,-46.6158792116795;-23.6013375 -46.6152367;-23.5997627 -46.6158952;188;48;36
113;Thu Mar 14 22:59:43 2019;-23.6013352406393,-46.6151920792878;-23.5997563636149,-46.6158792116795;-23.6013375 -46.6152367;-23.5997627 -46.6158952;188;48;36
114;Thu Mar 14 23:00:43 2019;-23.6013352406393,-46.6151920792878;-23.5997563636149,-46.6158792116795;-23.6013375 -46.6152367;-23.5997627 -46.6158952;188;48;36
115;Thu Mar 14 23:01:42 2019;-23.6013352406393,-46.6151920792878;-23.5997563636149,-46.6158792116795;-23.6013375 -46.6152367;-23.5997627 -46.6158952;188;48;36
116;Thu Mar 14 23:02:42 2019;-23.6013352406393,-46.6151920792878;-23.5997563636149,-46.6158792116795;-23.6013375 -46.6152367;-23.5997627 -46.6158952;188;48;37
117;Thu Mar 14 23:03:42 2019;-23.6013352406393,-46.6151920792878;-23.5997563636149,-46.6158792116795;-23.6013375 -46.6152367;-23.5997627 -46.6158952;188;48;37
118;Thu Mar 14 23:04:42 2019;-23.6013352406393,-46.6151920792878;-23.5997563636149,-46.6158792116795;-23.6013375 -46.6152367;-23.5997627 -46.6158952;188;48;37
119;Thu Mar 14 23:05:42 2019;-23.6013352406393,-46.6151920792878;-23.5997563636149,-46.6158792116795;-23.6013375 -46.6152367;-23.5997627 -46.6158952;188;48;37
120;Thu Mar 14 23:06:42 2019;-23.6013352406393,-46.6151920792878;-23.5997563636149,-46.6158792116795;-23.6013375 -46.6152367;-23.5997627 -46.6158952;188;48;37
121;Thu Mar 14 23:07:45 2019;-23.6013352406393,-46.6151920792878;-23.5997563636149,-46.6158792116795;-23.6013375 -46.6152367;-23.5997627 -46.6158952;188;48;36
122;Thu Mar 14 23:08:42 2019;-23.6013352406393,-46.6151920792878;-23.5997563636149,-46.6158792116795;-23.6013375 -46.6152367;-23.5997627 -46.6158952;188;48;36
123;Thu Mar 14 23:09:43 2019;-23.6013352406393,-46.6151920792878;-23.5997563636149,-46.6158792116795;-23.6013375 -46.6152367;-23.5997627 -46.6158952;188;48;36
124;Thu Mar 14 23:10:42 2019;-23.6013352406393,-46.6151920792878;-23.5997563636149,-46.6158792116795;-23.6013375 -46.6152367;-23.5997627 -46.6158952;188;48;36
125;Thu Mar 14 23:11:42 2019;-23.6013352406393,-46.6151920792878;-23.5997563636149,-46.6158792116795;-23.6013375 -46.6152367;-23.5997627 -46.6158952;188;48;35
126;Thu Mar 14 23:12:42 2019;-23.6013352406393,-46.6151920792878;-23.5997563636149,-46.6158792116795;-23.6013375 -46.6152367;-23.5997627 -46.6158952;188;48;34
127;Thu Mar 14 23:13:42 2019;-23.6013352406393,-46.6151920792878;-23.5997563636149,-46.6158792116795;-23.6013375 -46.6152367;-23.5997627 -46.6158952;188;48;35
128;Thu Mar 14 23:14:42 2019;-23.6013352406393,-46.6151920792878;-23.5997563636149,-46.6158792116795;-23.6013375 -46.6152367;-23.5997627 -46.6158952;188;48;35
129;Thu Mar 14 23:15:43 2019;-23.6013352406393,-46.6151920792878;-23.5997563636149,-46.6158792116795;-23.6013375 -46.6152367;-23.5997627 -46.6158952;188;48;34
130;Thu Mar 14 23:16:42 2019;-23.6013352406393,-46.6151920792878;-23.5997563636149,-46.6158792116795;-23.6013375 -46.6152367;-23.5997627 -46.6158952;188;48;33
131;Thu Mar 14 23:17:42 2019;-23.6013352406393,-46.6151920792878;-23.5997563636149,-46.6158792116795;-23.6013375 -46.6152367;-23.5997627 -46.6158952;188;48;33
132;Thu Mar 14 23:18:43 2019;-23.6013352406393,-46.6151920792878;-23.5997563636149,-46.6158792116795;-23.6013375 -46.6152367;-23.5997627 -46.6158952;188;48;33
133;Thu Mar 14 23:19:42 2019;-23.6013352406393,-46.6151920792878;-23.5997563636149,-46.6158792116795;-23.6013375 -46.6152367;-23.5997627 -46.6158952;188;48;32
134;Thu Mar 14 23:20:42 2019;-23.6013352406393,-46.6151920792878;-23.5997563636149,-46.6158792116795;-23.6013375 -46.6152367;-23.5997627 -46.6158952;188;48;32
135;Thu Mar 14 23:21:43 2019;-23.6013352406393,-46.6151920792878;-23.5997563636149,-46.6158792116795;-23.6013375 -46.6152367;-23.5997627 -46.6158952;188;48;32
136;Thu Mar 14 23:22:44 2019;-23.6013352406393,-46.6151920792878;-23.5997563636149,-46.6158792116795;-23.6013375 -46.6152367;-23.5997627 -46.6158952;188;48;32
137;Thu Mar 14 23:23:42 2019;-23.6013352406393,-46.6151920792878;-23.5997563636149,-46.6158792116795;-23.6013375 -46.6152367;-23.5997627 -46.6158952;188;48;33
138;Thu Mar 14 23:24:42 2019;-23.6013352406393,-46.6151920792878;-23.5997563636149,-46.6158792116795;-23.6013375 -46.6152367;-23.5997627 -46.6158952;188;48;32
139;Thu Mar 14 23:25:42 2019;-23.6013352406393,-46.6151920792878;-23.5997563636149,-46.6158792116795;-23.6013375 -46.6152367;-23.5997627 -46.6158952;188;48;33
140;Thu Mar 14 23:26:42 2019;-23.6013352406393,-46.6151920792878;-23.5997563636149,-46.6158792116795;-23.6013375 -46.6152367;-23.5997627 -46.6158952;188;48;34
141;Thu Mar 14 23:27:42 2019;-23.6013352406393,-46.6151920792878;-23.5997563636149,-46.6158792116795;-23.6013375 -46.6152367;-23.5997627 -46.6158952;188;48;35
142;Thu Mar 14 23:28:42 2019;-23.6013352406393,-46.6151920792878;-23.5997563636149,-46.6158792116795;-23.6013375 -46.6152367;-23.5997627 -46.6158952;188;48;34
143;Thu Mar 14 23:29:42 2019;-23.6013352406393,-46.6151920792878;-23.5997563636149,-46.6158792116795;-23.6013375 -46.6152367;-23.5997627 -46.6158952;188;48;34
144;Thu Mar 14 23:30:42 2019;-23.6013352406393,-46.6151920792878;-23.5997563636149,-46.6158792116795;-23.6013375 -46.6152367;-23.5997627 -46.6158952;188;48;35
145;Thu Mar 14 23:31:43 2019;-23.6013352406393,-46.6151920792878;-23.5997563636149,-46.6158792116795;-23.6013375 -46.6152367;-23.5997627 -46.6158952;188;48;34
146;Thu Mar 14 23:32:42 2019;-23.6013352406393,-46.6151920792878;-23.5997563636149,-46.6158792116795;-23.6013375 -46.6152367;-23.5997627 -46.6158952;188;48;35
147;Thu Mar 14 23:33:42 2019;-23.6013352406393,-46.6151920792878;-23.5997563636149,-46.6158792116795;-23.6013375 -46.6152367;-23.5997627 -46.6158952;188;48;36
148;Thu Mar 14 23:34:42 2019;-23.6013352406393,-46.6151920792878;-23.5997563636149,-46.6158792116795;-23.6013375 -46.6152367;-23.5997627 -46.6158952;188;48;36
149;Thu Mar 14 23:35:43 2019;-23.6013352406393,-46.6151920792878;-23.5997563636149,-46.6158792116795;-23.6013375 -46.6152367;-23.5997627 -46.6158952;188;48;36
150;Thu Mar 14 23:36:42 2019;-23.6013352406393,-46.6151920792878;-23.5997563636149,-46.6158792116795;-23.6013375 -46.6152367;-23.5997627 -46.6158952;188;48;36
151;Thu Mar 14 23:37:44 2019;-23.6013352406393,-46.6151920792878;-23.5997563636149,-46.6158792116795;-23.6013375 -46.6152367;-23.5997627 -46.6158952;188;48;34
152;Thu Mar 14 23:38:42 2019;-23.6013352406393,-46.6151920792878;-23.5997563636149,-46.6158792116795;-23.6013375 -46.6152367;-23.5997627 -46.6158952;188;48;35
153;Thu Mar 14 23:39:42 2019;-23.6013352406393,-46.6151920792878;-23.5997563636149,-46.6158792116795;-23.6013375 -46.6152367;-23.5997627 -46.6158952;188;48;34
154;Thu Mar 14 23:40:42 2019;-23.6013352406393,-46.6151920792878;-23.5997563636149,-46.6158792116795;-23.6013375 -46.6152367;-23.5997627 -46.6158952;188;48;34
155;Thu Mar 14 23:41:42 2019;-23.6013352406393,-46.6151920792878;-23.5997563636149,-46.6158792116795;-23.6013375 -46.6152367;-23.5997627 -46.6158952;188;48;34
156;Thu Mar 14 23:42:43 2019;-23.6013352406393,-46.6151920792878;-23.5997563636149,-46.6158792116795;-23.6013375 -46.6152367;-23.5997627 -46.6158952;188;48;34
157;Thu Mar 14 23:43:42 2019;-23.6013352406393,-46.6151920792878;-23.5997563636149,-46.6158792116795;-23.6013375 -46.6152367;-23.5997627 -46.6158952;188;48;33
158;Thu Mar 14 23:44:42 2019;-23.6013352406393,-46.6151920792878;-23.5997563636149,-46.6158792116795;-23.6013375 -46.6152367;-23.5997627 -46.6158952;188;48;34
159;Thu Mar 14 23:45:42 2019;-23.6013352406393,-46.6151920792878;-23.5997563636149,-46.6158792116795;-23.6013375 -46.6152367;-23.5997627 -46.6158952;188;48;33
160;Thu Mar 14 23:46:43 2019;-23.6013352406393,-46.6151920792878;-23.5997563636149,-46.6158792116795;-23.6013375 -46.6152367;-23.5997627 -46.6158952;188;48;33
161;Thu Mar 14 23:47:43 2019;-23.6013352406393,-46.6151920792878;-23.5997563636149,-46.6158792116795;-23.6013375 -46.6152367;-23.5997627 -46.6158952;188;48;36
162;Thu Mar 14 23:48:43 2019;-23.6013352406393,-46.6151920792878;-23.5997563636149,-46.6158792116795;-23.6013375 -46.6152367;-23.5997627 -46.6158952;188;48;33
163;Thu Mar 14 23:49:42 2019;-23.6013352406393,-46.6151920792878;-23.5997563636149,-46.6158792116795;-23.6013375 -46.6152367;-23.5997627 -46.6158952;188;48;32
164;Thu Mar 14 23:50:43 2019;-23.6013352406393,-46.6151920792878;-23.5997563636149,-46.6158792116795;-23.6013375 -46.6152367;-23.5997627 -46.6158952;188;48;34
165;Thu Mar 14 23:51:42 2019;-23.6013352406393,-46.6151920792878;-23.5997563636149,-46.6158792116795;-23.6013375 -46.6152367;-23.5997627 -46.6158952;188;48;35
166;Thu Mar 14 23:52:44 2019;-23.6013352406393,-46.6151920792878;-23.5997563636149,-46.6158792116795;-23.6013375 -46.6152367;-23.5997627 -46.6158952;188;48;34
167;Thu Mar 14 23:53:43 2019;-23.6013352406393,-46.6151920792878;-23.5997563636149,-46.6158792116795;-23.6013375 -46.6152367;-23.5997627 -46.6158952;188;48;35
168;Thu Mar 14 23:54:42 2019;-23.6013352406393,-46.6151920792878;-23.5997563636149,-46.6158792116795;-23.6013375 -46.6152367;-23.5997627 -46.6158952;188;48;36
169;Thu Mar 14 23:55:42 2019;-23.6013352406393,-46.6151920792878;-23.5997563636149,-46.6158792116795;-23.6013375 -46.6152367;-23.5997627 -46.6158952;188;48;35
170;Thu Mar 14 23:56:42 2019;-23.6013352406393,-46.6151920792878;-23.5997563636149,-46.6158792116795;-23.6013375 -46.6152367;-23.5997627 -46.6158952;188;48;35
171;Thu Mar 14 23:57:43 2019;-23.6013352406393,-46.6151920792878;-23.5997563636149,-46.6158792116795;-23.6013375 -46.6152367;-23.5997627 -46.6158952;188;48;35
172;Thu Mar 14 23:58:42 2019;-23.6013352406393,-46.6151920792878;-23.5997563636149,-46.6158792116795;-23.6013375 -46.6152367;-23.5997627 -46.6158952;188;48;35
173;Thu Mar 14 23:59:42 2019;-23.6013352406393,-46.6151920792878;-23.5997563636149,-46.6158792116795;-23.6013375 -46.6152367;-23.5997627 -46.6158952;188;48;35
