38972;Thu Mar 14 00:00:07 2019;-23.6370503433708,-46.6071614565125;-23.6352490309203,-46.6060593591848;-23.6370451 -46.6071616;-23.6352449 -46.6060678;260;54;34
39213;Thu Mar 14 04:01:08 2019;-23.6370503433708,-46.6071614565125;-23.6352490309203,-46.6060593591848;-23.6370451 -46.6071616;-23.6352449 -46.6060678;260;54;34
39214;Thu Mar 14 04:02:07 2019;-23.6370503433708,-46.6071614565125;-23.6352490309203,-46.6060593591848;-23.6370451 -46.6071616;-23.6352449 -46.6060678;260;54;34
39215;Thu Mar 14 04:03:08 2019;-23.6370503433708,-46.6071614565125;-23.6352490309203,-46.6060593591848;-23.6370451 -46.6071616;-23.6352449 -46.6060678;260;54;34
39216;Thu Mar 14 04:04:08 2019;-23.6370503433708,-46.6071614565125;-23.6352490309203,-46.6060593591848;-23.6370451 -46.6071616;-23.6352449 -46.6060678;260;54;34
39217;Thu Mar 14 04:05:08 2019;-23.6370503433708,-46.6071614565125;-23.6352490309203,-46.6060593591848;-23.6370451 -46.6071616;-23.6352449 -46.6060678;260;54;34
39218;Thu Mar 14 04:06:07 2019;-23.6370503433708,-46.6071614565125;-23.6352490309203,-46.6060593591848;-23.6370451 -46.6071616;-23.6352449 -46.6060678;260;54;34
39219;Thu Mar 14 04:07:08 2019;-23.6370503433708,-46.6071614565125;-23.6352490309203,-46.6060593591848;-23.6370451 -46.6071616;-23.6352449 -46.6060678;260;54;34
39220;Thu Mar 14 04:08:08 2019;-23.6370503433708,-46.6071614565125;-23.6352490309203,-46.6060593591848;-23.6370451 -46.6071616;-23.6352449 -46.6060678;260;54;35
39221;Thu Mar 14 04:09:08 2019;-23.6370503433708,-46.6071614565125;-23.6352490309203,-46.6060593591848;-23.6370451 -46.6071616;-23.6352449 -46.6060678;260;54;35
39222;Thu Mar 14 04:10:08 2019;-23.6370503433708,-46.6071614565125;-23.6352490309203,-46.6060593591848;-23.6370451 -46.6071616;-23.6352449 -46.6060678;260;54;35
1;Thu Mar 14 21:07:45 2019;-23.6370503433708,-46.6071614565125;-23.6352490309203,-46.6060593591848;-23.6370451 -46.6071616;-23.6352449 -46.6060678;260;54;44
2;Thu Mar 14 21:08:44 2019;-23.6370503433708,-46.6071614565125;-23.6352490309203,-46.6060593591848;-23.6370451 -46.6071616;-23.6352449 -46.6060678;260;54;44
3;Thu Mar 14 21:09:41 2019;-23.6370503433708,-46.6071614565125;-23.6352490309203,-46.6060593591848;-23.6370451 -46.6071616;-23.6352449 -46.6060678;260;54;46
4;Thu Mar 14 21:10:41 2019;-23.6370503433708,-46.6071614565125;-23.6352490309203,-46.6060593591848;-23.6370451 -46.6071616;-23.6352449 -46.6060678;260;54;44
5;Thu Mar 14 21:11:41 2019;-23.6370503433708,-46.6071614565125;-23.6352490309203,-46.6060593591848;-23.6370451 -46.6071616;-23.6352449 -46.6060678;260;54;45
6;Thu Mar 14 21:12:40 2019;-23.6370503433708,-46.6071614565125;-23.6352490309203,-46.6060593591848;-23.6370451 -46.6071616;-23.6352449 -46.6060678;260;54;43
7;Thu Mar 14 21:13:41 2019;-23.6370503433708,-46.6071614565125;-23.6352490309203,-46.6060593591848;-23.6370451 -46.6071616;-23.6352449 -46.6060678;260;54;44
8;Thu Mar 14 21:14:41 2019;-23.6370503433708,-46.6071614565125;-23.6352490309203,-46.6060593591848;-23.6370451 -46.6071616;-23.6352449 -46.6060678;260;54;44
9;Thu Mar 14 21:15:41 2019;-23.6370503433708,-46.6071614565125;-23.6352490309203,-46.6060593591848;-23.6370451 -46.6071616;-23.6352449 -46.6060678;260;54;44
10;Thu Mar 14 21:16:41 2019;-23.6370503433708,-46.6071614565125;-23.6352490309203,-46.6060593591848;-23.6370451 -46.6071616;-23.6352449 -46.6060678;260;54;44
11;Thu Mar 14 21:17:41 2019;-23.6370503433708,-46.6071614565125;-23.6352490309203,-46.6060593591848;-23.6370451 -46.6071616;-23.6352449 -46.6060678;260;54;45
12;Thu Mar 14 21:18:41 2019;-23.6370503433708,-46.6071614565125;-23.6352490309203,-46.6060593591848;-23.6370451 -46.6071616;-23.6352449 -46.6060678;260;54;42
13;Thu Mar 14 21:19:41 2019;-23.6370503433708,-46.6071614565125;-23.6352490309203,-46.6060593591848;-23.6370451 -46.6071616;-23.6352449 -46.6060678;260;54;42
14;Thu Mar 14 21:20:41 2019;-23.6370503433708,-46.6071614565125;-23.6352490309203,-46.6060593591848;-23.6370451 -46.6071616;-23.6352449 -46.6060678;260;54;43
15;Thu Mar 14 21:21:42 2019;-23.6370503433708,-46.6071614565125;-23.6352490309203,-46.6060593591848;-23.6370451 -46.6071616;-23.6352449 -46.6060678;260;54;40
16;Thu Mar 14 21:22:41 2019;-23.6370503433708,-46.6071614565125;-23.6352490309203,-46.6060593591848;-23.6370451 -46.6071616;-23.6352449 -46.6060678;260;54;40
17;Thu Mar 14 21:23:41 2019;-23.6370503433708,-46.6071614565125;-23.6352490309203,-46.6060593591848;-23.6370451 -46.6071616;-23.6352449 -46.6060678;260;54;43
18;Thu Mar 14 21:24:41 2019;-23.6370503433708,-46.6071614565125;-23.6352490309203,-46.6060593591848;-23.6370451 -46.6071616;-23.6352449 -46.6060678;260;54;43
19;Thu Mar 14 21:25:41 2019;-23.6370503433708,-46.6071614565125;-23.6352490309203,-46.6060593591848;-23.6370451 -46.6071616;-23.6352449 -46.6060678;260;54;43
20;Thu Mar 14 21:26:41 2019;-23.6370503433708,-46.6071614565125;-23.6352490309203,-46.6060593591848;-23.6370451 -46.6071616;-23.6352449 -46.6060678;260;54;43
21;Thu Mar 14 21:27:41 2019;-23.6370503433708,-46.6071614565125;-23.6352490309203,-46.6060593591848;-23.6370451 -46.6071616;-23.6352449 -46.6060678;260;54;42
22;Thu Mar 14 21:28:41 2019;-23.6370503433708,-46.6071614565125;-23.6352490309203,-46.6060593591848;-23.6370451 -46.6071616;-23.6352449 -46.6060678;260;54;42
23;Thu Mar 14 21:29:41 2019;-23.6370503433708,-46.6071614565125;-23.6352490309203,-46.6060593591848;-23.6370451 -46.6071616;-23.6352449 -46.6060678;260;54;41
24;Thu Mar 14 21:30:40 2019;-23.6370503433708,-46.6071614565125;-23.6352490309203,-46.6060593591848;-23.6370451 -46.6071616;-23.6352449 -46.6060678;260;54;42
25;Thu Mar 14 21:31:41 2019;-23.6370503433708,-46.6071614565125;-23.6352490309203,-46.6060593591848;-23.6370451 -46.6071616;-23.6352449 -46.6060678;260;54;42
26;Thu Mar 14 21:32:41 2019;-23.6370503433708,-46.6071614565125;-23.6352490309203,-46.6060593591848;-23.6370451 -46.6071616;-23.6352449 -46.6060678;260;54;41
27;Thu Mar 14 21:33:41 2019;-23.6370503433708,-46.6071614565125;-23.6352490309203,-46.6060593591848;-23.6370451 -46.6071616;-23.6352449 -46.6060678;260;54;39
28;Thu Mar 14 21:34:41 2019;-23.6370503433708,-46.6071614565125;-23.6352490309203,-46.6060593591848;-23.6370451 -46.6071616;-23.6352449 -46.6060678;260;54;40
29;Thu Mar 14 21:35:41 2019;-23.6370503433708,-46.6071614565125;-23.6352490309203,-46.6060593591848;-23.6370451 -46.6071616;-23.6352449 -46.6060678;260;54;40
30;Thu Mar 14 21:36:41 2019;-23.6370503433708,-46.6071614565125;-23.6352490309203,-46.6060593591848;-23.6370451 -46.6071616;-23.6352449 -46.6060678;260;54;41
31;Thu Mar 14 21:37:41 2019;-23.6370503433708,-46.6071614565125;-23.6352490309203,-46.6060593591848;-23.6370451 -46.6071616;-23.6352449 -46.6060678;260;54;42
32;Thu Mar 14 21:38:41 2019;-23.6370503433708,-46.6071614565125;-23.6352490309203,-46.6060593591848;-23.6370451 -46.6071616;-23.6352449 -46.6060678;260;54;42
33;Thu Mar 14 21:39:41 2019;-23.6370503433708,-46.6071614565125;-23.6352490309203,-46.6060593591848;-23.6370451 -46.6071616;-23.6352449 -46.6060678;260;54;42
34;Thu Mar 14 21:40:41 2019;-23.6370503433708,-46.6071614565125;-23.6352490309203,-46.6060593591848;-23.6370451 -46.6071616;-23.6352449 -46.6060678;260;54;42
35;Thu Mar 14 21:41:41 2019;-23.6370503433708,-46.6071614565125;-23.6352490309203,-46.6060593591848;-23.6370451 -46.6071616;-23.6352449 -46.6060678;260;54;41
36;Thu Mar 14 21:42:41 2019;-23.6370503433708,-46.6071614565125;-23.6352490309203,-46.6060593591848;-23.6370451 -46.6071616;-23.6352449 -46.6060678;260;54;41
37;Thu Mar 14 21:43:41 2019;-23.6370503433708,-46.6071614565125;-23.6352490309203,-46.6060593591848;-23.6370451 -46.6071616;-23.6352449 -46.6060678;260;54;41
38;Thu Mar 14 21:44:41 2019;-23.6370503433708,-46.6071614565125;-23.6352490309203,-46.6060593591848;-23.6370451 -46.6071616;-23.6352449 -46.6060678;260;54;40
39;Thu Mar 14 21:45:41 2019;-23.6370503433708,-46.6071614565125;-23.6352490309203,-46.6060593591848;-23.6370451 -46.6071616;-23.6352449 -46.6060678;260;54;41
40;Thu Mar 14 21:46:41 2019;-23.6370503433708,-46.6071614565125;-23.6352490309203,-46.6060593591848;-23.6370451 -46.6071616;-23.6352449 -46.6060678;260;54;41
41;Thu Mar 14 21:47:41 2019;-23.6370503433708,-46.6071614565125;-23.6352490309203,-46.6060593591848;-23.6370451 -46.6071616;-23.6352449 -46.6060678;260;54;41
42;Thu Mar 14 21:48:41 2019;-23.6370503433708,-46.6071614565125;-23.6352490309203,-46.6060593591848;-23.6370451 -46.6071616;-23.6352449 -46.6060678;260;54;40
43;Thu Mar 14 21:49:41 2019;-23.6370503433708,-46.6071614565125;-23.6352490309203,-46.6060593591848;-23.6370451 -46.6071616;-23.6352449 -46.6060678;260;54;40
44;Thu Mar 14 21:50:41 2019;-23.6370503433708,-46.6071614565125;-23.6352490309203,-46.6060593591848;-23.6370451 -46.6071616;-23.6352449 -46.6060678;260;54;39
45;Thu Mar 14 21:51:41 2019;-23.6370503433708,-46.6071614565125;-23.6352490309203,-46.6060593591848;-23.6370451 -46.6071616;-23.6352449 -46.6060678;260;54;39
46;Thu Mar 14 21:52:41 2019;-23.6370503433708,-46.6071614565125;-23.6352490309203,-46.6060593591848;-23.6370451 -46.6071616;-23.6352449 -46.6060678;260;54;39
47;Thu Mar 14 21:53:41 2019;-23.6370503433708,-46.6071614565125;-23.6352490309203,-46.6060593591848;-23.6370451 -46.6071616;-23.6352449 -46.6060678;260;54;39
48;Thu Mar 14 21:54:41 2019;-23.6370503433708,-46.6071614565125;-23.6352490309203,-46.6060593591848;-23.6370451 -46.6071616;-23.6352449 -46.6060678;260;54;40
49;Thu Mar 14 21:55:41 2019;-23.6370503433708,-46.6071614565125;-23.6352490309203,-46.6060593591848;-23.6370451 -46.6071616;-23.6352449 -46.6060678;260;54;40
50;Thu Mar 14 21:56:41 2019;-23.6370503433708,-46.6071614565125;-23.6352490309203,-46.6060593591848;-23.6370451 -46.6071616;-23.6352449 -46.6060678;260;54;39
51;Thu Mar 14 21:57:41 2019;-23.6370503433708,-46.6071614565125;-23.6352490309203,-46.6060593591848;-23.6370451 -46.6071616;-23.6352449 -46.6060678;260;54;39
52;Thu Mar 14 21:58:41 2019;-23.6370503433708,-46.6071614565125;-23.6352490309203,-46.6060593591848;-23.6370451 -46.6071616;-23.6352449 -46.6060678;260;54;39
53;Thu Mar 14 21:59:41 2019;-23.6370503433708,-46.6071614565125;-23.6352490309203,-46.6060593591848;-23.6370451 -46.6071616;-23.6352449 -46.6060678;260;54;39
54;Thu Mar 14 22:00:41 2019;-23.6370503433708,-46.6071614565125;-23.6352490309203,-46.6060593591848;-23.6370451 -46.6071616;-23.6352449 -46.6060678;260;54;40
55;Thu Mar 14 22:01:40 2019;-23.6370503433708,-46.6071614565125;-23.6352490309203,-46.6060593591848;-23.6370451 -46.6071616;-23.6352449 -46.6060678;260;54;39
56;Thu Mar 14 22:02:41 2019;-23.6370503433708,-46.6071614565125;-23.6352490309203,-46.6060593591848;-23.6370451 -46.6071616;-23.6352449 -46.6060678;260;54;39
57;Thu Mar 14 22:03:41 2019;-23.6370503433708,-46.6071614565125;-23.6352490309203,-46.6060593591848;-23.6370451 -46.6071616;-23.6352449 -46.6060678;260;54;39
58;Thu Mar 14 22:04:41 2019;-23.6370503433708,-46.6071614565125;-23.6352490309203,-46.6060593591848;-23.6370451 -46.6071616;-23.6352449 -46.6060678;260;54;39
59;Thu Mar 14 22:05:41 2019;-23.6370503433708,-46.6071614565125;-23.6352490309203,-46.6060593591848;-23.6370451 -46.6071616;-23.6352449 -46.6060678;260;54;39
60;Thu Mar 14 22:06:42 2019;-23.6370503433708,-46.6071614565125;-23.6352490309203,-46.6060593591848;-23.6370451 -46.6071616;-23.6352449 -46.6060678;260;54;39
61;Thu Mar 14 22:07:41 2019;-23.6370503433708,-46.6071614565125;-23.6352490309203,-46.6060593591848;-23.6370451 -46.6071616;-23.6352449 -46.6060678;260;54;39
62;Thu Mar 14 22:08:41 2019;-23.6370503433708,-46.6071614565125;-23.6352490309203,-46.6060593591848;-23.6370451 -46.6071616;-23.6352449 -46.6060678;260;54;39
63;Thu Mar 14 22:09:41 2019;-23.6370503433708,-46.6071614565125;-23.6352490309203,-46.6060593591848;-23.6370451 -46.6071616;-23.6352449 -46.6060678;260;54;39
64;Thu Mar 14 22:10:41 2019;-23.6370503433708,-46.6071614565125;-23.6352490309203,-46.6060593591848;-23.6370451 -46.6071616;-23.6352449 -46.6060678;260;54;39
65;Thu Mar 14 22:11:41 2019;-23.6370503433708,-46.6071614565125;-23.6352490309203,-46.6060593591848;-23.6370451 -46.6071616;-23.6352449 -46.6060678;260;54;39
66;Thu Mar 14 22:12:40 2019;-23.6370503433708,-46.6071614565125;-23.6352490309203,-46.6060593591848;-23.6370451 -46.6071616;-23.6352449 -46.6060678;260;54;39
67;Thu Mar 14 22:13:41 2019;-23.6370503433708,-46.6071614565125;-23.6352490309203,-46.6060593591848;-23.6370451 -46.6071616;-23.6352449 -46.6060678;260;54;39
68;Thu Mar 14 22:14:41 2019;-23.6370503433708,-46.6071614565125;-23.6352490309203,-46.6060593591848;-23.6370451 -46.6071616;-23.6352449 -46.6060678;260;54;39
69;Thu Mar 14 22:15:41 2019;-23.6370503433708,-46.6071614565125;-23.6352490309203,-46.6060593591848;-23.6370451 -46.6071616;-23.6352449 -46.6060678;260;54;39
70;Thu Mar 14 22:16:41 2019;-23.6370503433708,-46.6071614565125;-23.6352490309203,-46.6060593591848;-23.6370451 -46.6071616;-23.6352449 -46.6060678;260;54;39
71;Thu Mar 14 22:17:41 2019;-23.6370503433708,-46.6071614565125;-23.6352490309203,-46.6060593591848;-23.6370451 -46.6071616;-23.6352449 -46.6060678;260;54;38
72;Thu Mar 14 22:18:41 2019;-23.6370503433708,-46.6071614565125;-23.6352490309203,-46.6060593591848;-23.6370451 -46.6071616;-23.6352449 -46.6060678;260;54;38
73;Thu Mar 14 22:19:41 2019;-23.6370503433708,-46.6071614565125;-23.6352490309203,-46.6060593591848;-23.6370451 -46.6071616;-23.6352449 -46.6060678;260;54;39
74;Thu Mar 14 22:20:41 2019;-23.6370503433708,-46.6071614565125;-23.6352490309203,-46.6060593591848;-23.6370451 -46.6071616;-23.6352449 -46.6060678;260;54;39
75;Thu Mar 14 22:21:41 2019;-23.6370503433708,-46.6071614565125;-23.6352490309203,-46.6060593591848;-23.6370451 -46.6071616;-23.6352449 -46.6060678;260;54;39
76;Thu Mar 14 22:22:41 2019;-23.6370503433708,-46.6071614565125;-23.6352490309203,-46.6060593591848;-23.6370451 -46.6071616;-23.6352449 -46.6060678;260;54;39
77;Thu Mar 14 22:23:41 2019;-23.6370503433708,-46.6071614565125;-23.6352490309203,-46.6060593591848;-23.6370451 -46.6071616;-23.6352449 -46.6060678;260;54;39
78;Thu Mar 14 22:24:40 2019;-23.6370503433708,-46.6071614565125;-23.6352490309203,-46.6060593591848;-23.6370451 -46.6071616;-23.6352449 -46.6060678;260;54;39
79;Thu Mar 14 22:25:41 2019;-23.6370503433708,-46.6071614565125;-23.6352490309203,-46.6060593591848;-23.6370451 -46.6071616;-23.6352449 -46.6060678;260;54;39
80;Thu Mar 14 22:26:41 2019;-23.6370503433708,-46.6071614565125;-23.6352490309203,-46.6060593591848;-23.6370451 -46.6071616;-23.6352449 -46.6060678;260;54;39
81;Thu Mar 14 22:27:41 2019;-23.6370503433708,-46.6071614565125;-23.6352490309203,-46.6060593591848;-23.6370451 -46.6071616;-23.6352449 -46.6060678;260;54;39
82;Thu Mar 14 22:28:41 2019;-23.6370503433708,-46.6071614565125;-23.6352490309203,-46.6060593591848;-23.6370451 -46.6071616;-23.6352449 -46.6060678;260;54;39
83;Thu Mar 14 22:29:41 2019;-23.6370503433708,-46.6071614565125;-23.6352490309203,-46.6060593591848;-23.6370451 -46.6071616;-23.6352449 -46.6060678;260;54;39
84;Thu Mar 14 22:30:41 2019;-23.6370503433708,-46.6071614565125;-23.6352490309203,-46.6060593591848;-23.6370451 -46.6071616;-23.6352449 -46.6060678;260;54;39
85;Thu Mar 14 22:31:41 2019;-23.6370503433708,-46.6071614565125;-23.6352490309203,-46.6060593591848;-23.6370451 -46.6071616;-23.6352449 -46.6060678;260;54;40
86;Thu Mar 14 22:32:41 2019;-23.6370503433708,-46.6071614565125;-23.6352490309203,-46.6060593591848;-23.6370451 -46.6071616;-23.6352449 -46.6060678;260;54;40
87;Thu Mar 14 22:33:41 2019;-23.6370503433708,-46.6071614565125;-23.6352490309203,-46.6060593591848;-23.6370451 -46.6071616;-23.6352449 -46.6060678;260;54;41
88;Thu Mar 14 22:34:41 2019;-23.6370503433708,-46.6071614565125;-23.6352490309203,-46.6060593591848;-23.6370451 -46.6071616;-23.6352449 -46.6060678;260;54;40
89;Thu Mar 14 22:35:40 2019;-23.6370503433708,-46.6071614565125;-23.6352490309203,-46.6060593591848;-23.6370451 -46.6071616;-23.6352449 -46.6060678;260;54;40
90;Thu Mar 14 22:36:41 2019;-23.6370503433708,-46.6071614565125;-23.6352490309203,-46.6060593591848;-23.6370451 -46.6071616;-23.6352449 -46.6060678;260;54;39
91;Thu Mar 14 22:37:41 2019;-23.6370503433708,-46.6071614565125;-23.6352490309203,-46.6060593591848;-23.6370451 -46.6071616;-23.6352449 -46.6060678;260;54;39
92;Thu Mar 14 22:38:41 2019;-23.6370503433708,-46.6071614565125;-23.6352490309203,-46.6060593591848;-23.6370451 -46.6071616;-23.6352449 -46.6060678;260;54;39
93;Thu Mar 14 22:39:41 2019;-23.6370503433708,-46.6071614565125;-23.6352490309203,-46.6060593591848;-23.6370451 -46.6071616;-23.6352449 -46.6060678;260;54;39
94;Thu Mar 14 22:40:42 2019;-23.6370503433708,-46.6071614565125;-23.6352490309203,-46.6060593591848;-23.6370451 -46.6071616;-23.6352449 -46.6060678;260;54;39
95;Thu Mar 14 22:41:41 2019;-23.6370503433708,-46.6071614565125;-23.6352490309203,-46.6060593591848;-23.6370451 -46.6071616;-23.6352449 -46.6060678;260;54;37
96;Thu Mar 14 22:42:41 2019;-23.6370503433708,-46.6071614565125;-23.6352490309203,-46.6060593591848;-23.6370451 -46.6071616;-23.6352449 -46.6060678;260;54;37
97;Thu Mar 14 22:43:41 2019;-23.6370503433708,-46.6071614565125;-23.6352490309203,-46.6060593591848;-23.6370451 -46.6071616;-23.6352449 -46.6060678;260;54;37
98;Thu Mar 14 22:44:41 2019;-23.6370503433708,-46.6071614565125;-23.6352490309203,-46.6060593591848;-23.6370451 -46.6071616;-23.6352449 -46.6060678;260;54;37
99;Thu Mar 14 22:45:41 2019;-23.6370503433708,-46.6071614565125;-23.6352490309203,-46.6060593591848;-23.6370451 -46.6071616;-23.6352449 -46.6060678;260;54;37
100;Thu Mar 14 22:46:41 2019;-23.6370503433708,-46.6071614565125;-23.6352490309203,-46.6060593591848;-23.6370451 -46.6071616;-23.6352449 -46.6060678;260;54;37
101;Thu Mar 14 22:47:41 2019;-23.6370503433708,-46.6071614565125;-23.6352490309203,-46.6060593591848;-23.6370451 -46.6071616;-23.6352449 -46.6060678;260;54;37
102;Thu Mar 14 22:48:41 2019;-23.6370503433708,-46.6071614565125;-23.6352490309203,-46.6060593591848;-23.6370451 -46.6071616;-23.6352449 -46.6060678;260;54;38
103;Thu Mar 14 22:49:42 2019;-23.6370503433708,-46.6071614565125;-23.6352490309203,-46.6060593591848;-23.6370451 -46.6071616;-23.6352449 -46.6060678;260;54;37
104;Thu Mar 14 22:50:41 2019;-23.6370503433708,-46.6071614565125;-23.6352490309203,-46.6060593591848;-23.6370451 -46.6071616;-23.6352449 -46.6060678;260;54;38
105;Thu Mar 14 22:51:41 2019;-23.6370503433708,-46.6071614565125;-23.6352490309203,-46.6060593591848;-23.6370451 -46.6071616;-23.6352449 -46.6060678;260;54;38
106;Thu Mar 14 22:52:41 2019;-23.6370503433708,-46.6071614565125;-23.6352490309203,-46.6060593591848;-23.6370451 -46.6071616;-23.6352449 -46.6060678;260;54;39
107;Thu Mar 14 22:53:40 2019;-23.6370503433708,-46.6071614565125;-23.6352490309203,-46.6060593591848;-23.6370451 -46.6071616;-23.6352449 -46.6060678;260;54;40
108;Thu Mar 14 22:54:41 2019;-23.6370503433708,-46.6071614565125;-23.6352490309203,-46.6060593591848;-23.6370451 -46.6071616;-23.6352449 -46.6060678;260;54;40
109;Thu Mar 14 22:55:41 2019;-23.6370503433708,-46.6071614565125;-23.6352490309203,-46.6060593591848;-23.6370451 -46.6071616;-23.6352449 -46.6060678;260;54;40
110;Thu Mar 14 22:56:41 2019;-23.6370503433708,-46.6071614565125;-23.6352490309203,-46.6060593591848;-23.6370451 -46.6071616;-23.6352449 -46.6060678;260;54;39
111;Thu Mar 14 22:57:41 2019;-23.6370503433708,-46.6071614565125;-23.6352490309203,-46.6060593591848;-23.6370451 -46.6071616;-23.6352449 -46.6060678;260;54;39
112;Thu Mar 14 22:58:41 2019;-23.6370503433708,-46.6071614565125;-23.6352490309203,-46.6060593591848;-23.6370451 -46.6071616;-23.6352449 -46.6060678;260;54;40
113;Thu Mar 14 22:59:41 2019;-23.6370503433708,-46.6071614565125;-23.6352490309203,-46.6060593591848;-23.6370451 -46.6071616;-23.6352449 -46.6060678;260;54;40
114;Thu Mar 14 23:00:41 2019;-23.6370503433708,-46.6071614565125;-23.6352490309203,-46.6060593591848;-23.6370451 -46.6071616;-23.6352449 -46.6060678;260;54;40
115;Thu Mar 14 23:01:41 2019;-23.6370503433708,-46.6071614565125;-23.6352490309203,-46.6060593591848;-23.6370451 -46.6071616;-23.6352449 -46.6060678;260;54;40
116;Thu Mar 14 23:02:41 2019;-23.6370503433708,-46.6071614565125;-23.6352490309203,-46.6060593591848;-23.6370451 -46.6071616;-23.6352449 -46.6060678;260;54;40
117;Thu Mar 14 23:03:41 2019;-23.6370503433708,-46.6071614565125;-23.6352490309203,-46.6060593591848;-23.6370451 -46.6071616;-23.6352449 -46.6060678;260;54;40
118;Thu Mar 14 23:04:41 2019;-23.6370503433708,-46.6071614565125;-23.6352490309203,-46.6060593591848;-23.6370451 -46.6071616;-23.6352449 -46.6060678;260;54;40
119;Thu Mar 14 23:05:41 2019;-23.6370503433708,-46.6071614565125;-23.6352490309203,-46.6060593591848;-23.6370451 -46.6071616;-23.6352449 -46.6060678;260;54;40
120;Thu Mar 14 23:06:40 2019;-23.6370503433708,-46.6071614565125;-23.6352490309203,-46.6060593591848;-23.6370451 -46.6071616;-23.6352449 -46.6060678;260;54;41
121;Thu Mar 14 23:07:41 2019;-23.6370503433708,-46.6071614565125;-23.6352490309203,-46.6060593591848;-23.6370451 -46.6071616;-23.6352449 -46.6060678;260;54;41
122;Thu Mar 14 23:08:41 2019;-23.6370503433708,-46.6071614565125;-23.6352490309203,-46.6060593591848;-23.6370451 -46.6071616;-23.6352449 -46.6060678;260;54;41
123;Thu Mar 14 23:09:41 2019;-23.6370503433708,-46.6071614565125;-23.6352490309203,-46.6060593591848;-23.6370451 -46.6071616;-23.6352449 -46.6060678;260;54;41
124;Thu Mar 14 23:10:41 2019;-23.6370503433708,-46.6071614565125;-23.6352490309203,-46.6060593591848;-23.6370451 -46.6071616;-23.6352449 -46.6060678;260;54;41
125;Thu Mar 14 23:11:41 2019;-23.6370503433708,-46.6071614565125;-23.6352490309203,-46.6060593591848;-23.6370451 -46.6071616;-23.6352449 -46.6060678;260;54;41
126;Thu Mar 14 23:12:41 2019;-23.6370503433708,-46.6071614565125;-23.6352490309203,-46.6060593591848;-23.6370451 -46.6071616;-23.6352449 -46.6060678;260;54;41
127;Thu Mar 14 23:13:40 2019;-23.6370503433708,-46.6071614565125;-23.6352490309203,-46.6060593591848;-23.6370451 -46.6071616;-23.6352449 -46.6060678;260;54;41
128;Thu Mar 14 23:14:41 2019;-23.6370503433708,-46.6071614565125;-23.6352490309203,-46.6060593591848;-23.6370451 -46.6071616;-23.6352449 -46.6060678;260;54;41
129;Thu Mar 14 23:15:41 2019;-23.6370503433708,-46.6071614565125;-23.6352490309203,-46.6060593591848;-23.6370451 -46.6071616;-23.6352449 -46.6060678;260;54;42
130;Thu Mar 14 23:16:41 2019;-23.6370503433708,-46.6071614565125;-23.6352490309203,-46.6060593591848;-23.6370451 -46.6071616;-23.6352449 -46.6060678;260;54;41
131;Thu Mar 14 23:17:41 2019;-23.6370503433708,-46.6071614565125;-23.6352490309203,-46.6060593591848;-23.6370451 -46.6071616;-23.6352449 -46.6060678;260;54;42
132;Thu Mar 14 23:18:41 2019;-23.6370503433708,-46.6071614565125;-23.6352490309203,-46.6060593591848;-23.6370451 -46.6071616;-23.6352449 -46.6060678;260;54;38
133;Thu Mar 14 23:19:40 2019;-23.6370503433708,-46.6071614565125;-23.6352490309203,-46.6060593591848;-23.6370451 -46.6071616;-23.6352449 -46.6060678;260;54;39
134;Thu Mar 14 23:20:41 2019;-23.6370503433708,-46.6071614565125;-23.6352490309203,-46.6060593591848;-23.6370451 -46.6071616;-23.6352449 -46.6060678;260;54;39
135;Thu Mar 14 23:21:41 2019;-23.6370503433708,-46.6071614565125;-23.6352490309203,-46.6060593591848;-23.6370451 -46.6071616;-23.6352449 -46.6060678;260;54;39
136;Thu Mar 14 23:22:41 2019;-23.6370503433708,-46.6071614565125;-23.6352490309203,-46.6060593591848;-23.6370451 -46.6071616;-23.6352449 -46.6060678;260;54;38
137;Thu Mar 14 23:23:41 2019;-23.6370503433708,-46.6071614565125;-23.6352490309203,-46.6060593591848;-23.6370451 -46.6071616;-23.6352449 -46.6060678;260;54;37
138;Thu Mar 14 23:24:41 2019;-23.6370503433708,-46.6071614565125;-23.6352490309203,-46.6060593591848;-23.6370451 -46.6071616;-23.6352449 -46.6060678;260;54;37
139;Thu Mar 14 23:25:41 2019;-23.6370503433708,-46.6071614565125;-23.6352490309203,-46.6060593591848;-23.6370451 -46.6071616;-23.6352449 -46.6060678;260;54;37
140;Thu Mar 14 23:26:41 2019;-23.6370503433708,-46.6071614565125;-23.6352490309203,-46.6060593591848;-23.6370451 -46.6071616;-23.6352449 -46.6060678;260;54;37
141;Thu Mar 14 23:27:41 2019;-23.6370503433708,-46.6071614565125;-23.6352490309203,-46.6060593591848;-23.6370451 -46.6071616;-23.6352449 -46.6060678;260;54;37
142;Thu Mar 14 23:28:41 2019;-23.6370503433708,-46.6071614565125;-23.6352490309203,-46.6060593591848;-23.6370451 -46.6071616;-23.6352449 -46.6060678;260;54;38
143;Thu Mar 14 23:29:40 2019;-23.6370503433708,-46.6071614565125;-23.6352490309203,-46.6060593591848;-23.6370451 -46.6071616;-23.6352449 -46.6060678;260;54;38
144;Thu Mar 14 23:30:41 2019;-23.6370503433708,-46.6071614565125;-23.6352490309203,-46.6060593591848;-23.6370451 -46.6071616;-23.6352449 -46.6060678;260;54;37
145;Thu Mar 14 23:31:41 2019;-23.6370503433708,-46.6071614565125;-23.6352490309203,-46.6060593591848;-23.6370451 -46.6071616;-23.6352449 -46.6060678;260;54;37
146;Thu Mar 14 23:32:40 2019;-23.6370503433708,-46.6071614565125;-23.6352490309203,-46.6060593591848;-23.6370451 -46.6071616;-23.6352449 -46.6060678;260;54;38
147;Thu Mar 14 23:33:41 2019;-23.6370503433708,-46.6071614565125;-23.6352490309203,-46.6060593591848;-23.6370451 -46.6071616;-23.6352449 -46.6060678;260;54;38
148;Thu Mar 14 23:34:41 2019;-23.6370503433708,-46.6071614565125;-23.6352490309203,-46.6060593591848;-23.6370451 -46.6071616;-23.6352449 -46.6060678;260;54;37
149;Thu Mar 14 23:35:41 2019;-23.6370503433708,-46.6071614565125;-23.6352490309203,-46.6060593591848;-23.6370451 -46.6071616;-23.6352449 -46.6060678;260;54;37
150;Thu Mar 14 23:36:41 2019;-23.6370503433708,-46.6071614565125;-23.6352490309203,-46.6060593591848;-23.6370451 -46.6071616;-23.6352449 -46.6060678;260;54;37
151;Thu Mar 14 23:37:41 2019;-23.6370503433708,-46.6071614565125;-23.6352490309203,-46.6060593591848;-23.6370451 -46.6071616;-23.6352449 -46.6060678;260;54;37
152;Thu Mar 14 23:38:41 2019;-23.6370503433708,-46.6071614565125;-23.6352490309203,-46.6060593591848;-23.6370451 -46.6071616;-23.6352449 -46.6060678;260;54;37
153;Thu Mar 14 23:39:41 2019;-23.6370503433708,-46.6071614565125;-23.6352490309203,-46.6060593591848;-23.6370451 -46.6071616;-23.6352449 -46.6060678;260;54;37
154;Thu Mar 14 23:40:40 2019;-23.6370503433708,-46.6071614565125;-23.6352490309203,-46.6060593591848;-23.6370451 -46.6071616;-23.6352449 -46.6060678;260;54;37
155;Thu Mar 14 23:41:41 2019;-23.6370503433708,-46.6071614565125;-23.6352490309203,-46.6060593591848;-23.6370451 -46.6071616;-23.6352449 -46.6060678;260;54;38
156;Thu Mar 14 23:42:41 2019;-23.6370503433708,-46.6071614565125;-23.6352490309203,-46.6060593591848;-23.6370451 -46.6071616;-23.6352449 -46.6060678;260;54;38
157;Thu Mar 14 23:43:41 2019;-23.6370503433708,-46.6071614565125;-23.6352490309203,-46.6060593591848;-23.6370451 -46.6071616;-23.6352449 -46.6060678;260;54;38
158;Thu Mar 14 23:44:41 2019;-23.6370503433708,-46.6071614565125;-23.6352490309203,-46.6060593591848;-23.6370451 -46.6071616;-23.6352449 -46.6060678;260;54;38
159;Thu Mar 14 23:45:41 2019;-23.6370503433708,-46.6071614565125;-23.6352490309203,-46.6060593591848;-23.6370451 -46.6071616;-23.6352449 -46.6060678;260;54;37
160;Thu Mar 14 23:46:41 2019;-23.6370503433708,-46.6071614565125;-23.6352490309203,-46.6060593591848;-23.6370451 -46.6071616;-23.6352449 -46.6060678;260;54;36
161;Thu Mar 14 23:47:41 2019;-23.6370503433708,-46.6071614565125;-23.6352490309203,-46.6060593591848;-23.6370451 -46.6071616;-23.6352449 -46.6060678;260;54;36
162;Thu Mar 14 23:48:41 2019;-23.6370503433708,-46.6071614565125;-23.6352490309203,-46.6060593591848;-23.6370451 -46.6071616;-23.6352449 -46.6060678;260;54;36
163;Thu Mar 14 23:49:41 2019;-23.6370503433708,-46.6071614565125;-23.6352490309203,-46.6060593591848;-23.6370451 -46.6071616;-23.6352449 -46.6060678;260;54;36
164;Thu Mar 14 23:50:41 2019;-23.6370503433708,-46.6071614565125;-23.6352490309203,-46.6060593591848;-23.6370451 -46.6071616;-23.6352449 -46.6060678;260;54;36
165;Thu Mar 14 23:51:41 2019;-23.6370503433708,-46.6071614565125;-23.6352490309203,-46.6060593591848;-23.6370451 -46.6071616;-23.6352449 -46.6060678;260;54;36
166;Thu Mar 14 23:52:41 2019;-23.6370503433708,-46.6071614565125;-23.6352490309203,-46.6060593591848;-23.6370451 -46.6071616;-23.6352449 -46.6060678;260;54;36
167;Thu Mar 14 23:53:41 2019;-23.6370503433708,-46.6071614565125;-23.6352490309203,-46.6060593591848;-23.6370451 -46.6071616;-23.6352449 -46.6060678;260;54;36
168;Thu Mar 14 23:54:41 2019;-23.6370503433708,-46.6071614565125;-23.6352490309203,-46.6060593591848;-23.6370451 -46.6071616;-23.6352449 -46.6060678;260;54;36
169;Thu Mar 14 23:55:41 2019;-23.6370503433708,-46.6071614565125;-23.6352490309203,-46.6060593591848;-23.6370451 -46.6071616;-23.6352449 -46.6060678;260;54;36
170;Thu Mar 14 23:56:41 2019;-23.6370503433708,-46.6071614565125;-23.6352490309203,-46.6060593591848;-23.6370451 -46.6071616;-23.6352449 -46.6060678;260;54;35
171;Thu Mar 14 23:57:41 2019;-23.6370503433708,-46.6071614565125;-23.6352490309203,-46.6060593591848;-23.6370451 -46.6071616;-23.6352449 -46.6060678;260;54;35
172;Thu Mar 14 23:58:41 2019;-23.6370503433708,-46.6071614565125;-23.6352490309203,-46.6060593591848;-23.6370451 -46.6071616;-23.6352449 -46.6060678;260;54;35
173;Thu Mar 14 23:59:41 2019;-23.6370503433708,-46.6071614565125;-23.6352490309203,-46.6060593591848;-23.6370451 -46.6071616;-23.6352449 -46.6060678;260;54;34
