38972;Thu Mar 14 00:00:09 2019;-23.5951072360281,-46.6237893177635;-23.5950202045737,-46.6268998697663;-23.5951123 -46.6238254;-23.5950455 -46.6269057;332;42;34
39213;Thu Mar 14 04:01:15 2019;-23.5951072360281,-46.6237893177635;-23.5950202045737,-46.6268998697663;-23.5951123 -46.6238254;-23.5950455 -46.6269057;332;42;28
39214;Thu Mar 14 04:02:09 2019;-23.5951072360281,-46.6237893177635;-23.5950202045737,-46.6268998697663;-23.5951123 -46.6238254;-23.5950455 -46.6269057;332;42;28
39215;Thu Mar 14 04:03:09 2019;-23.5951072360281,-46.6237893177635;-23.5950202045737,-46.6268998697663;-23.5951123 -46.6238254;-23.5950455 -46.6269057;332;42;28
39216;Thu Mar 14 04:04:09 2019;-23.5951072360281,-46.6237893177635;-23.5950202045737,-46.6268998697663;-23.5951123 -46.6238254;-23.5950455 -46.6269057;332;42;28
39217;Thu Mar 14 04:05:10 2019;-23.5951072360281,-46.6237893177635;-23.5950202045737,-46.6268998697663;-23.5951123 -46.6238254;-23.5950455 -46.6269057;332;42;28
39218;Thu Mar 14 04:06:09 2019;-23.5951072360281,-46.6237893177635;-23.5950202045737,-46.6268998697663;-23.5951123 -46.6238254;-23.5950455 -46.6269057;332;42;28
39219;Thu Mar 14 04:07:09 2019;-23.5951072360281,-46.6237893177635;-23.5950202045737,-46.6268998697663;-23.5951123 -46.6238254;-23.5950455 -46.6269057;332;42;28
39220;Thu Mar 14 04:08:09 2019;-23.5951072360281,-46.6237893177635;-23.5950202045737,-46.6268998697663;-23.5951123 -46.6238254;-23.5950455 -46.6269057;332;42;29
39221;Thu Mar 14 04:09:09 2019;-23.5951072360281,-46.6237893177635;-23.5950202045737,-46.6268998697663;-23.5951123 -46.6238254;-23.5950455 -46.6269057;332;42;29
39222;Thu Mar 14 04:10:10 2019;-23.5951072360281,-46.6237893177635;-23.5950202045737,-46.6268998697663;-23.5951123 -46.6238254;-23.5950455 -46.6269057;332;42;29
1;Thu Mar 14 21:07:47 2019;-23.5951072360281,-46.6237893177635;-23.5950202045737,-46.6268998697663;-23.5951123 -46.6238254;-23.5950455 -46.6269057;332;42;39
2;Thu Mar 14 21:08:46 2019;-23.5951072360281,-46.6237893177635;-23.5950202045737,-46.6268998697663;-23.5951123 -46.6238254;-23.5950455 -46.6269057;332;42;41
3;Thu Mar 14 21:09:43 2019;-23.5951072360281,-46.6237893177635;-23.5950202045737,-46.6268998697663;-23.5951123 -46.6238254;-23.5950455 -46.6269057;332;42;40
4;Thu Mar 14 21:10:43 2019;-23.5951072360281,-46.6237893177635;-23.5950202045737,-46.6268998697663;-23.5951123 -46.6238254;-23.5950455 -46.6269057;332;42;41
5;Thu Mar 14 21:11:43 2019;-23.5951072360281,-46.6237893177635;-23.5950202045737,-46.6268998697663;-23.5951123 -46.6238254;-23.5950455 -46.6269057;332;42;41
6;Thu Mar 14 21:12:42 2019;-23.5951072360281,-46.6237893177635;-23.5950202045737,-46.6268998697663;-23.5951123 -46.6238254;-23.5950455 -46.6269057;332;42;39
7;Thu Mar 14 21:13:43 2019;-23.5951072360281,-46.6237893177635;-23.5950202045737,-46.6268998697663;-23.5951123 -46.6238254;-23.5950455 -46.6269057;332;42;39
8;Thu Mar 14 21:14:43 2019;-23.5951072360281,-46.6237893177635;-23.5950202045737,-46.6268998697663;-23.5951123 -46.6238254;-23.5950455 -46.6269057;332;42;39
9;Thu Mar 14 21:15:43 2019;-23.5951072360281,-46.6237893177635;-23.5950202045737,-46.6268998697663;-23.5951123 -46.6238254;-23.5950455 -46.6269057;332;42;39
10;Thu Mar 14 21:16:43 2019;-23.5951072360281,-46.6237893177635;-23.5950202045737,-46.6268998697663;-23.5951123 -46.6238254;-23.5950455 -46.6269057;332;42;38
11;Thu Mar 14 21:17:43 2019;-23.5951072360281,-46.6237893177635;-23.5950202045737,-46.6268998697663;-23.5951123 -46.6238254;-23.5950455 -46.6269057;332;42;39
12;Thu Mar 14 21:18:44 2019;-23.5951072360281,-46.6237893177635;-23.5950202045737,-46.6268998697663;-23.5951123 -46.6238254;-23.5950455 -46.6269057;332;42;39
13;Thu Mar 14 21:19:43 2019;-23.5951072360281,-46.6237893177635;-23.5950202045737,-46.6268998697663;-23.5951123 -46.6238254;-23.5950455 -46.6269057;332;42;40
14;Thu Mar 14 21:20:44 2019;-23.5951072360281,-46.6237893177635;-23.5950202045737,-46.6268998697663;-23.5951123 -46.6238254;-23.5950455 -46.6269057;332;42;41
15;Thu Mar 14 21:21:44 2019;-23.5951072360281,-46.6237893177635;-23.5950202045737,-46.6268998697663;-23.5951123 -46.6238254;-23.5950455 -46.6269057;332;42;41
16;Thu Mar 14 21:22:48 2019;-23.5951072360281,-46.6237893177635;-23.5950202045737,-46.6268998697663;-23.5951123 -46.6238254;-23.5950455 -46.6269057;332;42;42
17;Thu Mar 14 21:23:43 2019;-23.5951072360281,-46.6237893177635;-23.5950202045737,-46.6268998697663;-23.5951123 -46.6238254;-23.5950455 -46.6269057;332;42;39
18;Thu Mar 14 21:24:44 2019;-23.5951072360281,-46.6237893177635;-23.5950202045737,-46.6268998697663;-23.5951123 -46.6238254;-23.5950455 -46.6269057;332;42;41
19;Thu Mar 14 21:25:43 2019;-23.5951072360281,-46.6237893177635;-23.5950202045737,-46.6268998697663;-23.5951123 -46.6238254;-23.5950455 -46.6269057;332;42;41
20;Thu Mar 14 21:26:43 2019;-23.5951072360281,-46.6237893177635;-23.5950202045737,-46.6268998697663;-23.5951123 -46.6238254;-23.5950455 -46.6269057;332;42;41
21;Thu Mar 14 21:27:43 2019;-23.5951072360281,-46.6237893177635;-23.5950202045737,-46.6268998697663;-23.5951123 -46.6238254;-23.5950455 -46.6269057;332;42;37
22;Thu Mar 14 21:28:43 2019;-23.5951072360281,-46.6237893177635;-23.5950202045737,-46.6268998697663;-23.5951123 -46.6238254;-23.5950455 -46.6269057;332;42;37
23;Thu Mar 14 21:29:43 2019;-23.5951072360281,-46.6237893177635;-23.5950202045737,-46.6268998697663;-23.5951123 -46.6238254;-23.5950455 -46.6269057;332;42;37
24;Thu Mar 14 21:30:43 2019;-23.5951072360281,-46.6237893177635;-23.5950202045737,-46.6268998697663;-23.5951123 -46.6238254;-23.5950455 -46.6269057;332;42;38
25;Thu Mar 14 21:31:43 2019;-23.5951072360281,-46.6237893177635;-23.5950202045737,-46.6268998697663;-23.5951123 -46.6238254;-23.5950455 -46.6269057;332;42;37
26;Thu Mar 14 21:32:43 2019;-23.5951072360281,-46.6237893177635;-23.5950202045737,-46.6268998697663;-23.5951123 -46.6238254;-23.5950455 -46.6269057;332;42;36
27;Thu Mar 14 21:33:43 2019;-23.5951072360281,-46.6237893177635;-23.5950202045737,-46.6268998697663;-23.5951123 -46.6238254;-23.5950455 -46.6269057;332;42;36
28;Thu Mar 14 21:34:43 2019;-23.5951072360281,-46.6237893177635;-23.5950202045737,-46.6268998697663;-23.5951123 -46.6238254;-23.5950455 -46.6269057;332;42;37
29;Thu Mar 14 21:35:43 2019;-23.5951072360281,-46.6237893177635;-23.5950202045737,-46.6268998697663;-23.5951123 -46.6238254;-23.5950455 -46.6269057;332;42;36
30;Thu Mar 14 21:36:43 2019;-23.5951072360281,-46.6237893177635;-23.5950202045737,-46.6268998697663;-23.5951123 -46.6238254;-23.5950455 -46.6269057;332;42;36
31;Thu Mar 14 21:37:48 2019;-23.5951072360281,-46.6237893177635;-23.5950202045737,-46.6268998697663;-23.5951123 -46.6238254;-23.5950455 -46.6269057;332;42;36
32;Thu Mar 14 21:38:43 2019;-23.5951072360281,-46.6237893177635;-23.5950202045737,-46.6268998697663;-23.5951123 -46.6238254;-23.5950455 -46.6269057;332;42;36
33;Thu Mar 14 21:39:43 2019;-23.5951072360281,-46.6237893177635;-23.5950202045737,-46.6268998697663;-23.5951123 -46.6238254;-23.5950455 -46.6269057;332;42;36
34;Thu Mar 14 21:40:43 2019;-23.5951072360281,-46.6237893177635;-23.5950202045737,-46.6268998697663;-23.5951123 -46.6238254;-23.5950455 -46.6269057;332;42;35
35;Thu Mar 14 21:41:43 2019;-23.5951072360281,-46.6237893177635;-23.5950202045737,-46.6268998697663;-23.5951123 -46.6238254;-23.5950455 -46.6269057;332;42;35
36;Thu Mar 14 21:42:43 2019;-23.5951072360281,-46.6237893177635;-23.5950202045737,-46.6268998697663;-23.5951123 -46.6238254;-23.5950455 -46.6269057;332;42;35
37;Thu Mar 14 21:43:43 2019;-23.5951072360281,-46.6237893177635;-23.5950202045737,-46.6268998697663;-23.5951123 -46.6238254;-23.5950455 -46.6269057;332;42;36
38;Thu Mar 14 21:44:43 2019;-23.5951072360281,-46.6237893177635;-23.5950202045737,-46.6268998697663;-23.5951123 -46.6238254;-23.5950455 -46.6269057;332;42;36
39;Thu Mar 14 21:45:43 2019;-23.5951072360281,-46.6237893177635;-23.5950202045737,-46.6268998697663;-23.5951123 -46.6238254;-23.5950455 -46.6269057;332;42;36
40;Thu Mar 14 21:46:43 2019;-23.5951072360281,-46.6237893177635;-23.5950202045737,-46.6268998697663;-23.5951123 -46.6238254;-23.5950455 -46.6269057;332;42;36
41;Thu Mar 14 21:47:43 2019;-23.5951072360281,-46.6237893177635;-23.5950202045737,-46.6268998697663;-23.5951123 -46.6238254;-23.5950455 -46.6269057;332;42;35
42;Thu Mar 14 21:48:43 2019;-23.5951072360281,-46.6237893177635;-23.5950202045737,-46.6268998697663;-23.5951123 -46.6238254;-23.5950455 -46.6269057;332;42;36
43;Thu Mar 14 21:49:43 2019;-23.5951072360281,-46.6237893177635;-23.5950202045737,-46.6268998697663;-23.5951123 -46.6238254;-23.5950455 -46.6269057;332;42;36
44;Thu Mar 14 21:50:44 2019;-23.5951072360281,-46.6237893177635;-23.5950202045737,-46.6268998697663;-23.5951123 -46.6238254;-23.5950455 -46.6269057;332;42;36
45;Thu Mar 14 21:51:43 2019;-23.5951072360281,-46.6237893177635;-23.5950202045737,-46.6268998697663;-23.5951123 -46.6238254;-23.5950455 -46.6269057;332;42;36
46;Thu Mar 14 21:52:47 2019;-23.5951072360281,-46.6237893177635;-23.5950202045737,-46.6268998697663;-23.5951123 -46.6238254;-23.5950455 -46.6269057;332;42;39
47;Thu Mar 14 21:53:43 2019;-23.5951072360281,-46.6237893177635;-23.5950202045737,-46.6268998697663;-23.5951123 -46.6238254;-23.5950455 -46.6269057;332;42;39
48;Thu Mar 14 21:54:43 2019;-23.5951072360281,-46.6237893177635;-23.5950202045737,-46.6268998697663;-23.5951123 -46.6238254;-23.5950455 -46.6269057;332;42;39
49;Thu Mar 14 21:55:43 2019;-23.5951072360281,-46.6237893177635;-23.5950202045737,-46.6268998697663;-23.5951123 -46.6238254;-23.5950455 -46.6269057;332;42;39
50;Thu Mar 14 21:56:43 2019;-23.5951072360281,-46.6237893177635;-23.5950202045737,-46.6268998697663;-23.5951123 -46.6238254;-23.5950455 -46.6269057;332;42;40
51;Thu Mar 14 21:57:43 2019;-23.5951072360281,-46.6237893177635;-23.5950202045737,-46.6268998697663;-23.5951123 -46.6238254;-23.5950455 -46.6269057;332;42;39
52;Thu Mar 14 21:58:43 2019;-23.5951072360281,-46.6237893177635;-23.5950202045737,-46.6268998697663;-23.5951123 -46.6238254;-23.5950455 -46.6269057;332;42;40
53;Thu Mar 14 21:59:43 2019;-23.5951072360281,-46.6237893177635;-23.5950202045737,-46.6268998697663;-23.5951123 -46.6238254;-23.5950455 -46.6269057;332;42;38
54;Thu Mar 14 22:00:43 2019;-23.5951072360281,-46.6237893177635;-23.5950202045737,-46.6268998697663;-23.5951123 -46.6238254;-23.5950455 -46.6269057;332;42;35
55;Thu Mar 14 22:01:43 2019;-23.5951072360281,-46.6237893177635;-23.5950202045737,-46.6268998697663;-23.5951123 -46.6238254;-23.5950455 -46.6269057;332;42;35
56;Thu Mar 14 22:02:44 2019;-23.5951072360281,-46.6237893177635;-23.5950202045737,-46.6268998697663;-23.5951123 -46.6238254;-23.5950455 -46.6269057;332;42;36
57;Thu Mar 14 22:03:43 2019;-23.5951072360281,-46.6237893177635;-23.5950202045737,-46.6268998697663;-23.5951123 -46.6238254;-23.5950455 -46.6269057;332;42;35
58;Thu Mar 14 22:04:43 2019;-23.5951072360281,-46.6237893177635;-23.5950202045737,-46.6268998697663;-23.5951123 -46.6238254;-23.5950455 -46.6269057;332;42;35
59;Thu Mar 14 22:05:43 2019;-23.5951072360281,-46.6237893177635;-23.5950202045737,-46.6268998697663;-23.5951123 -46.6238254;-23.5950455 -46.6269057;332;42;35
60;Thu Mar 14 22:06:44 2019;-23.5951072360281,-46.6237893177635;-23.5950202045737,-46.6268998697663;-23.5951123 -46.6238254;-23.5950455 -46.6269057;332;42;35
61;Thu Mar 14 22:07:47 2019;-23.5951072360281,-46.6237893177635;-23.5950202045737,-46.6268998697663;-23.5951123 -46.6238254;-23.5950455 -46.6269057;332;42;34
62;Thu Mar 14 22:08:43 2019;-23.5951072360281,-46.6237893177635;-23.5950202045737,-46.6268998697663;-23.5951123 -46.6238254;-23.5950455 -46.6269057;332;42;35
63;Thu Mar 14 22:09:43 2019;-23.5951072360281,-46.6237893177635;-23.5950202045737,-46.6268998697663;-23.5951123 -46.6238254;-23.5950455 -46.6269057;332;42;34
64;Thu Mar 14 22:10:43 2019;-23.5951072360281,-46.6237893177635;-23.5950202045737,-46.6268998697663;-23.5951123 -46.6238254;-23.5950455 -46.6269057;332;42;34
65;Thu Mar 14 22:11:43 2019;-23.5951072360281,-46.6237893177635;-23.5950202045737,-46.6268998697663;-23.5951123 -46.6238254;-23.5950455 -46.6269057;332;42;34
66;Thu Mar 14 22:12:43 2019;-23.5951072360281,-46.6237893177635;-23.5950202045737,-46.6268998697663;-23.5951123 -46.6238254;-23.5950455 -46.6269057;332;42;34
67;Thu Mar 14 22:13:43 2019;-23.5951072360281,-46.6237893177635;-23.5950202045737,-46.6268998697663;-23.5951123 -46.6238254;-23.5950455 -46.6269057;332;42;35
68;Thu Mar 14 22:14:43 2019;-23.5951072360281,-46.6237893177635;-23.5950202045737,-46.6268998697663;-23.5951123 -46.6238254;-23.5950455 -46.6269057;332;42;35
69;Thu Mar 14 22:15:43 2019;-23.5951072360281,-46.6237893177635;-23.5950202045737,-46.6268998697663;-23.5951123 -46.6238254;-23.5950455 -46.6269057;332;42;35
70;Thu Mar 14 22:16:43 2019;-23.5951072360281,-46.6237893177635;-23.5950202045737,-46.6268998697663;-23.5951123 -46.6238254;-23.5950455 -46.6269057;332;42;36
71;Thu Mar 14 22:17:43 2019;-23.5951072360281,-46.6237893177635;-23.5950202045737,-46.6268998697663;-23.5951123 -46.6238254;-23.5950455 -46.6269057;332;42;35
72;Thu Mar 14 22:18:43 2019;-23.5951072360281,-46.6237893177635;-23.5950202045737,-46.6268998697663;-23.5951123 -46.6238254;-23.5950455 -46.6269057;332;42;35
73;Thu Mar 14 22:19:44 2019;-23.5951072360281,-46.6237893177635;-23.5950202045737,-46.6268998697663;-23.5951123 -46.6238254;-23.5950455 -46.6269057;332;42;35
74;Thu Mar 14 22:20:43 2019;-23.5951072360281,-46.6237893177635;-23.5950202045737,-46.6268998697663;-23.5951123 -46.6238254;-23.5950455 -46.6269057;332;42;35
75;Thu Mar 14 22:21:43 2019;-23.5951072360281,-46.6237893177635;-23.5950202045737,-46.6268998697663;-23.5951123 -46.6238254;-23.5950455 -46.6269057;332;42;35
76;Thu Mar 14 22:22:47 2019;-23.5951072360281,-46.6237893177635;-23.5950202045737,-46.6268998697663;-23.5951123 -46.6238254;-23.5950455 -46.6269057;332;42;37
77;Thu Mar 14 22:23:43 2019;-23.5951072360281,-46.6237893177635;-23.5950202045737,-46.6268998697663;-23.5951123 -46.6238254;-23.5950455 -46.6269057;332;42;35
78;Thu Mar 14 22:24:43 2019;-23.5951072360281,-46.6237893177635;-23.5950202045737,-46.6268998697663;-23.5951123 -46.6238254;-23.5950455 -46.6269057;332;42;35
79;Thu Mar 14 22:25:44 2019;-23.5951072360281,-46.6237893177635;-23.5950202045737,-46.6268998697663;-23.5951123 -46.6238254;-23.5950455 -46.6269057;332;42;35
80;Thu Mar 14 22:26:43 2019;-23.5951072360281,-46.6237893177635;-23.5950202045737,-46.6268998697663;-23.5951123 -46.6238254;-23.5950455 -46.6269057;332;42;35
81;Thu Mar 14 22:27:43 2019;-23.5951072360281,-46.6237893177635;-23.5950202045737,-46.6268998697663;-23.5951123 -46.6238254;-23.5950455 -46.6269057;332;42;34
82;Thu Mar 14 22:28:43 2019;-23.5951072360281,-46.6237893177635;-23.5950202045737,-46.6268998697663;-23.5951123 -46.6238254;-23.5950455 -46.6269057;332;42;33
83;Thu Mar 14 22:29:43 2019;-23.5951072360281,-46.6237893177635;-23.5950202045737,-46.6268998697663;-23.5951123 -46.6238254;-23.5950455 -46.6269057;332;42;33
84;Thu Mar 14 22:30:43 2019;-23.5951072360281,-46.6237893177635;-23.5950202045737,-46.6268998697663;-23.5951123 -46.6238254;-23.5950455 -46.6269057;332;42;33
85;Thu Mar 14 22:31:44 2019;-23.5951072360281,-46.6237893177635;-23.5950202045737,-46.6268998697663;-23.5951123 -46.6238254;-23.5950455 -46.6269057;332;42;34
86;Thu Mar 14 22:32:43 2019;-23.5951072360281,-46.6237893177635;-23.5950202045737,-46.6268998697663;-23.5951123 -46.6238254;-23.5950455 -46.6269057;332;42;34
87;Thu Mar 14 22:33:43 2019;-23.5951072360281,-46.6237893177635;-23.5950202045737,-46.6268998697663;-23.5951123 -46.6238254;-23.5950455 -46.6269057;332;42;34
88;Thu Mar 14 22:34:43 2019;-23.5951072360281,-46.6237893177635;-23.5950202045737,-46.6268998697663;-23.5951123 -46.6238254;-23.5950455 -46.6269057;332;42;34
89;Thu Mar 14 22:35:43 2019;-23.5951072360281,-46.6237893177635;-23.5950202045737,-46.6268998697663;-23.5951123 -46.6238254;-23.5950455 -46.6269057;332;42;34
90;Thu Mar 14 22:36:43 2019;-23.5951072360281,-46.6237893177635;-23.5950202045737,-46.6268998697663;-23.5951123 -46.6238254;-23.5950455 -46.6269057;332;42;34
91;Thu Mar 14 22:37:47 2019;-23.5951072360281,-46.6237893177635;-23.5950202045737,-46.6268998697663;-23.5951123 -46.6238254;-23.5950455 -46.6269057;332;42;34
92;Thu Mar 14 22:38:44 2019;-23.5951072360281,-46.6237893177635;-23.5950202045737,-46.6268998697663;-23.5951123 -46.6238254;-23.5950455 -46.6269057;332;42;34
93;Thu Mar 14 22:39:43 2019;-23.5951072360281,-46.6237893177635;-23.5950202045737,-46.6268998697663;-23.5951123 -46.6238254;-23.5950455 -46.6269057;332;42;35
94;Thu Mar 14 22:40:44 2019;-23.5951072360281,-46.6237893177635;-23.5950202045737,-46.6268998697663;-23.5951123 -46.6238254;-23.5950455 -46.6269057;332;42;34
95;Thu Mar 14 22:41:43 2019;-23.5951072360281,-46.6237893177635;-23.5950202045737,-46.6268998697663;-23.5951123 -46.6238254;-23.5950455 -46.6269057;332;42;35
96;Thu Mar 14 22:42:43 2019;-23.5951072360281,-46.6237893177635;-23.5950202045737,-46.6268998697663;-23.5951123 -46.6238254;-23.5950455 -46.6269057;332;42;36
97;Thu Mar 14 22:43:43 2019;-23.5951072360281,-46.6237893177635;-23.5950202045737,-46.6268998697663;-23.5951123 -46.6238254;-23.5950455 -46.6269057;332;42;35
98;Thu Mar 14 22:44:43 2019;-23.5951072360281,-46.6237893177635;-23.5950202045737,-46.6268998697663;-23.5951123 -46.6238254;-23.5950455 -46.6269057;332;42;33
99;Thu Mar 14 22:45:43 2019;-23.5951072360281,-46.6237893177635;-23.5950202045737,-46.6268998697663;-23.5951123 -46.6238254;-23.5950455 -46.6269057;332;42;33
100;Thu Mar 14 22:46:44 2019;-23.5951072360281,-46.6237893177635;-23.5950202045737,-46.6268998697663;-23.5951123 -46.6238254;-23.5950455 -46.6269057;332;42;33
101;Thu Mar 14 22:47:43 2019;-23.5951072360281,-46.6237893177635;-23.5950202045737,-46.6268998697663;-23.5951123 -46.6238254;-23.5950455 -46.6269057;332;42;32
102;Thu Mar 14 22:48:43 2019;-23.5951072360281,-46.6237893177635;-23.5950202045737,-46.6268998697663;-23.5951123 -46.6238254;-23.5950455 -46.6269057;332;42;32
103;Thu Mar 14 22:49:44 2019;-23.5951072360281,-46.6237893177635;-23.5950202045737,-46.6268998697663;-23.5951123 -46.6238254;-23.5950455 -46.6269057;332;42;34
104;Thu Mar 14 22:50:44 2019;-23.5951072360281,-46.6237893177635;-23.5950202045737,-46.6268998697663;-23.5951123 -46.6238254;-23.5950455 -46.6269057;332;42;34
105;Thu Mar 14 22:51:43 2019;-23.5951072360281,-46.6237893177635;-23.5950202045737,-46.6268998697663;-23.5951123 -46.6238254;-23.5950455 -46.6269057;332;42;34
106;Thu Mar 14 22:52:48 2019;-23.5951072360281,-46.6237893177635;-23.5950202045737,-46.6268998697663;-23.5951123 -46.6238254;-23.5950455 -46.6269057;332;42;34
107;Thu Mar 14 22:53:43 2019;-23.5951072360281,-46.6237893177635;-23.5950202045737,-46.6268998697663;-23.5951123 -46.6238254;-23.5950455 -46.6269057;332;42;34
108;Thu Mar 14 22:54:43 2019;-23.5951072360281,-46.6237893177635;-23.5950202045737,-46.6268998697663;-23.5951123 -46.6238254;-23.5950455 -46.6269057;332;42;34
109;Thu Mar 14 22:55:43 2019;-23.5951072360281,-46.6237893177635;-23.5950202045737,-46.6268998697663;-23.5951123 -46.6238254;-23.5950455 -46.6269057;332;42;34
110;Thu Mar 14 22:56:43 2019;-23.5951072360281,-46.6237893177635;-23.5950202045737,-46.6268998697663;-23.5951123 -46.6238254;-23.5950455 -46.6269057;332;42;36
111;Thu Mar 14 22:57:44 2019;-23.5951072360281,-46.6237893177635;-23.5950202045737,-46.6268998697663;-23.5951123 -46.6238254;-23.5950455 -46.6269057;332;42;36
112;Thu Mar 14 22:58:43 2019;-23.5951072360281,-46.6237893177635;-23.5950202045737,-46.6268998697663;-23.5951123 -46.6238254;-23.5950455 -46.6269057;332;42;33
113;Thu Mar 14 22:59:43 2019;-23.5951072360281,-46.6237893177635;-23.5950202045737,-46.6268998697663;-23.5951123 -46.6238254;-23.5950455 -46.6269057;332;42;33
114;Thu Mar 14 23:00:43 2019;-23.5951072360281,-46.6237893177635;-23.5950202045737,-46.6268998697663;-23.5951123 -46.6238254;-23.5950455 -46.6269057;332;42;33
115;Thu Mar 14 23:01:43 2019;-23.5951072360281,-46.6237893177635;-23.5950202045737,-46.6268998697663;-23.5951123 -46.6238254;-23.5950455 -46.6269057;332;42;34
116;Thu Mar 14 23:02:43 2019;-23.5951072360281,-46.6237893177635;-23.5950202045737,-46.6268998697663;-23.5951123 -46.6238254;-23.5950455 -46.6269057;332;42;34
117;Thu Mar 14 23:03:43 2019;-23.5951072360281,-46.6237893177635;-23.5950202045737,-46.6268998697663;-23.5951123 -46.6238254;-23.5950455 -46.6269057;332;42;33
118;Thu Mar 14 23:04:43 2019;-23.5951072360281,-46.6237893177635;-23.5950202045737,-46.6268998697663;-23.5951123 -46.6238254;-23.5950455 -46.6269057;332;42;34
119;Thu Mar 14 23:05:43 2019;-23.5951072360281,-46.6237893177635;-23.5950202045737,-46.6268998697663;-23.5951123 -46.6238254;-23.5950455 -46.6269057;332;42;36
120;Thu Mar 14 23:06:43 2019;-23.5951072360281,-46.6237893177635;-23.5950202045737,-46.6268998697663;-23.5951123 -46.6238254;-23.5950455 -46.6269057;332;42;36
121;Thu Mar 14 23:07:47 2019;-23.5951072360281,-46.6237893177635;-23.5950202045737,-46.6268998697663;-23.5951123 -46.6238254;-23.5950455 -46.6269057;332;42;34
122;Thu Mar 14 23:08:43 2019;-23.5951072360281,-46.6237893177635;-23.5950202045737,-46.6268998697663;-23.5951123 -46.6238254;-23.5950455 -46.6269057;332;42;34
123;Thu Mar 14 23:09:43 2019;-23.5951072360281,-46.6237893177635;-23.5950202045737,-46.6268998697663;-23.5951123 -46.6238254;-23.5950455 -46.6269057;332;42;34
124;Thu Mar 14 23:10:43 2019;-23.5951072360281,-46.6237893177635;-23.5950202045737,-46.6268998697663;-23.5951123 -46.6238254;-23.5950455 -46.6269057;332;42;35
125;Thu Mar 14 23:11:43 2019;-23.5951072360281,-46.6237893177635;-23.5950202045737,-46.6268998697663;-23.5951123 -46.6238254;-23.5950455 -46.6269057;332;42;35
126;Thu Mar 14 23:12:43 2019;-23.5951072360281,-46.6237893177635;-23.5950202045737,-46.6268998697663;-23.5951123 -46.6238254;-23.5950455 -46.6269057;332;42;34
127;Thu Mar 14 23:13:42 2019;-23.5951072360281,-46.6237893177635;-23.5950202045737,-46.6268998697663;-23.5951123 -46.6238254;-23.5950455 -46.6269057;332;42;34
128;Thu Mar 14 23:14:43 2019;-23.5951072360281,-46.6237893177635;-23.5950202045737,-46.6268998697663;-23.5951123 -46.6238254;-23.5950455 -46.6269057;332;42;33
129;Thu Mar 14 23:15:43 2019;-23.5951072360281,-46.6237893177635;-23.5950202045737,-46.6268998697663;-23.5951123 -46.6238254;-23.5950455 -46.6269057;332;42;33
130;Thu Mar 14 23:16:43 2019;-23.5951072360281,-46.6237893177635;-23.5950202045737,-46.6268998697663;-23.5951123 -46.6238254;-23.5950455 -46.6269057;332;42;33
131;Thu Mar 14 23:17:43 2019;-23.5951072360281,-46.6237893177635;-23.5950202045737,-46.6268998697663;-23.5951123 -46.6238254;-23.5950455 -46.6269057;332;42;33
132;Thu Mar 14 23:18:43 2019;-23.5951072360281,-46.6237893177635;-23.5950202045737,-46.6268998697663;-23.5951123 -46.6238254;-23.5950455 -46.6269057;332;42;33
133;Thu Mar 14 23:19:43 2019;-23.5951072360281,-46.6237893177635;-23.5950202045737,-46.6268998697663;-23.5951123 -46.6238254;-23.5950455 -46.6269057;332;42;34
134;Thu Mar 14 23:20:43 2019;-23.5951072360281,-46.6237893177635;-23.5950202045737,-46.6268998697663;-23.5951123 -46.6238254;-23.5950455 -46.6269057;332;42;33
135;Thu Mar 14 23:21:43 2019;-23.5951072360281,-46.6237893177635;-23.5950202045737,-46.6268998697663;-23.5951123 -46.6238254;-23.5950455 -46.6269057;332;42;33
136;Thu Mar 14 23:22:46 2019;-23.5951072360281,-46.6237893177635;-23.5950202045737,-46.6268998697663;-23.5951123 -46.6238254;-23.5950455 -46.6269057;332;42;33
137;Thu Mar 14 23:23:43 2019;-23.5951072360281,-46.6237893177635;-23.5950202045737,-46.6268998697663;-23.5951123 -46.6238254;-23.5950455 -46.6269057;332;42;33
138;Thu Mar 14 23:24:43 2019;-23.5951072360281,-46.6237893177635;-23.5950202045737,-46.6268998697663;-23.5951123 -46.6238254;-23.5950455 -46.6269057;332;42;34
139;Thu Mar 14 23:25:43 2019;-23.5951072360281,-46.6237893177635;-23.5950202045737,-46.6268998697663;-23.5951123 -46.6238254;-23.5950455 -46.6269057;332;42;34
140;Thu Mar 14 23:26:43 2019;-23.5951072360281,-46.6237893177635;-23.5950202045737,-46.6268998697663;-23.5951123 -46.6238254;-23.5950455 -46.6269057;332;42;33
141;Thu Mar 14 23:27:43 2019;-23.5951072360281,-46.6237893177635;-23.5950202045737,-46.6268998697663;-23.5951123 -46.6238254;-23.5950455 -46.6269057;332;42;33
142;Thu Mar 14 23:28:43 2019;-23.5951072360281,-46.6237893177635;-23.5950202045737,-46.6268998697663;-23.5951123 -46.6238254;-23.5950455 -46.6269057;332;42;33
143;Thu Mar 14 23:29:42 2019;-23.5951072360281,-46.6237893177635;-23.5950202045737,-46.6268998697663;-23.5951123 -46.6238254;-23.5950455 -46.6269057;332;42;34
144;Thu Mar 14 23:30:43 2019;-23.5951072360281,-46.6237893177635;-23.5950202045737,-46.6268998697663;-23.5951123 -46.6238254;-23.5950455 -46.6269057;332;42;33
145;Thu Mar 14 23:31:43 2019;-23.5951072360281,-46.6237893177635;-23.5950202045737,-46.6268998697663;-23.5951123 -46.6238254;-23.5950455 -46.6269057;332;42;33
146;Thu Mar 14 23:32:43 2019;-23.5951072360281,-46.6237893177635;-23.5950202045737,-46.6268998697663;-23.5951123 -46.6238254;-23.5950455 -46.6269057;332;42;34
147;Thu Mar 14 23:33:43 2019;-23.5951072360281,-46.6237893177635;-23.5950202045737,-46.6268998697663;-23.5951123 -46.6238254;-23.5950455 -46.6269057;332;42;33
148;Thu Mar 14 23:34:43 2019;-23.5951072360281,-46.6237893177635;-23.5950202045737,-46.6268998697663;-23.5951123 -46.6238254;-23.5950455 -46.6269057;332;42;33
149;Thu Mar 14 23:35:43 2019;-23.5951072360281,-46.6237893177635;-23.5950202045737,-46.6268998697663;-23.5951123 -46.6238254;-23.5950455 -46.6269057;332;42;33
150;Thu Mar 14 23:36:43 2019;-23.5951072360281,-46.6237893177635;-23.5950202045737,-46.6268998697663;-23.5951123 -46.6238254;-23.5950455 -46.6269057;332;42;33
151;Thu Mar 14 23:37:46 2019;-23.5951072360281,-46.6237893177635;-23.5950202045737,-46.6268998697663;-23.5951123 -46.6238254;-23.5950455 -46.6269057;332;42;32
152;Thu Mar 14 23:38:43 2019;-23.5951072360281,-46.6237893177635;-23.5950202045737,-46.6268998697663;-23.5951123 -46.6238254;-23.5950455 -46.6269057;332;42;32
153;Thu Mar 14 23:39:43 2019;-23.5951072360281,-46.6237893177635;-23.5950202045737,-46.6268998697663;-23.5951123 -46.6238254;-23.5950455 -46.6269057;332;42;32
154;Thu Mar 14 23:40:42 2019;-23.5951072360281,-46.6237893177635;-23.5950202045737,-46.6268998697663;-23.5951123 -46.6238254;-23.5950455 -46.6269057;332;42;32
155;Thu Mar 14 23:41:43 2019;-23.5951072360281,-46.6237893177635;-23.5950202045737,-46.6268998697663;-23.5951123 -46.6238254;-23.5950455 -46.6269057;332;42;34
156;Thu Mar 14 23:42:43 2019;-23.5951072360281,-46.6237893177635;-23.5950202045737,-46.6268998697663;-23.5951123 -46.6238254;-23.5950455 -46.6269057;332;42;34
157;Thu Mar 14 23:43:43 2019;-23.5951072360281,-46.6237893177635;-23.5950202045737,-46.6268998697663;-23.5951123 -46.6238254;-23.5950455 -46.6269057;332;42;34
158;Thu Mar 14 23:44:43 2019;-23.5951072360281,-46.6237893177635;-23.5950202045737,-46.6268998697663;-23.5951123 -46.6238254;-23.5950455 -46.6269057;332;42;35
159;Thu Mar 14 23:45:43 2019;-23.5951072360281,-46.6237893177635;-23.5950202045737,-46.6268998697663;-23.5951123 -46.6238254;-23.5950455 -46.6269057;332;42;36
160;Thu Mar 14 23:46:43 2019;-23.5951072360281,-46.6237893177635;-23.5950202045737,-46.6268998697663;-23.5951123 -46.6238254;-23.5950455 -46.6269057;332;42;36
161;Thu Mar 14 23:47:43 2019;-23.5951072360281,-46.6237893177635;-23.5950202045737,-46.6268998697663;-23.5951123 -46.6238254;-23.5950455 -46.6269057;332;42;34
162;Thu Mar 14 23:48:43 2019;-23.5951072360281,-46.6237893177635;-23.5950202045737,-46.6268998697663;-23.5951123 -46.6238254;-23.5950455 -46.6269057;332;42;34
163;Thu Mar 14 23:49:43 2019;-23.5951072360281,-46.6237893177635;-23.5950202045737,-46.6268998697663;-23.5951123 -46.6238254;-23.5950455 -46.6269057;332;42;33
164;Thu Mar 14 23:50:43 2019;-23.5951072360281,-46.6237893177635;-23.5950202045737,-46.6268998697663;-23.5951123 -46.6238254;-23.5950455 -46.6269057;332;42;34
165;Thu Mar 14 23:51:43 2019;-23.5951072360281,-46.6237893177635;-23.5950202045737,-46.6268998697663;-23.5951123 -46.6238254;-23.5950455 -46.6269057;332;42;34
166;Thu Mar 14 23:52:46 2019;-23.5951072360281,-46.6237893177635;-23.5950202045737,-46.6268998697663;-23.5951123 -46.6238254;-23.5950455 -46.6269057;332;42;33
167;Thu Mar 14 23:53:44 2019;-23.5951072360281,-46.6237893177635;-23.5950202045737,-46.6268998697663;-23.5951123 -46.6238254;-23.5950455 -46.6269057;332;42;33
168;Thu Mar 14 23:54:43 2019;-23.5951072360281,-46.6237893177635;-23.5950202045737,-46.6268998697663;-23.5951123 -46.6238254;-23.5950455 -46.6269057;332;42;33
169;Thu Mar 14 23:55:43 2019;-23.5951072360281,-46.6237893177635;-23.5950202045737,-46.6268998697663;-23.5951123 -46.6238254;-23.5950455 -46.6269057;332;42;33
170;Thu Mar 14 23:56:43 2019;-23.5951072360281,-46.6237893177635;-23.5950202045737,-46.6268998697663;-23.5951123 -46.6238254;-23.5950455 -46.6269057;332;42;33
171;Thu Mar 14 23:57:43 2019;-23.5951072360281,-46.6237893177635;-23.5950202045737,-46.6268998697663;-23.5951123 -46.6238254;-23.5950455 -46.6269057;332;42;32
172;Thu Mar 14 23:58:43 2019;-23.5951072360281,-46.6237893177635;-23.5950202045737,-46.6268998697663;-23.5951123 -46.6238254;-23.5950455 -46.6269057;332;42;32
173;Thu Mar 14 23:59:43 2019;-23.5951072360281,-46.6237893177635;-23.5950202045737,-46.6268998697663;-23.5951123 -46.6238254;-23.5950455 -46.6269057;332;42;32
