0.291666667 0.041666667 0.020833333 0.020833333 0.03125 0.020833333 0.020833333 0.013888889 0.013888889 0.017361111 0.017361111 0.018055556 0.019560185 0.019560185 0.019560185 0.020833333 0.020833333 0.041666667
0.375 0.041666667 0.020833333 0.020833333 0.03125 0.020833333 0.020833333 0.013888889 0.013888889 0.017361111 0.017361111 0.018055556 0.019560185 0.019560185 0.019560185 0.020833333 0.020833333 0.041666667
0.416666667 0.041666667 0.020833333 0.020833333 0.03125 0.020833333 0.020833333 0.013888889 0.013888889 0.017361111 0.017361111 0.018055556 0.019560185 0.019560185 0.019560185 0.020833333 0.020833333 0.041666667
0.5 0.045416667 0.02125 0.022083333 0.0340625 0.01875 0.018958333 0.013472222 0.013194444 0.016666667 0.016319444 0.019319444 0.020538194 0.020929398 0.018190972 0.022083333 0.0225 0.04
0.541666667 0.04375 0.022291667 0.020625 0.0325 0.020208333 0.019375 0.015138889 0.013194444 0.019097222 0.015625 0.019319444 0.017604167 0.018386574 0.018386574 0.018958333 0.02125 0.045416667
0.583333333 0.03875 0.02 0.021458333 0.0309375 0.02125 0.018958333 0.014305556 0.014583333 0.019097222 0.016319444 0.0195 0.020538194 0.019168981 0.018582176 0.022916667 0.019583333 0.03875
0.625 0.040416667 0.021666667 0.01875 0.0296875 0.0225 0.021666667 0.014583333 0.012916667 0.016145833 0.017013889 0.017513889 0.01799537 0.01799537 0.021516204 0.018958333 0.022291667 0.037916667
0.708333333 0.0425 0.0225 0.018958333 0.030625 0.019375 0.020208333 0.014166667 0.012916667 0.01875 0.018923611 0.01625 0.020146991 0.021516204 0.018190972 0.021666667 0.0225 0.040833333
0.75 0.04125 0.021666667 0.022916667 0.031875 0.018958333 0.01875 0.013194444 0.01375 0.015798611 0.016666667 0.016972222 0.018386574 0.019364583 0.018386574 0.021041667 0.01875 0.037916667
0.791666667 0.04375 0.02125 0.021041667 0.034375 0.020833333 0.018958333 0.014305556 0.013194444 0.017534722 0.015625 0.017875 0.019560185 0.018190972 0.020538194 0.0225 0.020625 0.03875
0.833333333 0.04 0.019375 0.022916667 0.033125 0.022916667 0.022708333 0.015138889 0.0125 0.017708333 0.0171875 0.018416667 0.020146991 0.020929398 0.01897338 0.019375 0.02 0.04
0.916666667 0.03875 0.022708333 0.022916667 0.028125 0.021875 0.020416667 0.013055556 0.013055556 0.017534722 0.016840278 0.01625 0.021125 0.01897338 0.018777778 0.020208333 0.01875 0.038333333
0.958333333 0.04375 0.020208333 0.02 0.034375 0.022291667 0.01875 0.014722222 0.013194444 0.018923611 0.016493056 0.01625 0.020146991 0.018386574 0.020929398 0.021666667 0.0225 0.039583333