0.291666667 0.041666667 0.020833333 0.020833333 0.03125 0.020833333 0.020833333 0.013888889 0.013888889 0.017361111 0.017361111 0.018055556 0.019560185 0.019560185 0.019560185 0.020833333 0.020833333 0.041666667
0.333333333 0.041666667 0.020833333 0.020833333 0.03125 0.020833333 0.020833333 0.013888889 0.013888889 0.017361111 0.017361111 0.018055556 0.019560185 0.019560185 0.019560185 0.020833333 0.020833333 0.041666667
0.375 0.041666667 0.020833333 0.020833333 0.03125 0.020833333 0.020833333 0.013888889 0.013888889 0.017361111 0.017361111 0.018055556 0.019560185 0.019560185 0.019560185 0.020833333 0.020833333 0.041666667
0.416666667 0.041666667 0.020833333 0.020833333 0.03125 0.020833333 0.020833333 0.013888889 0.013888889 0.017361111 0.017361111 0.018055556 0.019560185 0.019560185 0.019560185 0.020833333 0.020833333 0.041666667
0.458333333 0.0375 0.02125 0.021666667 0.0328125 0.018958333 0.020625 0.014027778 0.014583333 0.015798611 0.017708333 0.017333333 0.020538194 0.021125 0.020146991 0.022708333 0.0225 0.044166667
0.5 0.045416667 0.02125 0.022083333 0.0340625 0.01875 0.018958333 0.013472222 0.013194444 0.016666667 0.016319444 0.019319444 0.020538194 0.020929398 0.018190972 0.022083333 0.0225 0.04
0.541666667 0.04375 0.022291667 0.020625 0.0325 0.020208333 0.019375 0.015138889 0.013194444 0.019097222 0.015625 0.019319444 0.017604167 0.018386574 0.018386574 0.018958333 0.02125 0.045416667
0.583333333 0.03875 0.02 0.021458333 0.0309375 0.02125 0.018958333 0.014305556 0.014583333 0.019097222 0.016319444 0.0195 0.020538194 0.019168981 0.018582176 0.022916667 0.019583333 0.03875
0.625 0.040416667 0.021666667 0.01875 0.0296875 0.0225 0.021666667 0.014583333 0.012916667 0.016145833 0.017013889 0.017513889 0.01799537 0.01799537 0.021516204 0.018958333 0.022291667 0.037916667
0.666666667 0.041666667 0.022708333 0.020625 0.0321875 0.022291667 0.020416667 0.014861111 0.014722222 0.017361111 0.018055556 0.018416667 0.017604167 0.019560185 0.019364583 0.019375 0.020833333 0.045
0.708333333 0.0425 0.0225 0.018958333 0.030625 0.019375 0.020208333 0.014166667 0.012916667 0.01875 0.018923611 0.01625 0.020146991 0.021516204 0.018190972 0.021666667 0.0225 0.040833333
0.75 0.04125 0.021666667 0.022916667 0.031875 0.018958333 0.01875 0.013194444 0.01375 0.015798611 0.016666667 0.016972222 0.018386574 0.019364583 0.018386574 0.021041667 0.01875 0.037916667
0.791666667 0.04375 0.02125 0.021041667 0.034375 0.020833333 0.018958333 0.014305556 0.013194444 0.017534722 0.015625 0.017875 0.019560185 0.018190972 0.020538194 0.0225 0.020625 0.03875
0.833333333 0.04 0.019375 0.022916667 0.033125 0.022916667 0.022708333 0.015138889 0.0125 0.017708333 0.0171875 0.018416667 0.020146991 0.020929398 0.01897338 0.019375 0.02 0.04
0.875 0.044583333 0.018958333 0.020833333 0.03375 0.0225 0.021666667 0.013611111 0.014166667 0.016840278 0.018923611 0.017694444 0.020342593 0.021516204 0.020929398 0.02125 0.019791667 0.039583333
0.916666667 0.03875 0.022708333 0.022916667 0.028125 0.021875 0.020416667 0.013055556 0.013055556 0.017534722 0.016840278 0.01625 0.021125 0.01897338 0.018777778 0.020208333 0.01875 0.038333333
0.958333333 0.04375 0.020208333 0.02 0.034375 0.022291667 0.01875 0.014722222 0.013194444 0.018923611 0.016493056 0.01625 0.020146991 0.018386574 0.020929398 0.021666667 0.0225 0.039583333
0.291666667 0.041666667 0.020833333 0.020833333 0.03125 0.020833333 0.020833333 0.013888889 0.013888889 0.017361111 0.017361111 0.018055556 0.019560185 0.019560185 0.019560185 0.020833333 0.020833333 0.041666667
0.333333333 0.041666667 0.020833333 0.020833333 0.03125 0.020833333 0.020833333 0.013888889 0.013888889 0.017361111 0.017361111 0.018055556 0.019560185 0.019560185 0.019560185 0.020833333 0.020833333 0.041666667
0.375 0.041666667 0.020833333 0.020833333 0.03125 0.020833333 0.020833333 0.013888889 0.013888889 0.017361111 0.017361111 0.018055556 0.019560185 0.019560185 0.019560185 0.020833333 0.020833333 0.041666667
0.416666667 0.041666667 0.020833333 0.020833333 0.03125 0.020833333 0.020833333 0.013888889 0.013888889 0.017361111 0.017361111 0.018055556 0.019560185 0.019560185 0.019560185 0.020833333 0.020833333 0.041666667
0.458333333 0.037916667 0.020416667 0.01875 0.0340625 0.02 0.020416667 0.014722222 0.013611111 0.015625 0.017881944 0.017875 0.018777778 0.021125 0.017799769 0.02 0.020208333 0.040416667
0.5 0.042083333 0.019375 0.020625 0.0296875 0.022291667 0.02 0.013333333 0.013194444 0.018923611 0.019097222 0.019138889 0.021320602 0.019951389 0.021320602 0.019583333 0.021458333 0.045833333
0.541666667 0.045 0.019791667 0.020625 0.02875 0.019791667 0.021666667 0.013888889 0.01375 0.01875 0.016666667 0.018777778 0.019364583 0.020146991 0.019755787 0.02 0.020416667 0.044166667
0.583333333 0.041666667 0.021666667 0.022083333 0.0321875 0.022708333 0.020833333 0.015 0.014444444 0.016840278 0.018229167 0.0195 0.019560185 0.020146991 0.020733796 0.01875 0.021041667 0.039583333
0.625 0.041666667 0.01875 0.021666667 0.0340625 0.0225 0.02 0.014027778 0.013611111 0.015625 0.018229167 0.017875 0.018190972 0.020733796 0.018777778 0.018958333 0.022916667 0.042916667
0.666666667 0.043333333 0.019791667 0.020416667 0.0290625 0.020416667 0.021458333 0.014583333 0.012777778 0.018055556 0.017881944 0.019138889 0.019560185 0.017604167 0.018190972 0.022291667 0.021458333 0.042083333
0.708333333 0.04375 0.021041667 0.019375 0.03 0.020833333 0.020833333 0.015138889 0.014722222 0.016319444 0.017361111 0.018958333 0.021320602 0.020538194 0.020342593 0.019166667 0.021666667 0.037916667
0.75 0.043333333 0.02 0.022083333 0.0303125 0.019375 0.022708333 0.014583333 0.013333333 0.017361111 0.017881944 0.018416667 0.017604167 0.020146991 0.017799769 0.021458333 0.022291667 0.043333333
0.791666667 0.04125 0.022291667 0.020416667 0.02875 0.020208333 0.021458333 0.012638889 0.014861111 0.018229167 0.016145833 0.016791667 0.018777778 0.020538194 0.01897338 0.022708333 0.021041667 0.04
0.833333333 0.037916667 0.018958333 0.020833333 0.03 0.018958333 0.01875 0.014305556 0.015 0.017708333 0.016666667 0.018055556 0.018582176 0.018190972 0.019168981 0.022291667 0.021458333 0.039166667
0.875 0.044166667 0.02 0.020416667 0.0309375 0.022083333 0.021875 0.014166667 0.014583333 0.018229167 0.018576389 0.016791667 0.018190972 0.018386574 0.020146991 0.021666667 0.022083333 0.04125
0.916666667 0.04375 0.019375 0.019583333 0.03375 0.021666667 0.022083333 0.014444444 0.01375 0.016493056 0.018055556 0.018777778 0.019951389 0.020342593 0.021125 0.022083333 0.02125 0.042916667
0.958333333 0.04125 0.01875 0.020833333 0.0334375 0.019791667 0.022916667 0.014583333 0.014861111 0.0171875 0.018402778 0.017875 0.020538194 0.017799769 0.019364583 0.019791667 0.019166667 0.04375
0.291666667 0.041666667 0.020833333 0.020833333 0.03125 0.020833333 0.020833333 0.013888889 0.013888889 0.017361111 0.017361111 0.018055556 0.019560185 0.019560185 0.019560185 0.020833333 0.020833333 0.041666667
0.333333333 0.041666667 0.020833333 0.020833333 0.03125 0.020833333 0.020833333 0.013888889 0.013888889 0.017361111 0.017361111 0.018055556 0.019560185 0.019560185 0.019560185 0.020833333 0.020833333 0.041666667
0.375 0.041666667 0.020833333 0.020833333 0.03125 0.020833333 0.020833333 0.013888889 0.013888889 0.017361111 0.017361111 0.018055556 0.019560185 0.019560185 0.019560185 0.020833333 0.020833333 0.041666667
0.416666667 0.041666667 0.020833333 0.020833333 0.03125 0.020833333 0.020833333 0.013888889 0.013888889 0.017361111 0.017361111 0.018055556 0.019560185 0.019560185 0.019560185 0.020833333 0.020833333 0.041666667
0.458333333 0.039166667 0.019375 0.019791667 0.0309375 0.019583333 0.021041667 0.013194444 0.014722222 0.017881944 0.017013889 0.016430556 0.021125 0.020733796 0.019364583 0.019375 0.020833333 0.045833333
0.5 0.045 0.021458333 0.021041667 0.02875 0.01875 0.021458333 0.012638889 0.012777778 0.016666667 0.016666667 0.018416667 0.020146991 0.019560185 0.020929398 0.01875 0.022083333 0.041666667
0.541666667 0.040833333 0.020625 0.021875 0.0315625 0.019583333 0.020625 0.014305556 0.013888889 0.017361111 0.016840278 0.018777778 0.018386574 0.01897338 0.019560185 0.021458333 0.019791667 0.03875
0.583333333 0.03875 0.021041667 0.021041667 0.0315625 0.020833333 0.019583333 0.013055556 0.013611111 0.016145833 0.019097222 0.017333333 0.020146991 0.019560185 0.020342593 0.018958333 0.020416667 0.038333333
0.625 0.044583333 0.01875 0.020416667 0.03375 0.022916667 0.01875 0.015277778 0.013333333 0.016666667 0.019097222 0.018597222 0.017799769 0.021516204 0.018582176 0.019166667 0.021875 0.041666667
0.666666667 0.039166667 0.01875 0.02125 0.029375 0.022291667 0.019583333 0.013611111 0.013611111 0.018576389 0.016145833 0.019861111 0.018190972 0.020929398 0.020146991 0.019583333 0.018958333 0.044166667
0.708333333 0.045833333 0.019375 0.021875 0.02875 0.020208333 0.018958333 0.014166667 0.014305556 0.018402778 0.016493056 0.019319444 0.018777778 0.020733796 0.020929398 0.021041667 0.021041667 0.041666667
0.75 0.04375 0.020625 0.02125 0.0296875 0.020625 0.018958333 0.013888889 0.015 0.018402778 0.01875 0.019319444 0.019560185 0.018386574 0.019168981 0.019375 0.020208333 0.04
0.791666667 0.037916667 0.02125 0.019166667 0.0325 0.019166667 0.019375 0.0125 0.015 0.016666667 0.015625 0.01625 0.019364583 0.019951389 0.017799769 0.022083333 0.019791667 0.043333333
0.833333333 0.03875 0.022291667 0.019583333 0.0309375 0.020625 0.020208333 0.012777778 0.014166667 0.017013889 0.018576389 0.019319444 0.018190972 0.019168981 0.021125 0.022916667 0.020833333 0.045
0.875 0.037916667 0.022083333 0.020625 0.0340625 0.01875 0.020416667 0.01375 0.013194444 0.01875 0.01875 0.017333333 0.020733796 0.019951389 0.019364583 0.02 0.022916667 0.04375
0.916666667 0.044166667 0.019583333 0.021875 0.0328125 0.019791667 0.020625 0.013611111 0.014027778 0.018229167 0.017013889 0.018597222 0.019951389 0.019560185 0.019560185 0.01875 0.021875 0.039166667
0.958333333 0.044583333 0.019166667 0.01875 0.033125 0.019166667 0.021458333 0.014166667 0.015 0.016666667 0.016319444 0.018597222 0.019755787 0.018582176 0.020342593 0.01875 0.021666667 0.04125
0.291666667 0.041666667 0.020833333 0.020833333 0.03125 0.020833333 0.020833333 0.013888889 0.013888889 0.017361111 0.017361111 0.018055556 0.019560185 0.019560185 0.019560185 0.020833333 0.020833333 0.041666667
0.333333333 0.041666667 0.020833333 0.020833333 0.03125 0.020833333 0.020833333 0.013888889 0.013888889 0.017361111 0.017361111 0.018055556 0.019560185 0.019560185 0.019560185 0.020833333 0.020833333 0.041666667
0.375 0.041666667 0.020833333 0.020833333 0.03125 0.020833333 0.020833333 0.013888889 0.013888889 0.017361111 0.017361111 0.018055556 0.019560185 0.019560185 0.019560185 0.020833333 0.020833333 0.041666667
0.416666667 0.041666667 0.020833333 0.020833333 0.03125 0.020833333 0.020833333 0.013888889 0.013888889 0.017361111 0.017361111 0.018055556 0.019560185 0.019560185 0.019560185 0.020833333 0.020833333 0.041666667
0.458333333 0.042083333 0.022916667 0.021458333 0.0290625 0.022708333 0.021875 0.014861111 0.012777778 0.018402778 0.016840278 0.016430556 0.018582176 0.019168981 0.018190972 0.019791667 0.022708333 0.039583333
0.5 0.045833333 0.022083333 0.022083333 0.030625 0.018958333 0.019583333 0.013611111 0.014861111 0.0171875 0.018055556 0.01625 0.018190972 0.020342593 0.020342593 0.019166667 0.02125 0.04125
0.541666667 0.043333333 0.021458333 0.021875 0.0303125 0.019791667 0.020416667 0.013472222 0.015 0.019097222 0.016840278 0.016611111 0.019755787 0.018386574 0.018582176 0.020625 0.021041667 0.041666667
0.583333333 0.0375 0.019791667 0.01875 0.03375 0.022708333 0.022708333 0.01375 0.014027778 0.0171875 0.016666667 0.017333333 0.01897338 0.018582176 0.021125 0.01875 0.018958333 0.045
0.625 0.039583333 0.02 0.021875 0.0325 0.022083333 0.02 0.015277778 0.014166667 0.0171875 0.016145833 0.016972222 0.020342593 0.017604167 0.020929398 0.022291667 0.019166667 0.038333333
0.666666667 0.042916667 0.022708333 0.022916667 0.0340625 0.019583333 0.019375 0.013888889 0.013472222 0.018923611 0.019097222 0.018597222 0.019364583 0.019364583 0.020538194 0.018958333 0.019375 0.041666667
0.708333333 0.045833333 0.022708333 0.021041667 0.02875 0.01875 0.02 0.015 0.014166667 0.018923611 0.019097222 0.017875 0.019951389 0.021516204 0.020146991 0.021666667 0.020833333 0.044583333
0.75 0.044166667 0.019375 0.021041667 0.03125 0.022291667 0.01875 0.013055556 0.0125 0.019097222 0.017881944 0.0195 0.018582176 0.021320602 0.019755787 0.021666667 0.02125 0.043333333
0.791666667 0.04 0.019375 0.01875 0.0309375 0.020625 0.021666667 0.014305556 0.014722222 0.017013889 0.018055556 0.017694444 0.020342593 0.018386574 0.01897338 0.020208333 0.018958333 0.041666667
0.833333333 0.042916667 0.01875 0.019375 0.0328125 0.020416667 0.020833333 0.013888889 0.015 0.016840278 0.018576389 0.019680556 0.019560185 0.01897338 0.021516204 0.0225 0.020208333 0.042083333
0.875 0.045 0.01875 0.021666667 0.03 0.021875 0.018958333 0.012916667 0.014166667 0.015798611 0.019097222 0.017152778 0.019951389 0.017604167 0.017604167 0.020833333 0.022708333 0.044583333
0.916666667 0.045 0.022708333 0.020625 0.0315625 0.021875 0.022291667 0.015138889 0.013611111 0.018576389 0.01875 0.017333333 0.021516204 0.021516204 0.018582176 0.022916667 0.018958333 0.044583333
0.958333333 0.042083333 0.020208333 0.019791667 0.03125 0.022083333 0.020416667 0.012916667 0.01375 0.017881944 0.015625 0.017694444 0.018777778 0.021125 0.021516204 0.020208333 0.022916667 0.040416667
0.291666667 0.041666667 0.020833333 0.020833333 0.03125 0.020833333 0.020833333 0.013888889 0.013888889 0.017361111 0.017361111 0.018055556 0.019560185 0.019560185 0.019560185 0.020833333 0.020833333 0.041666667
0.333333333 0.041666667 0.020833333 0.020833333 0.03125 0.020833333 0.020833333 0.013888889 0.013888889 0.017361111 0.017361111 0.018055556 0.019560185 0.019560185 0.019560185 0.020833333 0.020833333 0.041666667
0.375 0.041666667 0.020833333 0.020833333 0.03125 0.020833333 0.020833333 0.013888889 0.013888889 0.017361111 0.017361111 0.018055556 0.019560185 0.019560185 0.019560185 0.020833333 0.020833333 0.041666667
0.416666667 0.041666667 0.020833333 0.020833333 0.03125 0.020833333 0.020833333 0.013888889 0.013888889 0.017361111 0.017361111 0.018055556 0.019560185 0.019560185 0.019560185 0.020833333 0.020833333 0.041666667
0.458333333 0.037916667 0.020208333 0.022916667 0.030625 0.0225 0.021875 0.014027778 0.0125 0.016145833 0.017361111 0.018777778 0.018190972 0.020929398 0.018777778 0.021666667 0.019375 0.040416667
0.5 0.044583333 0.019583333 0.021666667 0.030625 0.0225 0.019166667 0.013194444 0.015 0.01875 0.016319444 0.018597222 0.019364583 0.018582176 0.020146991 0.022916667 0.019583333 0.042916667
0.541666667 0.04 0.021875 0.021041667 0.029375 0.021875 0.022291667 0.014583333 0.012638889 0.017534722 0.015972222 0.018958333 0.020733796 0.021125 0.019951389 0.021666667 0.0225 0.04
0.583333333 0.043333333 0.020625 0.021458333 0.0321875 0.0225 0.021041667 0.012638889 0.014166667 0.015798611 0.019097222 0.017694444 0.01799537 0.01799537 0.020929398 0.021666667 0.019583333 0.042916667
0.625 0.044166667 0.019166667 0.02 0.0290625 0.02 0.01875 0.012638889 0.014305556 0.018576389 0.016319444 0.016972222 0.019364583 0.020342593 0.017799769 0.019583333 0.022083333 0.04
0.666666667 0.0375 0.019166667 0.022916667 0.034375 0.022916667 0.022291667 0.014166667 0.015 0.016319444 0.015972222 0.016791667 0.020342593 0.017604167 0.021516204 0.01875 0.02125 0.043333333
0.708333333 0.045833333 0.021666667 0.018958333 0.0290625 0.022916667 0.022916667 0.014027778 0.013055556 0.016319444 0.016145833 0.018055556 0.020146991 0.020342593 0.020342593 0.021875 0.020833333 0.0375
0.75 0.041666667 0.020833333 0.021666667 0.028125 0.02 0.019583333 0.014583333 0.015 0.015798611 0.017881944 0.018055556 0.017604167 0.01897338 0.021125 0.020833333 0.020416667 0.0425
0.791666667 0.043333333 0.019583333 0.020833333 0.030625 0.021875 0.021666667 0.014166667 0.014027778 0.016666667 0.017881944 0.0195 0.018582176 0.019560185 0.019168981 0.021875 0.022708333 0.0425
0.833333333 0.04 0.020208333 0.01875 0.02875 0.021041667 0.022708333 0.013194444 0.014166667 0.018923611 0.0171875 0.019138889 0.021516204 0.017604167 0.019951389 0.018958333 0.020833333 0.037916667
0.875 0.042916667 0.021041667 0.022708333 0.0334375 0.019583333 0.01875 0.014583333 0.014027778 0.0171875 0.017361111 0.017333333 0.01897338 0.021320602 0.021320602 0.021458333 0.019166667 0.04125
0.916666667 0.042083333 0.022083333 0.020208333 0.0284375 0.021666667 0.020625 0.014722222 0.012916667 0.015972222 0.018055556 0.019861111 0.01897338 0.017604167 0.019560185 0.018958333 0.019375 0.039583333
0.958333333 0.0425 0.02125 0.0225 0.0334375 0.020833333 0.01875 0.014583333 0.015277778 0.017361111 0.01875 0.017333333 0.020929398 0.019560185 0.020146991 0.01875 0.020625 0.039583333
0.291666667 0.041666667 0.020833333 0.020833333 0.03125 0.020833333 0.020833333 0.013888889 0.013888889 0.017361111 0.017361111 0.018055556 0.019560185 0.019560185 0.019560185 0.020833333 0.020833333 0.041666667
0.333333333 0.041666667 0.020833333 0.020833333 0.03125 0.020833333 0.020833333 0.013888889 0.013888889 0.017361111 0.017361111 0.018055556 0.019560185 0.019560185 0.019560185 0.020833333 0.020833333 0.041666667
0.375 0.041666667 0.020833333 0.020833333 0.03125 0.020833333 0.020833333 0.013888889 0.013888889 0.017361111 0.017361111 0.018055556 0.019560185 0.019560185 0.019560185 0.020833333 0.020833333 0.041666667
0.416666667 0.041666667 0.020833333 0.020833333 0.03125 0.020833333 0.020833333 0.013888889 0.013888889 0.017361111 0.017361111 0.018055556 0.019560185 0.019560185 0.019560185 0.020833333 0.020833333 0.041666667
0.458333333 0.040416667 0.021458333 0.019166667 0.033125 0.021458333 0.020625 0.014305556 0.01375 0.017534722 0.016666667 0.018777778 0.017604167 0.020733796 0.020538194 0.02125 0.018958333 0.04
0.5 0.0375 0.022708333 0.019583333 0.03375 0.01875 0.018958333 0.014583333 0.013888889 0.015625 0.015625 0.019861111 0.020538194 0.018190972 0.017799769 0.020625 0.019791667 0.044583333
0.541666667 0.042083333 0.019375 0.020416667 0.033125 0.019375 0.022916667 0.014861111 0.015138889 0.015972222 0.015798611 0.016611111 0.021125 0.019755787 0.019560185 0.021041667 0.019583333 0.042083333
0.583333333 0.043333333 0.021458333 0.020625 0.033125 0.021041667 0.020625 0.012916667 0.0125 0.019097222 0.017534722 0.019861111 0.019951389 0.01897338 0.019755787 0.02125 0.021041667 0.044583333
0.625 0.039166667 0.022916667 0.019166667 0.0325 0.018958333 0.02125 0.013888889 0.014166667 0.016840278 0.018229167 0.018416667 0.019364583 0.020733796 0.021516204 0.0225 0.019375 0.040416667
0.666666667 0.045 0.021875 0.020833333 0.031875 0.018958333 0.020625 0.013055556 0.014027778 0.018576389 0.018402778 0.016430556 0.020929398 0.020538194 0.020146991 0.020208333 0.022291667 0.040416667
0.708333333 0.042916667 0.019375 0.020208333 0.0309375 0.021666667 0.022708333 0.013472222 0.012916667 0.01875 0.016145833 0.01625 0.018582176 0.019951389 0.020146991 0.02 0.02125 0.039583333
0.75 0.0375 0.019583333 0.0225 0.0296875 0.02125 0.018958333 0.014027778 0.014583333 0.015798611 0.015625 0.018958333 0.019951389 0.017604167 0.019560185 0.018958333 0.020416667 0.037916667
0.791666667 0.044166667 0.021666667 0.021458333 0.0340625 0.019166667 0.021875 0.012638889 0.01375 0.018402778 0.017534722 0.0195 0.017604167 0.01897338 0.021320602 0.022291667 0.022708333 0.043333333
0.833333333 0.041666667 0.019791667 0.020416667 0.03 0.021666667 0.0225 0.013472222 0.013611111 0.015972222 0.018576389 0.018236111 0.018777778 0.020146991 0.019951389 0.021458333 0.022708333 0.039583333
0.875 0.040416667 0.020208333 0.022708333 0.0325 0.022291667 0.022916667 0.015 0.013055556 0.016493056 0.015972222 0.016430556 0.019951389 0.018386574 0.01897338 0.020208333 0.020416667 0.045416667
0.916666667 0.044166667 0.02 0.020416667 0.030625 0.020416667 0.01875 0.015 0.012638889 0.01875 0.016145833 0.017875 0.018777778 0.017604167 0.020733796 0.022291667 0.020625 0.038333333
0.958333333 0.04125 0.019375 0.019375 0.0290625 0.020833333 0.020416667 0.014305556 0.012777778 0.016493056 0.016666667 0.018597222 0.018777778 0.017604167 0.019364583 0.019166667 0.020416667 0.045
0.291666667 0.041666667 0.020833333 0.020833333 0.03125 0.020833333 0.020833333 0.013888889 0.013888889 0.017361111 0.017361111 0.018055556 0.019560185 0.019560185 0.019560185 0.020833333 0.020833333 0.041666667
0.333333333 0.041666667 0.020833333 0.020833333 0.03125 0.020833333 0.020833333 0.013888889 0.013888889 0.017361111 0.017361111 0.018055556 0.019560185 0.019560185 0.019560185 0.020833333 0.020833333 0.041666667
0.375 0.041666667 0.020833333 0.020833333 0.03125 0.020833333 0.020833333 0.013888889 0.013888889 0.017361111 0.017361111 0.018055556 0.019560185 0.019560185 0.019560185 0.020833333 0.020833333 0.041666667
0.416666667 0.041666667 0.020833333 0.020833333 0.03125 0.020833333 0.020833333 0.013888889 0.013888889 0.017361111 0.017361111 0.018055556 0.019560185 0.019560185 0.019560185 0.020833333 0.020833333 0.041666667
0.458333333 0.045833333 0.019791667 0.019166667 0.0321875 0.018958333 0.019375 0.015138889 0.013611111 0.015798611 0.017534722 0.018958333 0.019560185 0.020929398 0.019560185 0.021875 0.022916667 0.0425
0.5 0.045 0.021458333 0.020416667 0.0325 0.022916667 0.019583333 0.012638889 0.014027778 0.017708333 0.017534722 0.0195 0.019168981 0.021125 0.017799769 0.019375 0.020833333 0.045416667
0.541666667 0.040416667 0.021041667 0.019375 0.0290625 0.020208333 0.02 0.014861111 0.013472222 0.018923611 0.018055556 0.019319444 0.019951389 0.020733796 0.020146991 0.020833333 0.020416667 0.045
0.583333333 0.042083333 0.021875 0.021458333 0.034375 0.0225 0.01875 0.015 0.015277778 0.018576389 0.015972222 0.017875 0.020342593 0.021320602 0.021320602 0.02 0.022291667 0.038333333
0.625 0.038333333 0.019791667 0.020208333 0.033125 0.019583333 0.01875 0.014305556 0.012916667 0.015798611 0.018229167 0.018958333 0.020929398 0.020538194 0.020733796 0.021875 0.020208333 0.040416667
0.666666667 0.04125 0.01875 0.020833333 0.034375 0.02 0.018958333 0.013055556 0.014166667 0.018055556 0.015798611 0.017513889 0.017604167 0.019951389 0.01897338 0.020416667 0.021875 0.03875
0.708333333 0.0375 0.022916667 0.022291667 0.0315625 0.022291667 0.020416667 0.014583333 0.014027778 0.016493056 0.0171875 0.01625 0.017604167 0.019560185 0.020929398 0.019583333 0.018958333 0.038333333
0.75 0.038333333 0.018958333 0.022291667 0.029375 0.02 0.019166667 0.014444444 0.01375 0.016666667 0.01875 0.018597222 0.019951389 0.017604167 0.018777778 0.022291667 0.019791667 0.040833333
0.791666667 0.044166667 0.021666667 0.021666667 0.0315625 0.020208333 0.018958333 0.014722222 0.014583333 0.016666667 0.019097222 0.01625 0.020929398 0.019560185 0.018386574 0.020833333 0.022083333 0.03875
0.833333333 0.043333333 0.019791667 0.020208333 0.030625 0.020208333 0.020208333 0.013472222 0.012638889 0.017881944 0.015798611 0.018777778 0.019951389 0.020538194 0.018582176 0.01875 0.019375 0.040416667
0.875 0.042083333 0.021458333 0.022083333 0.03125 0.019375 0.020416667 0.013333333 0.015277778 0.015972222 0.017013889 0.019138889 0.019560185 0.019951389 0.019168981 0.02125 0.018958333 0.044166667
0.916666667 0.0375 0.019583333 0.018958333 0.0334375 0.019375 0.02125 0.013055556 0.012777778 0.0171875 0.01875 0.016791667 0.021320602 0.021320602 0.020733796 0.020625 0.019375 0.040416667
0.958333333 0.042916667 0.022291667 0.019166667 0.0309375 0.019791667 0.022916667 0.014861111 0.014027778 0.018576389 0.018055556 0.017152778 0.019560185 0.021125 0.021320602 0.020833333 0.022291667 0.040416667
0.291666667 0.041666667 0.020833333 0.020833333 0.03125 0.020833333 0.020833333 0.013888889 0.013888889 0.017361111 0.017361111 0.018055556 0.019560185 0.019560185 0.019560185 0.020833333 0.020833333 0.041666667
0.333333333 0.041666667 0.020833333 0.020833333 0.03125 0.020833333 0.020833333 0.013888889 0.013888889 0.017361111 0.017361111 0.018055556 0.019560185 0.019560185 0.019560185 0.020833333 0.020833333 0.041666667
0.375 0.041666667 0.020833333 0.020833333 0.03125 0.020833333 0.020833333 0.013888889 0.013888889 0.017361111 0.017361111 0.018055556 0.019560185 0.019560185 0.019560185 0.020833333 0.020833333 0.041666667
0.416666667 0.041666667 0.020833333 0.020833333 0.03125 0.020833333 0.020833333 0.013888889 0.013888889 0.017361111 0.017361111 0.018055556 0.019560185 0.019560185 0.019560185 0.020833333 0.020833333 0.041666667
0.458333333 0.04375 0.019583333 0.019375 0.0340625 0.019583333 0.02 0.015 0.01375 0.016493056 0.01875 0.018416667 0.020733796 0.018190972 0.01897338 0.022291667 0.020833333 0.045833333
0.5 0.04125 0.020416667 0.021666667 0.031875 0.020208333 0.01875 0.013472222 0.014305556 0.017708333 0.015798611 0.018777778 0.020733796 0.018190972 0.021125 0.021041667 0.020416667 0.037916667
0.541666667 0.043333333 0.021458333 0.020416667 0.0334375 0.022291667 0.01875 0.013888889 0.014305556 0.017881944 0.01875 0.016430556 0.021125 0.019168981 0.020342593 0.021041667 0.019791667 0.045416667
0.583333333 0.03875 0.022083333 0.021458333 0.0328125 0.021041667 0.019791667 0.0125 0.014583333 0.018402778 0.016666667 0.016791667 0.020146991 0.020929398 0.018386574 0.018958333 0.020625 0.03875
0.625 0.045 0.022916667 0.02125 0.031875 0.021041667 0.021875 0.012916667 0.014722222 0.016840278 0.018576389 0.016611111 0.020538194 0.021320602 0.018582176 0.019375 0.02125 0.03875
0.666666667 0.04375 0.021458333 0.018958333 0.030625 0.0225 0.021458333 0.015138889 0.012638889 0.016319444 0.0171875 0.0195 0.019560185 0.017799769 0.01799537 0.021666667 0.019375 0.0425
0.708333333 0.039166667 0.01875 0.020416667 0.030625 0.021458333 0.020625 0.01375 0.012777778 0.017708333 0.01875 0.018416667 0.018777778 0.019951389 0.020538194 0.021875 0.019583333 0.038333333
0.75 0.044166667 0.022083333 0.021875 0.0328125 0.020416667 0.021875 0.015138889 0.014583333 0.018576389 0.016493056 0.018597222 0.020342593 0.020929398 0.019560185 0.01875 0.019583333 0.045833333
0.791666667 0.03875 0.022083333 0.02 0.029375 0.019166667 0.020625 0.014305556 0.012777778 0.018055556 0.016666667 0.018055556 0.019168981 0.019560185 0.017604167 0.020625 0.019166667 0.04375
0.833333333 0.037916667 0.02 0.022083333 0.0321875 0.019166667 0.021041667 0.014583333 0.013611111 0.016666667 0.018576389 0.018958333 0.018582176 0.021516204 0.020733796 0.018958333 0.020625 0.040416667
0.875 0.045416667 0.021666667 0.021875 0.03125 0.022916667 0.018958333 0.015138889 0.015277778 0.015798611 0.018923611 0.018055556 0.018582176 0.018386574 0.019755787 0.019583333 0.021666667 0.04125
0.916666667 0.0425 0.020416667 0.021666667 0.0321875 0.018958333 0.022083333 0.014583333 0.014166667 0.019097222 0.016493056 0.019861111 0.01799537 0.01799537 0.020538194 0.021666667 0.019791667 0.041666667
0.958333333 0.039166667 0.019375 0.022291667 0.0321875 0.02125 0.020208333 0.015 0.013472222 0.017013889 0.017708333 0.019138889 0.021320602 0.020733796 0.020733796 0.018958333 0.020625 0.040833333
0.291666667 0.041666667 0.020833333 0.020833333 0.03125 0.020833333 0.020833333 0.013888889 0.013888889 0.017361111 0.017361111 0.018055556 0.019560185 0.019560185 0.019560185 0.020833333 0.020833333 0.041666667
0.333333333 0.041666667 0.020833333 0.020833333 0.03125 0.020833333 0.020833333 0.013888889 0.013888889 0.017361111 0.017361111 0.018055556 0.019560185 0.019560185 0.019560185 0.020833333 0.020833333 0.041666667
0.375 0.041666667 0.020833333 0.020833333 0.03125 0.020833333 0.020833333 0.013888889 0.013888889 0.017361111 0.017361111 0.018055556 0.019560185 0.019560185 0.019560185 0.020833333 0.020833333 0.041666667
0.416666667 0.041666667 0.020833333 0.020833333 0.03125 0.020833333 0.020833333 0.013888889 0.013888889 0.017361111 0.017361111 0.018055556 0.019560185 0.019560185 0.019560185 0.020833333 0.020833333 0.041666667
0.458333333 0.044166667 0.021041667 0.021041667 0.029375 0.019166667 0.019791667 0.014583333 0.014166667 0.015798611 0.017534722 0.016611111 0.021320602 0.018777778 0.020929398 0.022083333 0.019583333 0.042916667
0.5 0.0425 0.020208333 0.020208333 0.0325 0.022291667 0.022291667 0.012777778 0.013194444 0.016319444 0.0171875 0.017333333 0.018190972 0.01799537 0.020929398 0.01875 0.02125 0.039166667
0.541666667 0.044166667 0.021875 0.019166667 0.03125 0.021666667 0.019583333 0.014027778 0.013888889 0.015798611 0.016145833 0.019319444 0.020929398 0.021320602 0.018386574 0.022083333 0.022708333 0.045
0.583333333 0.044583333 0.021875 0.022291667 0.0303125 0.019583333 0.019375 0.014722222 0.01375 0.017881944 0.016319444 0.016791667 0.019364583 0.020733796 0.018777778 0.01875 0.022291667 0.045833333
0.625 0.0425 0.019583333 0.018958333 0.0328125 0.019583333 0.021458333 0.013055556 0.014305556 0.018402778 0.01875 0.01625 0.020929398 0.020929398 0.018190972 0.019166667 0.0225 0.043333333
0.666666667 0.04 0.019791667 0.020833333 0.0328125 0.019791667 0.020625 0.014583333 0.012638889 0.01875 0.015798611 0.017333333 0.020538194 0.018777778 0.019364583 0.021875 0.022708333 0.045
0.708333333 0.041666667 0.019583333 0.01875 0.0325 0.020416667 0.019791667 0.014444444 0.015138889 0.015972222 0.01875 0.018236111 0.01799537 0.020146991 0.017604167 0.021666667 0.022083333 0.04
0.75 0.039583333 0.021875 0.01875 0.0284375 0.021041667 0.021875 0.014722222 0.012638889 0.018923611 0.017534722 0.017694444 0.019560185 0.018777778 0.021320602 0.019583333 0.022083333 0.039166667
0.791666667 0.03875 0.019583333 0.021666667 0.0303125 0.020625 0.022708333 0.013611111 0.013611111 0.018402778 0.017361111 0.0195 0.01799537 0.018582176 0.019168981 0.020416667 0.021041667 0.043333333
0.833333333 0.04125 0.021041667 0.018958333 0.0325 0.022916667 0.022708333 0.01375 0.013611111 0.017013889 0.019097222 0.018055556 0.021125 0.019560185 0.020146991 0.02 0.022291667 0.043333333
0.875 0.040833333 0.018958333 0.019375 0.0321875 0.019791667 0.021041667 0.013055556 0.013472222 0.017013889 0.018055556 0.017333333 0.021125 0.017799769 0.021125 0.019791667 0.021458333 0.04125
0.916666667 0.044583333 0.022916667 0.021458333 0.02875 0.021458333 0.02125 0.013611111 0.015138889 0.017881944 0.018923611 0.018777778 0.019951389 0.017604167 0.01799537 0.021041667 0.018958333 0.04
0.958333333 0.0425 0.020625 0.019166667 0.031875 0.022291667 0.021458333 0.013333333 0.013333333 0.018923611 0.017881944 0.017875 0.019364583 0.018777778 0.018777778 0.02 0.022916667 0.042083333
0.291666667 0.041666667 0.020833333 0.020833333 0.03125 0.020833333 0.020833333 0.013888889 0.013888889 0.017361111 0.017361111 0.018055556 0.019560185 0.019560185 0.019560185 0.020833333 0.020833333 0.041666667
0.333333333 0.041666667 0.020833333 0.020833333 0.03125 0.020833333 0.020833333 0.013888889 0.013888889 0.017361111 0.017361111 0.018055556 0.019560185 0.019560185 0.019560185 0.020833333 0.020833333 0.041666667
0.375 0.041666667 0.020833333 0.020833333 0.03125 0.020833333 0.020833333 0.013888889 0.013888889 0.017361111 0.017361111 0.018055556 0.019560185 0.019560185 0.019560185 0.020833333 0.020833333 0.041666667
0.416666667 0.041666667 0.020833333 0.020833333 0.03125 0.020833333 0.020833333 0.013888889 0.013888889 0.017361111 0.017361111 0.018055556 0.019560185 0.019560185 0.019560185 0.020833333 0.020833333 0.041666667
0.458333333 0.038333333 0.02 0.019166667 0.0315625 0.018958333 0.019791667 0.013888889 0.014861111 0.018923611 0.016840278 0.019319444 0.017799769 0.019168981 0.01897338 0.02 0.019166667 0.044166667
0.5 0.045416667 0.02125 0.0225 0.031875 0.022708333 0.022083333 0.015 0.013888889 0.016145833 0.017013889 0.016611111 0.020733796 0.018582176 0.019560185 0.019166667 0.020625 0.043333333
0.541666667 0.04375 0.020833333 0.022708333 0.0340625 0.022916667 0.020416667 0.014861111 0.014583333 0.015625 0.018055556 0.019680556 0.01897338 0.021125 0.017604167 0.019791667 0.01875 0.037916667
0.583333333 0.042916667 0.022708333 0.019791667 0.03375 0.019791667 0.02125 0.013472222 0.015138889 0.01875 0.018576389 0.017152778 0.017799769 0.017799769 0.018582176 0.021666667 0.020833333 0.040416667
0.625 0.04125 0.019375 0.019166667 0.0309375 0.020625 0.020208333 0.014722222 0.013055556 0.017013889 0.016840278 0.018055556 0.020538194 0.021516204 0.018386574 0.02 0.019583333 0.037916667
0.666666667 0.037916667 0.02125 0.020833333 0.03125 0.021666667 0.01875 0.015 0.013333333 0.016840278 0.01875 0.018597222 0.020146991 0.020538194 0.01799537 0.021875 0.022708333 0.040416667
0.708333333 0.04 0.022916667 0.021458333 0.03125 0.021458333 0.019583333 0.014583333 0.013055556 0.015798611 0.017013889 0.018597222 0.019755787 0.021125 0.021516204 0.019166667 0.019791667 0.042916667
0.75 0.04125 0.018958333 0.019375 0.029375 0.022708333 0.020625 0.013472222 0.012916667 0.017534722 0.017881944 0.018416667 0.019560185 0.018190972 0.020929398 0.019166667 0.02125 0.037916667
0.791666667 0.041666667 0.0225 0.02125 0.0290625 0.020625 0.022708333 0.014861111 0.015138889 0.018576389 0.016666667 0.016611111 0.020342593 0.018190972 0.018777778 0.022708333 0.022083333 0.039166667
0.833333333 0.045833333 0.020833333 0.019166667 0.029375 0.01875 0.019166667 0.012777778 0.013333333 0.015798611 0.018923611 0.01625 0.021320602 0.018582176 0.021125 0.020208333 0.019791667 0.045833333
0.875 0.043333333 0.01875 0.020416667 0.030625 0.019583333 0.021041667 0.012916667 0.012638889 0.016145833 0.018055556 0.018597222 0.019755787 0.019951389 0.019560185 0.022916667 0.019375 0.038333333
0.916666667 0.040833333 0.020833333 0.019791667 0.0290625 0.019166667 0.02125 0.012638889 0.014861111 0.017534722 0.019097222 0.017152778 0.019951389 0.020538194 0.01897338 0.021458333 0.0225 0.039583333
0.958333333 0.04 0.020833333 0.019166667 0.0340625 0.021875 0.01875 0.014861111 0.0125 0.015972222 0.019097222 0.019138889 0.01799537 0.018582176 0.020538194 0.019166667 0.022291667 0.040833333
0.291666667 0.041666667 0.020833333 0.020833333 0.03125 0.020833333 0.020833333 0.013888889 0.013888889 0.017361111 0.017361111 0.018055556 0.019560185 0.019560185 0.019560185 0.020833333 0.020833333 0.041666667
0.333333333 0.041666667 0.020833333 0.020833333 0.03125 0.020833333 0.020833333 0.013888889 0.013888889 0.017361111 0.017361111 0.018055556 0.019560185 0.019560185 0.019560185 0.020833333 0.020833333 0.041666667
0.375 0.041666667 0.020833333 0.020833333 0.03125 0.020833333 0.020833333 0.013888889 0.013888889 0.017361111 0.017361111 0.018055556 0.019560185 0.019560185 0.019560185 0.020833333 0.020833333 0.041666667
0.416666667 0.041666667 0.020833333 0.020833333 0.03125 0.020833333 0.020833333 0.013888889 0.013888889 0.017361111 0.017361111 0.018055556 0.019560185 0.019560185 0.019560185 0.020833333 0.020833333 0.041666667
0.458333333 0.042916667 0.022291667 0.022708333 0.0325 0.02 0.02 0.012916667 0.013611111 0.018923611 0.015625 0.018958333 0.021516204 0.020929398 0.018777778 0.021041667 0.020625 0.045833333
0.5 0.044166667 0.019583333 0.021875 0.0309375 0.020416667 0.021458333 0.013611111 0.014027778 0.017534722 0.016319444 0.016972222 0.020342593 0.021125 0.021125 0.019583333 0.01875 0.040833333
0.541666667 0.04125 0.021041667 0.019375 0.0321875 0.022083333 0.022083333 0.0125 0.013333333 0.01875 0.016145833 0.017513889 0.017604167 0.019168981 0.019364583 0.02125 0.020625 0.04
0.583333333 0.03875 0.018958333 0.02125 0.031875 0.021458333 0.021666667 0.014861111 0.012916667 0.017361111 0.017013889 0.017513889 0.020342593 0.019951389 0.019755787 0.022291667 0.022708333 0.038333333
0.625 0.03875 0.022916667 0.022916667 0.029375 0.019166667 0.020833333 0.01375 0.015277778 0.018055556 0.018402778 0.017513889 0.021125 0.021516204 0.018582176 0.02 0.022291667 0.04
0.666666667 0.044583333 0.022708333 0.019166667 0.0303125 0.0225 0.0225 0.015 0.013055556 0.018402778 0.016840278 0.01625 0.018777778 0.019364583 0.019364583 0.021458333 0.02 0.041666667
0.708333333 0.042916667 0.019583333 0.020208333 0.034375 0.021666667 0.021666667 0.013472222 0.0125 0.018229167 0.016319444 0.016430556 0.021516204 0.020538194 0.018190972 0.019166667 0.021666667 0.045
0.75 0.03875 0.022291667 0.02 0.0328125 0.019375 0.019791667 0.014305556 0.01375 0.016145833 0.017534722 0.019319444 0.019755787 0.017799769 0.018582176 0.019166667 0.021666667 0.0425
0.791666667 0.041666667 0.019583333 0.021666667 0.0328125 0.020833333 0.022291667 0.013611111 0.015277778 0.018229167 0.017534722 0.018416667 0.018777778 0.018386574 0.017799769 0.019375 0.02125 0.039166667
0.833333333 0.039166667 0.01875 0.022708333 0.0296875 0.021458333 0.019791667 0.013333333 0.01375 0.018055556 0.017708333 0.019319444 0.01897338 0.019755787 0.021125 0.020416667 0.01875 0.039583333
0.875 0.0425 0.019166667 0.022083333 0.0303125 0.018958333 0.021875 0.014305556 0.0125 0.015972222 0.016666667 0.019319444 0.020146991 0.018582176 0.01897338 0.02125 0.019583333 0.040833333
0.916666667 0.040833333 0.01875 0.021458333 0.0328125 0.020833333 0.02 0.014166667 0.014722222 0.018055556 0.017708333 0.016611111 0.020342593 0.020538194 0.017604167 0.021041667 0.022708333 0.04
0.958333333 0.045 0.020833333 0.0225 0.029375 0.02 0.019166667 0.015277778 0.013194444 0.019097222 0.016666667 0.018236111 0.017604167 0.020342593 0.020538194 0.022708333 0.021041667 0.0375
0.291666667 0.041666667 0.020833333 0.020833333 0.03125 0.020833333 0.020833333 0.013888889 0.013888889 0.017361111 0.017361111 0.018055556 0.019560185 0.019560185 0.019560185 0.020833333 0.020833333 0.041666667
0.333333333 0.041666667 0.020833333 0.020833333 0.03125 0.020833333 0.020833333 0.013888889 0.013888889 0.017361111 0.017361111 0.018055556 0.019560185 0.019560185 0.019560185 0.020833333 0.020833333 0.041666667
0.375 0.041666667 0.020833333 0.020833333 0.03125 0.020833333 0.020833333 0.013888889 0.013888889 0.017361111 0.017361111 0.018055556 0.019560185 0.019560185 0.019560185 0.020833333 0.020833333 0.041666667
0.416666667 0.041666667 0.020833333 0.020833333 0.03125 0.020833333 0.020833333 0.013888889 0.013888889 0.017361111 0.017361111 0.018055556 0.019560185 0.019560185 0.019560185 0.020833333 0.020833333 0.041666667
0.458333333 0.037916667 0.02125 0.021041667 0.0334375 0.020625 0.019791667 0.013611111 0.014027778 0.017708333 0.018055556 0.01625 0.017604167 0.020342593 0.018386574 0.0225 0.022083333 0.04125
0.5 0.04375 0.022916667 0.022083333 0.03375 0.019583333 0.021458333 0.012777778 0.015 0.017534722 0.017881944 0.01625 0.020146991 0.019364583 0.021320602 0.020833333 0.019791667 0.04375
0.541666667 0.03875 0.0225 0.02 0.0309375 0.021875 0.02125 0.0125 0.014444444 0.016319444 0.019097222 0.019861111 0.017799769 0.01799537 0.017604167 0.020208333 0.01875 0.045833333
0.583333333 0.045833333 0.02 0.020833333 0.031875 0.018958333 0.019791667 0.014722222 0.01375 0.017013889 0.015625 0.017694444 0.019951389 0.020538194 0.01897338 0.02 0.01875 0.04375
0.625 0.044166667 0.022291667 0.021666667 0.0340625 0.020833333 0.020208333 0.014861111 0.013055556 0.016493056 0.015625 0.018416667 0.020538194 0.019951389 0.018190972 0.020833333 0.02125 0.039583333
0.666666667 0.038333333 0.020208333 0.022083333 0.0334375 0.0225 0.018958333 0.01375 0.013333333 0.015798611 0.018055556 0.019680556 0.018386574 0.019755787 0.01897338 0.022083333 0.021041667 0.0425
0.708333333 0.04125 0.019166667 0.020833333 0.02875 0.022291667 0.021041667 0.012916667 0.015 0.015625 0.018576389 0.018777778 0.018582176 0.018582176 0.020146991 0.018958333 0.019791667 0.0425
0.75 0.042916667 0.019166667 0.0225 0.028125 0.021041667 0.021666667 0.014027778 0.01375 0.018576389 0.016840278 0.016430556 0.020929398 0.018777778 0.017799769 0.022083333 0.018958333 0.045833333
0.791666667 0.038333333 0.020625 0.019583333 0.028125 0.02 0.021666667 0.013055556 0.015277778 0.01875 0.018402778 0.016791667 0.018386574 0.021320602 0.020733796 0.021875 0.02 0.04125
0.833333333 0.039583333 0.020208333 0.020625 0.03375 0.021666667 0.019166667 0.014305556 0.012777778 0.018402778 0.016840278 0.017333333 0.020929398 0.020538194 0.01897338 0.020625 0.022291667 0.045
0.875 0.040833333 0.018958333 0.020833333 0.034375 0.021666667 0.021041667 0.014583333 0.014444444 0.0171875 0.018576389 0.017152778 0.019755787 0.018777778 0.020929398 0.019583333 0.022291667 0.042916667
0.916666667 0.042916667 0.021041667 0.019166667 0.030625 0.022708333 0.022083333 0.012777778 0.013194444 0.016666667 0.01875 0.019680556 0.020342593 0.020929398 0.019168981 0.022916667 0.019583333 0.040833333
0.958333333 0.0425 0.022083333 0.018958333 0.034375 0.020625 0.022291667 0.013055556 0.014861111 0.016493056 0.018402778 0.016791667 0.019364583 0.021125 0.017799769 0.019166667 0.01875 0.043333333
0.291666667 0.041666667 0.020833333 0.020833333 0.03125 0.020833333 0.020833333 0.013888889 0.013888889 0.017361111 0.017361111 0.018055556 0.019560185 0.019560185 0.019560185 0.020833333 0.020833333 0.041666667
0.333333333 0.041666667 0.020833333 0.020833333 0.03125 0.020833333 0.020833333 0.013888889 0.013888889 0.017361111 0.017361111 0.018055556 0.019560185 0.019560185 0.019560185 0.020833333 0.020833333 0.041666667
0.375 0.041666667 0.020833333 0.020833333 0.03125 0.020833333 0.020833333 0.013888889 0.013888889 0.017361111 0.017361111 0.018055556 0.019560185 0.019560185 0.019560185 0.020833333 0.020833333 0.041666667
0.416666667 0.041666667 0.020833333 0.020833333 0.03125 0.020833333 0.020833333 0.013888889 0.013888889 0.017361111 0.017361111 0.018055556 0.019560185 0.019560185 0.019560185 0.020833333 0.020833333 0.041666667
0.458333333 0.044166667 0.021666667 0.022916667 0.0303125 0.019791667 0.019791667 0.0125 0.015 0.016145833 0.016319444 0.017694444 0.020929398 0.018386574 0.019364583 0.022083333 0.019583333 0.0425
0.5 0.03875 0.018958333 0.019375 0.03375 0.022708333 0.021875 0.015 0.015277778 0.016666667 0.016840278 0.01625 0.021516204 0.021320602 0.021320602 0.020833333 0.022708333 0.041666667
0.541666667 0.04375 0.019375 0.02125 0.0309375 0.018958333 0.020625 0.015277778 0.014722222 0.015798611 0.016840278 0.018055556 0.019755787 0.021320602 0.018777778 0.01875 0.020416667 0.03875
0.583333333 0.0375 0.019791667 0.018958333 0.03375 0.02125 0.019791667 0.014583333 0.012638889 0.0171875 0.018229167 0.018236111 0.021516204 0.019168981 0.020929398 0.0225 0.021458333 0.0425
0.625 0.041666667 0.022708333 0.018958333 0.0328125 0.022083333 0.020833333 0.013611111 0.0125 0.016666667 0.016145833 0.017513889 0.019364583 0.019560185 0.018582176 0.02125 0.021875 0.04125
0.666666667 0.0375 0.0225 0.022708333 0.030625 0.02125 0.01875 0.012916667 0.013333333 0.017361111 0.017708333 0.016611111 0.019168981 0.018777778 0.020929398 0.019375 0.019375 0.044166667
0.708333333 0.040416667 0.0225 0.018958333 0.0303125 0.022083333 0.022916667 0.014027778 0.015277778 0.018402778 0.018576389 0.018777778 0.021516204 0.021125 0.018582176 0.019583333 0.02125 0.045833333
0.75 0.037916667 0.022083333 0.019583333 0.0334375 0.019791667 0.022708333 0.014166667 0.014861111 0.018923611 0.016840278 0.0195 0.020342593 0.019364583 0.018190972 0.018958333 0.020208333 0.043333333
0.791666667 0.045416667 0.021458333 0.021875 0.0290625 0.020625 0.020416667 0.014444444 0.015277778 0.019097222 0.016840278 0.018597222 0.01897338 0.01897338 0.020342593 0.022916667 0.022708333 0.045833333
0.833333333 0.039583333 0.020625 0.018958333 0.0303125 0.01875 0.021875 0.014861111 0.013888889 0.018402778 0.01875 0.01625 0.020146991 0.019951389 0.020538194 0.020416667 0.022916667 0.042083333
0.875 0.040416667 0.019583333 0.0225 0.0290625 0.022291667 0.019166667 0.013888889 0.013888889 0.017708333 0.019097222 0.019680556 0.017604167 0.018386574 0.018582176 0.022291667 0.022916667 0.039166667
0.916666667 0.042916667 0.022291667 0.018958333 0.0296875 0.01875 0.021458333 0.015138889 0.013472222 0.018055556 0.01875 0.018958333 0.018777778 0.018386574 0.01799537 0.02125 0.022708333 0.0375
0.958333333 0.042083333 0.0225 0.021666667 0.031875 0.021041667 0.02 0.013055556 0.013888889 0.015625 0.017881944 0.017694444 0.019168981 0.019364583 0.020733796 0.021041667 0.019583333 0.044583333
0.291666667 0.041666667 0.020833333 0.020833333 0.03125 0.020833333 0.020833333 0.013888889 0.013888889 0.017361111 0.017361111 0.018055556 0.019560185 0.019560185 0.019560185 0.020833333 0.020833333 0.041666667
0.333333333 0.041666667 0.020833333 0.020833333 0.03125 0.020833333 0.020833333 0.013888889 0.013888889 0.017361111 0.017361111 0.018055556 0.019560185 0.019560185 0.019560185 0.020833333 0.020833333 0.041666667
0.375 0.041666667 0.020833333 0.020833333 0.03125 0.020833333 0.020833333 0.013888889 0.013888889 0.017361111 0.017361111 0.018055556 0.019560185 0.019560185 0.019560185 0.020833333 0.020833333 0.041666667
0.416666667 0.041666667 0.020833333 0.020833333 0.03125 0.020833333 0.020833333 0.013888889 0.013888889 0.017361111 0.017361111 0.018055556 0.019560185 0.019560185 0.019560185 0.020833333 0.020833333 0.041666667
0.458333333 0.045 0.019791667 0.020416667 0.0296875 0.020416667 0.019375 0.014027778 0.013888889 0.017361111 0.018402778 0.018055556 0.019364583 0.018777778 0.019168981 0.02125 0.022083333 0.039583333
0.5 0.045833333 0.018958333 0.022083333 0.029375 0.019791667 0.021041667 0.0125 0.013194444 0.01875 0.016145833 0.019861111 0.020733796 0.020733796 0.018777778 0.019375 0.022291667 0.039166667
0.541666667 0.041666667 0.01875 0.0225 0.03125 0.020625 0.019791667 0.01375 0.014583333 0.017361111 0.015972222 0.018055556 0.020538194 0.01799537 0.020146991 0.021666667 0.0225 0.044166667
0.583333333 0.0375 0.020625 0.019791667 0.0290625 0.019791667 0.019375 0.013611111 0.015 0.018055556 0.015972222 0.017513889 0.019364583 0.020929398 0.019364583 0.021666667 0.019166667 0.038333333
0.625 0.043333333 0.020416667 0.020625 0.0321875 0.022916667 0.019375 0.01375 0.013333333 0.016666667 0.016145833 0.017694444 0.019168981 0.018582176 0.020342593 0.018958333 0.022291667 0.044166667
0.666666667 0.03875 0.01875 0.019166667 0.0284375 0.0225 0.021875 0.014861111 0.013194444 0.017881944 0.017708333 0.017875 0.020929398 0.021125 0.019364583 0.019375 0.020625 0.04
0.708333333 0.037916667 0.021666667 0.019375 0.02875 0.021458333 0.020416667 0.015277778 0.014583333 0.016840278 0.018576389 0.017694444 0.01799537 0.019364583 0.020146991 0.022916667 0.019166667 0.040416667
0.75 0.042916667 0.019791667 0.022916667 0.03125 0.02125 0.022291667 0.014583333 0.01375 0.019097222 0.019097222 0.01625 0.018190972 0.018582176 0.017799769 0.022708333 0.019375 0.045416667
0.791666667 0.0425 0.019583333 0.02 0.0328125 0.022083333 0.022916667 0.014305556 0.012777778 0.019097222 0.018229167 0.016611111 0.020733796 0.021125 0.020146991 0.022916667 0.0225 0.045833333
0.833333333 0.042083333 0.018958333 0.019166667 0.0328125 0.021875 0.019166667 0.014444444 0.013472222 0.018576389 0.019097222 0.019138889 0.019951389 0.020929398 0.019755787 0.022083333 0.019166667 0.039166667
0.875 0.04 0.022708333 0.020208333 0.029375 0.019166667 0.018958333 0.015138889 0.015277778 0.018229167 0.016319444 0.018958333 0.01799537 0.018582176 0.017604167 0.021041667 0.019166667 0.043333333
0.916666667 0.039583333 0.022708333 0.021875 0.0303125 0.02 0.021875 0.015 0.013055556 0.018576389 0.017534722 0.019319444 0.019168981 0.018386574 0.019951389 0.020208333 0.022916667 0.039166667
0.958333333 0.043333333 0.022708333 0.020208333 0.02875 0.019583333 0.020833333 0.015 0.0125 0.018576389 0.016493056 0.017694444 0.018386574 0.021320602 0.020929398 0.019791667 0.01875 0.038333333
0.291666667 0.041666667 0.020833333 0.020833333 0.03125 0.020833333 0.020833333 0.013888889 0.013888889 0.017361111 0.017361111 0.018055556 0.019560185 0.019560185 0.019560185 0.020833333 0.020833333 0.041666667
0.333333333 0.041666667 0.020833333 0.020833333 0.03125 0.020833333 0.020833333 0.013888889 0.013888889 0.017361111 0.017361111 0.018055556 0.019560185 0.019560185 0.019560185 0.020833333 0.020833333 0.041666667
0.375 0.041666667 0.020833333 0.020833333 0.03125 0.020833333 0.020833333 0.013888889 0.013888889 0.017361111 0.017361111 0.018055556 0.019560185 0.019560185 0.019560185 0.020833333 0.020833333 0.041666667
0.416666667 0.041666667 0.020833333 0.020833333 0.03125 0.020833333 0.020833333 0.013888889 0.013888889 0.017361111 0.017361111 0.018055556 0.019560185 0.019560185 0.019560185 0.020833333 0.020833333 0.041666667
0.458333333 0.040416667 0.02125 0.020416667 0.0334375 0.019583333 0.0225 0.013333333 0.012638889 0.019097222 0.018229167 0.019138889 0.019364583 0.019560185 0.017604167 0.021458333 0.022083333 0.045416667
0.5 0.038333333 0.022291667 0.021041667 0.0340625 0.019583333 0.01875 0.015138889 0.014861111 0.017708333 0.016666667 0.018416667 0.017604167 0.019755787 0.019951389 0.021666667 0.018958333 0.045
0.541666667 0.045 0.021875 0.020833333 0.03 0.020625 0.01875 0.013194444 0.013194444 0.017881944 0.019097222 0.016791667 0.018190972 0.017604167 0.020733796 0.021666667 0.02 0.042083333
0.583333333 0.042083333 0.0225 0.02125 0.03375 0.022291667 0.019791667 0.012777778 0.013333333 0.016666667 0.017534722 0.017875 0.01897338 0.01799537 0.019560185 0.02125 0.0225 0.045833333
0.625 0.040833333 0.022291667 0.0225 0.03 0.0225 0.020833333 0.015 0.013194444 0.01875 0.017708333 0.019319444 0.019951389 0.01897338 0.020538194 0.022916667 0.020208333 0.042083333
0.666666667 0.0375 0.021041667 0.020833333 0.029375 0.020416667 0.020833333 0.013333333 0.014444444 0.015625 0.018229167 0.019680556 0.01897338 0.019364583 0.018386574 0.022291667 0.022083333 0.0375
0.708333333 0.043333333 0.022708333 0.020625 0.0290625 0.0225 0.019375 0.013055556 0.013333333 0.017708333 0.017708333 0.017333333 0.020146991 0.01799537 0.020733796 0.019583333 0.022708333 0.041666667
0.75 0.042083333 0.021666667 0.018958333 0.0315625 0.021875 0.01875 0.0125 0.012638889 0.017708333 0.017013889 0.01625 0.018386574 0.020733796 0.020733796 0.022916667 0.022708333 0.042083333
0.791666667 0.03875 0.022291667 0.019583333 0.0284375 0.021458333 0.019583333 0.013055556 0.01375 0.017013889 0.017361111 0.017333333 0.020538194 0.019364583 0.019560185 0.0225 0.02125 0.040416667
0.833333333 0.039166667 0.019375 0.020416667 0.0303125 0.018958333 0.020833333 0.012916667 0.013472222 0.018923611 0.019097222 0.016611111 0.020929398 0.017799769 0.019168981 0.021875 0.021458333 0.043333333
0.875 0.0425 0.020625 0.020208333 0.03 0.021041667 0.019166667 0.012916667 0.013055556 0.017708333 0.016493056 0.019319444 0.019168981 0.020538194 0.021125 0.018958333 0.020208333 0.0425
0.916666667 0.042083333 0.020416667 0.019375 0.0284375 0.022291667 0.01875 0.015 0.012916667 0.018229167 0.017881944 0.018597222 0.020929398 0.020342593 0.018582176 0.022083333 0.021666667 0.03875
0.958333333 0.045416667 0.020625 0.021458333 0.0325 0.018958333 0.022708333 0.014583333 0.014166667 0.019097222 0.016145833 0.018236111 0.020146991 0.021125 0.020146991 0.021041667 0.021666667 0.040416667
0.291666667 0.041666667 0.020833333 0.020833333 0.03125 0.020833333 0.020833333 0.013888889 0.013888889 0.017361111 0.017361111 0.018055556 0.019560185 0.019560185 0.019560185 0.020833333 0.020833333 0.041666667
0.333333333 0.041666667 0.020833333 0.020833333 0.03125 0.020833333 0.020833333 0.013888889 0.013888889 0.017361111 0.017361111 0.018055556 0.019560185 0.019560185 0.019560185 0.020833333 0.020833333 0.041666667
0.375 0.041666667 0.020833333 0.020833333 0.03125 0.020833333 0.020833333 0.013888889 0.013888889 0.017361111 0.017361111 0.018055556 0.019560185 0.019560185 0.019560185 0.020833333 0.020833333 0.041666667
0.416666667 0.041666667 0.020833333 0.020833333 0.03125 0.020833333 0.020833333 0.013888889 0.013888889 0.017361111 0.017361111 0.018055556 0.019560185 0.019560185 0.019560185 0.020833333 0.020833333 0.041666667
0.458333333 0.045 0.020625 0.020208333 0.031875 0.019166667 0.019375 0.012777778 0.012916667 0.0171875 0.018576389 0.017152778 0.020146991 0.020342593 0.020146991 0.02 0.022916667 0.04375
0.5 0.04 0.022291667 0.02125 0.030625 0.020833333 0.019583333 0.014861111 0.0125 0.016840278 0.017361111 0.019138889 0.019755787 0.021125 0.021125 0.019583333 0.022708333 0.039166667
0.541666667 0.04125 0.019791667 0.020416667 0.030625 0.018958333 0.020208333 0.015138889 0.013333333 0.017013889 0.018576389 0.0195 0.021516204 0.021320602 0.020146991 0.020416667 0.018958333 0.043333333
0.583333333 0.038333333 0.021875 0.019166667 0.0334375 0.022291667 0.021041667 0.014305556 0.013194444 0.017361111 0.017881944 0.018416667 0.020929398 0.020538194 0.018582176 0.022291667 0.020833333 0.042916667
0.625 0.039166667 0.021875 0.020833333 0.0309375 0.021041667 0.02 0.01375 0.01375 0.016666667 0.015798611 0.018055556 0.021125 0.020342593 0.020929398 0.019791667 0.019166667 0.0425
0.666666667 0.040416667 0.020208333 0.020208333 0.0340625 0.020208333 0.020416667 0.012777778 0.014027778 0.018055556 0.018055556 0.016611111 0.019951389 0.021125 0.020342593 0.021458333 0.02 0.045
0.708333333 0.040833333 0.021666667 0.020208333 0.02875 0.022291667 0.022083333 0.015277778 0.013472222 0.016145833 0.017013889 0.018416667 0.020342593 0.019560185 0.019168981 0.020625 0.021666667 0.038333333
0.75 0.04125 0.021041667 0.020625 0.0303125 0.019791667 0.022291667 0.013194444 0.012638889 0.018229167 0.015625 0.017875 0.018386574 0.021516204 0.018190972 0.022083333 0.022916667 0.042083333
0.791666667 0.04 0.01875 0.02125 0.03125 0.02 0.021875 0.014722222 0.01375 0.018055556 0.018402778 0.018236111 0.019951389 0.019168981 0.018386574 0.022916667 0.019166667 0.044583333
0.833333333 0.040416667 0.021041667 0.021666667 0.03375 0.019375 0.019166667 0.015277778 0.013194444 0.01875 0.0171875 0.018416667 0.020929398 0.021125 0.018582176 0.018958333 0.022916667 0.040833333
0.875 0.039166667 0.021875 0.021041667 0.0328125 0.020416667 0.018958333 0.013888889 0.015277778 0.017708333 0.016840278 0.0195 0.01799537 0.019364583 0.01897338 0.01875 0.0225 0.042083333
0.916666667 0.042916667 0.022916667 0.019166667 0.0315625 0.019583333 0.021875 0.015277778 0.012638889 0.018229167 0.018229167 0.016611111 0.020146991 0.019364583 0.020538194 0.019375 0.02 0.042083333
0.958333333 0.037916667 0.022083333 0.021666667 0.0296875 0.019375 0.022916667 0.01375 0.012777778 0.016145833 0.018923611 0.016791667 0.019364583 0.018386574 0.018190972 0.019375 0.022916667 0.043333333
0.291666667 0.041666667 0.020833333 0.020833333 0.03125 0.020833333 0.020833333 0.013888889 0.013888889 0.017361111 0.017361111 0.018055556 0.019560185 0.019560185 0.019560185 0.020833333 0.020833333 0.041666667
0.333333333 0.041666667 0.020833333 0.020833333 0.03125 0.020833333 0.020833333 0.013888889 0.013888889 0.017361111 0.017361111 0.018055556 0.019560185 0.019560185 0.019560185 0.020833333 0.020833333 0.041666667
0.375 0.041666667 0.020833333 0.020833333 0.03125 0.020833333 0.020833333 0.013888889 0.013888889 0.017361111 0.017361111 0.018055556 0.019560185 0.019560185 0.019560185 0.020833333 0.020833333 0.041666667
0.416666667 0.041666667 0.020833333 0.020833333 0.03125 0.020833333 0.020833333 0.013888889 0.013888889 0.017361111 0.017361111 0.018055556 0.019560185 0.019560185 0.019560185 0.020833333 0.020833333 0.041666667
0.458333333 0.045833333 0.01875 0.019583333 0.03375 0.022708333 0.019375 0.013611111 0.013194444 0.017534722 0.016145833 0.017875 0.019951389 0.019951389 0.020733796 0.022083333 0.022916667 0.039583333
0.5 0.037916667 0.01875 0.020625 0.0290625 0.022916667 0.02 0.012916667 0.013194444 0.017013889 0.017881944 0.017513889 0.018582176 0.020342593 0.021125 0.019583333 0.020416667 0.045416667
0.541666667 0.042916667 0.02 0.020625 0.0334375 0.021458333 0.021875 0.014722222 0.0125 0.017708333 0.015798611 0.016430556 0.019755787 0.01799537 0.018582176 0.02125 0.0225 0.04
0.583333333 0.037916667 0.020208333 0.021458333 0.0328125 0.021666667 0.018958333 0.014444444 0.014444444 0.018402778 0.017534722 0.01625 0.021516204 0.018190972 0.01897338 0.020208333 0.020833333 0.045833333
0.625 0.045416667 0.020208333 0.021458333 0.0290625 0.019166667 0.019791667 0.013055556 0.015 0.017013889 0.016145833 0.018958333 0.020733796 0.020538194 0.020733796 0.01875 0.020208333 0.044583333
0.666666667 0.044583333 0.019791667 0.020833333 0.03125 0.021875 0.021458333 0.015 0.014583333 0.017013889 0.015798611 0.018958333 0.018777778 0.020929398 0.019951389 0.019791667 0.0225 0.041666667
0.708333333 0.045 0.022291667 0.02125 0.0334375 0.0225 0.02125 0.0125 0.015 0.018923611 0.018576389 0.016791667 0.017799769 0.018582176 0.019951389 0.020416667 0.019583333 0.045416667
0.75 0.04375 0.019791667 0.022916667 0.0309375 0.020208333 0.021458333 0.014166667 0.013194444 0.017881944 0.018576389 0.017152778 0.019951389 0.021125 0.020342593 0.01875 0.020208333 0.037916667
0.791666667 0.045833333 0.018958333 0.021458333 0.029375 0.02 0.022708333 0.012777778 0.014583333 0.017534722 0.018055556 0.016791667 0.020342593 0.020733796 0.01897338 0.01875 0.019375 0.03875
0.833333333 0.042083333 0.020833333 0.021041667 0.02875 0.019583333 0.02 0.014305556 0.015277778 0.015625 0.015972222 0.018958333 0.019951389 0.019951389 0.019951389 0.019791667 0.020416667 0.044583333
0.875 0.044166667 0.018958333 0.022083333 0.0303125 0.019375 0.01875 0.014722222 0.014166667 0.01875 0.017013889 0.016611111 0.017799769 0.020538194 0.021516204 0.019791667 0.020833333 0.040833333
0.916666667 0.038333333 0.021666667 0.0225 0.031875 0.020625 0.020208333 0.013888889 0.015 0.016666667 0.016840278 0.017875 0.01897338 0.018386574 0.017799769 0.022291667 0.019791667 0.040833333
0.958333333 0.039583333 0.019166667 0.018958333 0.0340625 0.019583333 0.02 0.015 0.014583333 0.015798611 0.017361111 0.0195 0.021125 0.018777778 0.020929398 0.02125 0.01875 0.0375
0.291666667 0.041666667 0.020833333 0.020833333 0.03125 0.020833333 0.020833333 0.013888889 0.013888889 0.017361111 0.017361111 0.018055556 0.019560185 0.019560185 0.019560185 0.020833333 0.020833333 0.041666667
0.333333333 0.041666667 0.020833333 0.020833333 0.03125 0.020833333 0.020833333 0.013888889 0.013888889 0.017361111 0.017361111 0.018055556 0.019560185 0.019560185 0.019560185 0.020833333 0.020833333 0.041666667
0.375 0.041666667 0.020833333 0.020833333 0.03125 0.020833333 0.020833333 0.013888889 0.013888889 0.017361111 0.017361111 0.018055556 0.019560185 0.019560185 0.019560185 0.020833333 0.020833333 0.041666667
0.416666667 0.041666667 0.020833333 0.020833333 0.03125 0.020833333 0.020833333 0.013888889 0.013888889 0.017361111 0.017361111 0.018055556 0.019560185 0.019560185 0.019560185 0.020833333 0.020833333 0.041666667
0.458333333 0.041666667 0.020416667 0.02125 0.02875 0.021875 0.022083333 0.015 0.014583333 0.016493056 0.015625 0.018777778 0.018386574 0.01799537 0.017604167 0.02125 0.021458333 0.04125
0.5 0.040416667 0.019375 0.018958333 0.0296875 0.022916667 0.022291667 0.01375 0.013333333 0.016666667 0.015625 0.016430556 0.020733796 0.017604167 0.020733796 0.022708333 0.019375 0.042083333
0.541666667 0.04375 0.019166667 0.01875 0.0296875 0.0225 0.0225 0.013611111 0.013888889 0.017708333 0.017534722 0.019680556 0.019364583 0.020342593 0.021125 0.02125 0.02125 0.041666667
0.583333333 0.040833333 0.022291667 0.020416667 0.0328125 0.02 0.019166667 0.014722222 0.01375 0.0171875 0.017881944 0.016972222 0.021320602 0.01799537 0.019168981 0.020416667 0.0225 0.04
0.625 0.039166667 0.019791667 0.022083333 0.0325 0.020625 0.019166667 0.014444444 0.013194444 0.017361111 0.016145833 0.019861111 0.018190972 0.01897338 0.021516204 0.022708333 0.022291667 0.0375
0.666666667 0.039583333 0.022291667 0.021875 0.0303125 0.019166667 0.02125 0.013194444 0.012777778 0.015625 0.018055556 0.017694444 0.019755787 0.018777778 0.018190972 0.018958333 0.019791667 0.040833333
0.708333333 0.039583333 0.022916667 0.021458333 0.0290625 0.021041667 0.018958333 0.012916667 0.013472222 0.017013889 0.018229167 0.018416667 0.017604167 0.01799537 0.019560185 0.022291667 0.019375 0.042083333
0.75 0.0425 0.022291667 0.019166667 0.0325 0.020208333 0.019791667 0.012638889 0.0125 0.016145833 0.018576389 0.018055556 0.020146991 0.017604167 0.018777778 0.022291667 0.020416667 0.038333333
0.791666667 0.045 0.019166667 0.022291667 0.0290625 0.020416667 0.019375 0.013611111 0.014444444 0.015798611 0.017534722 0.0195 0.020342593 0.020342593 0.018582176 0.019583333 0.021041667 0.03875
0.833333333 0.045416667 0.020625 0.021875 0.0284375 0.01875 0.020833333 0.014722222 0.013055556 0.018402778 0.015972222 0.017152778 0.020146991 0.018386574 0.020929398 0.021041667 0.019583333 0.04125
0.875 0.037916667 0.021458333 0.02 0.0284375 0.021666667 0.021041667 0.013472222 0.012638889 0.017361111 0.015972222 0.018416667 0.020146991 0.01799537 0.019364583 0.019583333 0.01875 0.040833333
0.916666667 0.038333333 0.021875 0.021666667 0.034375 0.01875 0.02 0.014027778 0.015 0.018055556 0.016319444 0.018416667 0.018190972 0.021125 0.017799769 0.02125 0.022083333 0.045416667
0.958333333 0.042083333 0.019791667 0.02 0.0303125 0.02125 0.022291667 0.012638889 0.015277778 0.018923611 0.016319444 0.0195 0.021516204 0.020538194 0.017799769 0.0225 0.019166667 0.042083333
0.291666667 0.041666667 0.020833333 0.020833333 0.03125 0.020833333 0.020833333 0.013888889 0.013888889 0.017361111 0.017361111 0.018055556 0.019560185 0.019560185 0.019560185 0.020833333 0.020833333 0.041666667
0.333333333 0.041666667 0.020833333 0.020833333 0.03125 0.020833333 0.020833333 0.013888889 0.013888889 0.017361111 0.017361111 0.018055556 0.019560185 0.019560185 0.019560185 0.020833333 0.020833333 0.041666667
0.375 0.041666667 0.020833333 0.020833333 0.03125 0.020833333 0.020833333 0.013888889 0.013888889 0.017361111 0.017361111 0.018055556 0.019560185 0.019560185 0.019560185 0.020833333 0.020833333 0.041666667
0.416666667 0.041666667 0.020833333 0.020833333 0.03125 0.020833333 0.020833333 0.013888889 0.013888889 0.017361111 0.017361111 0.018055556 0.019560185 0.019560185 0.019560185 0.020833333 0.020833333 0.041666667
0.458333333 0.042916667 0.022291667 0.020625 0.03375 0.022291667 0.022916667 0.014722222 0.014444444 0.018229167 0.017534722 0.016791667 0.019560185 0.018777778 0.01897338 0.020208333 0.022083333 0.042916667
0.5 0.042916667 0.02 0.021041667 0.03375 0.021458333 0.020625 0.0125 0.015138889 0.018402778 0.017534722 0.018055556 0.018582176 0.020538194 0.020538194 0.019166667 0.022083333 0.039583333
0.541666667 0.038333333 0.020416667 0.018958333 0.0328125 0.021666667 0.020833333 0.012777778 0.014583333 0.017708333 0.016666667 0.019319444 0.020342593 0.019364583 0.019755787 0.02 0.020833333 0.04375
0.583333333 0.04125 0.018958333 0.0225 0.0296875 0.019583333 0.018958333 0.015 0.015138889 0.018402778 0.01875 0.018055556 0.018386574 0.019755787 0.019951389 0.020833333 0.02125 0.041666667
0.625 0.045 0.021041667 0.020416667 0.028125 0.021458333 0.01875 0.015277778 0.015 0.017881944 0.018402778 0.017333333 0.020733796 0.017799769 0.021516204 0.021041667 0.020416667 0.038333333
0.666666667 0.041666667 0.019375 0.018958333 0.0290625 0.019791667 0.022083333 0.014861111 0.014444444 0.017881944 0.016840278 0.018777778 0.020342593 0.019168981 0.01897338 0.022916667 0.022708333 0.044583333
0.708333333 0.041666667 0.019166667 0.02125 0.0340625 0.02 0.02125 0.01375 0.015 0.019097222 0.01875 0.016611111 0.019560185 0.019364583 0.018190972 0.022083333 0.021666667 0.03875
0.75 0.04375 0.02125 0.020833333 0.03125 0.022708333 0.019583333 0.013472222 0.012916667 0.016666667 0.016666667 0.018055556 0.020342593 0.019168981 0.019560185 0.021041667 0.022291667 0.043333333
0.791666667 0.042916667 0.02125 0.019375 0.029375 0.019583333 0.019166667 0.013194444 0.013055556 0.018229167 0.018055556 0.016430556 0.01799537 0.018190972 0.018582176 0.021041667 0.018958333 0.042916667
0.833333333 0.044166667 0.022083333 0.020625 0.0325 0.018958333 0.0225 0.013194444 0.014305556 0.017708333 0.017013889 0.019861111 0.018190972 0.01799537 0.020733796 0.021666667 0.02125 0.042916667
0.875 0.040416667 0.019791667 0.02 0.0321875 0.0225 0.02125 0.013055556 0.014305556 0.017708333 0.018055556 0.016611111 0.021125 0.021125 0.020146991 0.022083333 0.019375 0.038333333
0.916666667 0.0425 0.020625 0.020833333 0.028125 0.021666667 0.020208333 0.013333333 0.012916667 0.016666667 0.016145833 0.016430556 0.017604167 0.018386574 0.018190972 0.019791667 0.021041667 0.040416667
0.958333333 0.042083333 0.02 0.021041667 0.03 0.021666667 0.020833333 0.013333333 0.0125 0.018229167 0.016840278 0.018777778 0.01799537 0.020342593 0.020342593 0.021875 0.019583333 0.042083333
0.291666667 0.041666667 0.020833333 0.020833333 0.03125 0.020833333 0.020833333 0.013888889 0.013888889 0.017361111 0.017361111 0.018055556 0.019560185 0.019560185 0.019560185 0.020833333 0.020833333 0.041666667
0.333333333 0.041666667 0.020833333 0.020833333 0.03125 0.020833333 0.020833333 0.013888889 0.013888889 0.017361111 0.017361111 0.018055556 0.019560185 0.019560185 0.019560185 0.020833333 0.020833333 0.041666667
0.375 0.041666667 0.020833333 0.020833333 0.03125 0.020833333 0.020833333 0.013888889 0.013888889 0.017361111 0.017361111 0.018055556 0.019560185 0.019560185 0.019560185 0.020833333 0.020833333 0.041666667
0.416666667 0.041666667 0.020833333 0.020833333 0.03125 0.020833333 0.020833333 0.013888889 0.013888889 0.017361111 0.017361111 0.018055556 0.019560185 0.019560185 0.019560185 0.020833333 0.020833333 0.041666667
0.458333333 0.0425 0.019583333 0.021875 0.0334375 0.021875 0.019375 0.014583333 0.015277778 0.016666667 0.016145833 0.018416667 0.018386574 0.020733796 0.021320602 0.022083333 0.019166667 0.045
0.5 0.045 0.0225 0.020625 0.028125 0.02 0.020416667 0.014027778 0.014305556 0.017534722 0.016493056 0.016972222 0.018190972 0.01897338 0.021516204 0.021875 0.021875 0.043333333
0.541666667 0.042916667 0.018958333 0.019791667 0.031875 0.020208333 0.021666667 0.013194444 0.013472222 0.015625 0.017013889 0.0195 0.018582176 0.018582176 0.019755787 0.020833333 0.022291667 0.042083333
0.583333333 0.040833333 0.021666667 0.021875 0.031875 0.022083333 0.021458333 0.012916667 0.0125 0.018402778 0.018576389 0.017694444 0.018777778 0.021320602 0.020146991 0.019583333 0.021041667 0.042083333
0.625 0.04375 0.019375 0.022083333 0.028125 0.022708333 0.019166667 0.014166667 0.013194444 0.016145833 0.01875 0.018055556 0.018582176 0.020146991 0.01897338 0.021041667 0.022708333 0.039166667
0.666666667 0.042083333 0.022916667 0.019375 0.029375 0.020208333 0.021458333 0.012777778 0.013055556 0.016493056 0.016493056 0.019138889 0.020929398 0.018190972 0.017604167 0.022916667 0.020833333 0.041666667
0.708333333 0.041666667 0.022916667 0.020208333 0.02875 0.0225 0.020208333 0.012916667 0.015 0.018229167 0.015798611 0.01625 0.019755787 0.019364583 0.020342593 0.01875 0.020208333 0.043333333
0.75 0.0425 0.01875 0.022083333 0.0321875 0.020833333 0.01875 0.01375 0.014166667 0.018923611 0.016840278 0.019861111 0.021516204 0.017604167 0.021320602 0.0225 0.022291667 0.045833333
0.791666667 0.043333333 0.020625 0.020208333 0.0284375 0.02 0.019583333 0.013611111 0.014166667 0.016319444 0.018576389 0.018958333 0.018777778 0.017799769 0.01799537 0.019375 0.022916667 0.0425
0.833333333 0.045833333 0.020416667 0.021875 0.03375 0.018958333 0.020208333 0.013472222 0.014305556 0.019097222 0.016145833 0.018416667 0.019560185 0.017604167 0.020733796 0.02125 0.020833333 0.040833333
0.875 0.044583333 0.0225 0.019375 0.0309375 0.01875 0.021041667 0.014166667 0.013194444 0.018576389 0.017881944 0.018597222 0.018777778 0.020929398 0.019364583 0.019791667 0.021875 0.042916667
0.916666667 0.045 0.019583333 0.020208333 0.0296875 0.022708333 0.022291667 0.012638889 0.014722222 0.016666667 0.018229167 0.018597222 0.01897338 0.01799537 0.018190972 0.020625 0.020833333 0.04125
0.958333333 0.045833333 0.022291667 0.0225 0.0334375 0.021458333 0.021666667 0.014166667 0.0125 0.01875 0.01875 0.019861111 0.019364583 0.017799769 0.020342593 0.022708333 0.021041667 0.038333333
0.291666667 0.041666667 0.020833333 0.020833333 0.03125 0.020833333 0.020833333 0.013888889 0.013888889 0.017361111 0.017361111 0.018055556 0.019560185 0.019560185 0.019560185 0.020833333 0.020833333 0.041666667
0.333333333 0.041666667 0.020833333 0.020833333 0.03125 0.020833333 0.020833333 0.013888889 0.013888889 0.017361111 0.017361111 0.018055556 0.019560185 0.019560185 0.019560185 0.020833333 0.020833333 0.041666667
0.375 0.041666667 0.020833333 0.020833333 0.03125 0.020833333 0.020833333 0.013888889 0.013888889 0.017361111 0.017361111 0.018055556 0.019560185 0.019560185 0.019560185 0.020833333 0.020833333 0.041666667
0.416666667 0.041666667 0.020833333 0.020833333 0.03125 0.020833333 0.020833333 0.013888889 0.013888889 0.017361111 0.017361111 0.018055556 0.019560185 0.019560185 0.019560185 0.020833333 0.020833333 0.041666667
0.458333333 0.042916667 0.022708333 0.022083333 0.0309375 0.021875 0.019791667 0.013472222 0.012638889 0.017708333 0.017708333 0.018958333 0.017604167 0.018386574 0.019560185 0.0225 0.02 0.039583333
0.5 0.045 0.020416667 0.019791667 0.0340625 0.018958333 0.020625 0.013472222 0.014722222 0.018576389 0.016840278 0.019319444 0.020146991 0.020538194 0.021320602 0.022916667 0.020416667 0.042083333
0.541666667 0.040833333 0.019166667 0.019166667 0.03375 0.02 0.022708333 0.014166667 0.014722222 0.0171875 0.016666667 0.018416667 0.017799769 0.018190972 0.019755787 0.021666667 0.021458333 0.045416667
0.583333333 0.0425 0.01875 0.019791667 0.033125 0.0225 0.022916667 0.012638889 0.013888889 0.017881944 0.015972222 0.01625 0.018777778 0.021125 0.018386574 0.01875 0.018958333 0.04375
0.625 0.044583333 0.018958333 0.019375 0.0321875 0.018958333 0.0225 0.014305556 0.014861111 0.017708333 0.018923611 0.019138889 0.020733796 0.017604167 0.018190972 0.019791667 0.019791667 0.04125
0.666666667 0.04125 0.02 0.022708333 0.028125 0.021875 0.0225 0.015 0.012777778 0.015798611 0.015798611 0.017875 0.021125 0.018777778 0.017799769 0.020416667 0.021458333 0.040833333
0.708333333 0.042083333 0.019375 0.020208333 0.03 0.022916667 0.020208333 0.015 0.014722222 0.018402778 0.016493056 0.016430556 0.019755787 0.018777778 0.021516204 0.020625 0.020416667 0.0375
0.75 0.042083333 0.020833333 0.019166667 0.0328125 0.021458333 0.021041667 0.01375 0.012777778 0.019097222 0.017013889 0.016611111 0.018777778 0.020929398 0.018777778 0.0225 0.02125 0.04125
0.791666667 0.040416667 0.021041667 0.019375 0.033125 0.01875 0.019375 0.014305556 0.013333333 0.016145833 0.018576389 0.016972222 0.019951389 0.019364583 0.020342593 0.02125 0.021875 0.039166667
0.833333333 0.0375 0.022916667 0.019166667 0.0290625 0.022291667 0.02125 0.01375 0.015138889 0.018923611 0.016666667 0.017152778 0.021125 0.021320602 0.019951389 0.020625 0.022916667 0.0375
0.875 0.042916667 0.020416667 0.019375 0.03125 0.022708333 0.022083333 0.01375 0.014722222 0.016666667 0.017881944 0.016791667 0.020342593 0.020342593 0.01897338 0.022708333 0.02 0.04375
0.916666667 0.037916667 0.020208333 0.019583333 0.0296875 0.01875 0.020833333 0.015138889 0.014027778 0.018576389 0.017361111 0.019861111 0.019951389 0.01799537 0.020929398 0.021875 0.02125 0.041666667
0.958333333 0.03875 0.020208333 0.020833333 0.03125 0.019166667 0.021666667 0.012777778 0.013333333 0.015798611 0.017708333 0.016430556 0.020342593 0.019951389 0.01799537 0.02125 0.02 0.04375
0.291666667 0.041666667 0.020833333 0.020833333 0.03125 0.020833333 0.020833333 0.013888889 0.013888889 0.017361111 0.017361111 0.018055556 0.019560185 0.019560185 0.019560185 0.020833333 0.020833333 0.041666667
0.333333333 0.041666667 0.020833333 0.020833333 0.03125 0.020833333 0.020833333 0.013888889 0.013888889 0.017361111 0.017361111 0.018055556 0.019560185 0.019560185 0.019560185 0.020833333 0.020833333 0.041666667
0.375 0.041666667 0.020833333 0.020833333 0.03125 0.020833333 0.020833333 0.013888889 0.013888889 0.017361111 0.017361111 0.018055556 0.019560185 0.019560185 0.019560185 0.020833333 0.020833333 0.041666667
0.416666667 0.041666667 0.020833333 0.020833333 0.03125 0.020833333 0.020833333 0.013888889 0.013888889 0.017361111 0.017361111 0.018055556 0.019560185 0.019560185 0.019560185 0.020833333 0.020833333 0.041666667
0.458333333 0.045833333 0.02125 0.020416667 0.0334375 0.020833333 0.020416667 0.014583333 0.01375 0.016319444 0.018923611 0.018958333 0.01897338 0.019951389 0.021516204 0.022291667 0.021875 0.045
0.5 0.039166667 0.021041667 0.022083333 0.033125 0.020416667 0.021041667 0.013055556 0.014305556 0.018576389 0.0171875 0.018777778 0.019951389 0.018190972 0.017799769 0.021458333 0.020833333 0.045833333
0.541666667 0.040833333 0.022291667 0.020625 0.034375 0.020208333 0.020833333 0.01375 0.012916667 0.015972222 0.01875 0.018597222 0.019364583 0.01799537 0.018582176 0.022083333 0.019791667 0.044583333
0.583333333 0.040416667 0.019583333 0.02125 0.0328125 0.021041667 0.022916667 0.013055556 0.014583333 0.019097222 0.016666667 0.016972222 0.018386574 0.01799537 0.021516204 0.022916667 0.02125 0.0375
0.625 0.039166667 0.019791667 0.01875 0.029375 0.021666667 0.022083333 0.012916667 0.015138889 0.015972222 0.015625 0.019319444 0.020146991 0.020538194 0.021516204 0.021666667 0.022083333 0.044583333
0.666666667 0.040833333 0.02 0.019791667 0.028125 0.02 0.022083333 0.013194444 0.012638889 0.018576389 0.015972222 0.018055556 0.018190972 0.021125 0.020538194 0.021458333 0.021458333 0.039166667
0.708333333 0.044583333 0.019583333 0.020833333 0.03 0.0225 0.02125 0.014861111 0.0125 0.015625 0.016319444 0.017152778 0.017799769 0.019755787 0.020929398 0.019583333 0.022083333 0.0375
0.75 0.03875 0.022083333 0.021666667 0.0284375 0.02 0.022708333 0.015277778 0.012916667 0.015798611 0.015625 0.018055556 0.019755787 0.019364583 0.017604167 0.022083333 0.022916667 0.04125
0.791666667 0.042083333 0.019583333 0.019791667 0.033125 0.019583333 0.021875 0.013194444 0.014444444 0.018576389 0.018576389 0.017333333 0.019951389 0.019560185 0.020929398 0.02 0.02 0.041666667
0.833333333 0.041666667 0.019375 0.0225 0.029375 0.021458333 0.020208333 0.014722222 0.014305556 0.017361111 0.018923611 0.018055556 0.020929398 0.019951389 0.019560185 0.021041667 0.01875 0.038333333
0.875 0.044166667 0.019375 0.0225 0.0328125 0.022083333 0.019375 0.014305556 0.013055556 0.01875 0.019097222 0.018416667 0.019755787 0.018190972 0.019755787 0.02 0.019791667 0.039583333
0.916666667 0.0425 0.022708333 0.018958333 0.0334375 0.020625 0.018958333 0.014583333 0.015 0.015798611 0.018055556 0.017152778 0.020342593 0.020538194 0.01897338 0.020833333 0.0225 0.039583333
0.958333333 0.044583333 0.022291667 0.020625 0.0315625 0.021041667 0.021875 0.014583333 0.014861111 0.018402778 0.019097222 0.019680556 0.019755787 0.019168981 0.01799537 0.019791667 0.021875 0.044583333
0.291666667 0.041666667 0.020833333 0.020833333 0.03125 0.020833333 0.020833333 0.013888889 0.013888889 0.017361111 0.017361111 0.018055556 0.019560185 0.019560185 0.019560185 0.020833333 0.020833333 0.041666667
0.333333333 0.041666667 0.020833333 0.020833333 0.03125 0.020833333 0.020833333 0.013888889 0.013888889 0.017361111 0.017361111 0.018055556 0.019560185 0.019560185 0.019560185 0.020833333 0.020833333 0.041666667
0.375 0.041666667 0.020833333 0.020833333 0.03125 0.020833333 0.020833333 0.013888889 0.013888889 0.017361111 0.017361111 0.018055556 0.019560185 0.019560185 0.019560185 0.020833333 0.020833333 0.041666667
0.416666667 0.041666667 0.020833333 0.020833333 0.03125 0.020833333 0.020833333 0.013888889 0.013888889 0.017361111 0.017361111 0.018055556 0.019560185 0.019560185 0.019560185 0.020833333 0.020833333 0.041666667
0.458333333 0.039166667 0.02 0.022708333 0.030625 0.02125 0.019375 0.013194444 0.01375 0.017881944 0.016666667 0.018416667 0.020929398 0.017799769 0.019755787 0.019375 0.020833333 0.040833333
0.5 0.045416667 0.01875 0.021666667 0.0334375 0.018958333 0.01875 0.012916667 0.01375 0.017708333 0.015798611 0.018236111 0.018386574 0.020342593 0.020146991 0.022708333 0.019166667 0.04
0.541666667 0.03875 0.022708333 0.020416667 0.033125 0.019375 0.019166667 0.013055556 0.012777778 0.01875 0.017881944 0.019319444 0.019364583 0.021125 0.021125 0.021041667 0.020625 0.037916667
0.583333333 0.042916667 0.01875 0.019166667 0.03 0.01875 0.020416667 0.0125 0.014027778 0.017013889 0.018923611 0.0195 0.018777778 0.020538194 0.019560185 0.021666667 0.019375 0.041666667
0.625 0.045 0.022916667 0.021875 0.0321875 0.020625 0.022083333 0.013333333 0.014722222 0.01875 0.015798611 0.018416667 0.019364583 0.020146991 0.01897338 0.01875 0.022708333 0.0375
0.666666667 0.04125 0.021875 0.021875 0.031875 0.02 0.020208333 0.014305556 0.013333333 0.018923611 0.016666667 0.0195 0.020538194 0.020929398 0.018190972 0.022708333 0.020208333 0.040416667
0.708333333 0.040416667 0.022083333 0.019166667 0.033125 0.02125 0.019583333 0.013472222 0.015138889 0.017361111 0.01875 0.018958333 0.019168981 0.019168981 0.020538194 0.02 0.020208333 0.04375
0.75 0.038333333 0.020208333 0.019791667 0.0284375 0.021458333 0.020833333 0.014583333 0.0125 0.018055556 0.016666667 0.018777778 0.01897338 0.018386574 0.018386574 0.020416667 0.021458333 0.038333333
0.791666667 0.03875 0.019375 0.022708333 0.0340625 0.020625 0.020208333 0.013472222 0.014583333 0.015798611 0.015798611 0.019319444 0.01897338 0.018777778 0.020342593 0.022291667 0.01875 0.04
0.833333333 0.044166667 0.021666667 0.020416667 0.0334375 0.019166667 0.021666667 0.013055556 0.013611111 0.017881944 0.016840278 0.0195 0.01897338 0.019560185 0.021320602 0.021458333 0.01875 0.041666667
0.875 0.040416667 0.021041667 0.021875 0.03 0.019583333 0.01875 0.01375 0.013194444 0.017881944 0.018402778 0.017694444 0.019168981 0.020929398 0.021125 0.02 0.021041667 0.045833333
0.916666667 0.039583333 0.021666667 0.019375 0.0321875 0.020833333 0.019375 0.01375 0.012916667 0.01875 0.018923611 0.017875 0.017799769 0.020929398 0.017604167 0.019583333 0.019583333 0.045416667
0.958333333 0.044166667 0.020208333 0.019791667 0.030625 0.021875 0.019583333 0.012916667 0.014305556 0.015625 0.015625 0.016972222 0.019951389 0.021125 0.019560185 0.0225 0.022708333 0.042916667