38972;Thu Mar 14 00:00:26 2019;0;1552532426;-23.6398249 -46.6073089;-23.5890733 -46.6336419;8572;1681;1668
39213;Thu Mar 14 04:01:26 2019;0;1552546885;-23.6398249 -46.6073089;-23.5890733 -46.6336419;8572;1681;1209
39214;Thu Mar 14 04:02:26 2019;0;1552546946;-23.6398249 -46.6073089;-23.5890733 -46.6336419;8572;1681;1208
39215;Thu Mar 14 04:03:26 2019;0;1552547006;-23.6398249 -46.6073089;-23.5890733 -46.6336419;8572;1681;1209
39216;Thu Mar 14 04:04:26 2019;0;1552547066;-23.6398249 -46.6073089;-23.5890733 -46.6336419;8572;1681;1138
39217;Thu Mar 14 04:05:26 2019;0;1552547126;-23.6398249 -46.6073089;-23.5890733 -46.6336419;8572;1681;1212
39218;Thu Mar 14 04:06:26 2019;0;1552547186;-23.6398249 -46.6073089;-23.5890733 -46.6336419;8572;1681;1149
39219;Thu Mar 14 04:07:26 2019;0;1552547246;-23.6398249 -46.6073089;-23.5890733 -46.6336419;8572;1681;1229
39220;Thu Mar 14 04:08:26 2019;0;1552547306;-23.6398249 -46.6073089;-23.5890733 -46.6336419;8572;1681;1165
39221;Thu Mar 14 04:09:26 2019;0;1552547366;-23.6398249 -46.6073089;-23.5890733 -46.6336419;8572;1681;1167
1;Thu Mar 14 21:04:45 2019;0;1552608285;-23.6398249 -46.6073089;-23.5890733 -46.6336419;8572;1681;2432
2;Thu Mar 14 21:05:43 2019;0;1552608343;-23.6398249 -46.6073089;-23.5890733 -46.6336419;8572;1681;2428
3;Thu Mar 14 21:06:41 2019;0;1552608401;-23.6398249 -46.6073089;-23.5890733 -46.6336419;8572;1681;2348
4;Thu Mar 14 21:07:41 2019;0;1552608461;-23.6398249 -46.6073089;-23.5890733 -46.6336419;8572;1681;2406
5;Thu Mar 14 21:08:43 2019;0;1552608522;-23.6398249 -46.6073089;-23.5890733 -46.6336419;8572;1681;2404
6;Thu Mar 14 21:09:40 2019;0;1552608580;-23.6398249 -46.6073089;-23.5890733 -46.6336419;8572;1681;2394
7;Thu Mar 14 21:10:39 2019;0;1552608639;-23.6398249 -46.6073089;-23.5890733 -46.6336419;8572;1681;2387
8;Thu Mar 14 21:11:40 2019;0;1552608700;-23.6398249 -46.6073089;-23.5890733 -46.6336419;8572;1681;2312
9;Thu Mar 14 21:12:39 2019;0;1552608759;-23.6398249 -46.6073089;-23.5890733 -46.6336419;8572;1681;2363
10;Thu Mar 14 21:13:40 2019;0;1552608820;-23.6398249 -46.6073089;-23.5890733 -46.6336419;8572;1681;2362
11;Thu Mar 14 21:14:39 2019;0;1552608879;-23.6398249 -46.6073089;-23.5890733 -46.6336419;8572;1681;2292
12;Thu Mar 14 21:15:40 2019;0;1552608940;-23.6398249 -46.6073089;-23.5890733 -46.6336419;8572;1681;2360
13;Thu Mar 14 21:16:40 2019;0;1552609000;-23.6398249 -46.6073089;-23.5890733 -46.6336419;8572;1681;2360
14;Thu Mar 14 21:17:40 2019;0;1552609060;-23.6398249 -46.6073089;-23.5890733 -46.6336419;8572;1681;2358
15;Thu Mar 14 21:18:40 2019;0;1552609120;-23.6398249 -46.6073089;-23.5890733 -46.6336419;8572;1681;2351
16;Thu Mar 14 21:19:40 2019;0;1552609180;-23.6398249 -46.6073089;-23.5890733 -46.6336419;8572;1681;2336
17;Thu Mar 14 21:20:40 2019;0;1552609240;-23.6398249 -46.6073089;-23.5890733 -46.6336419;8572;1681;2321
18;Thu Mar 14 21:21:41 2019;0;1552609300;-23.6398249 -46.6073089;-23.5890733 -46.6336419;8572;1681;2257
19;Thu Mar 14 21:22:40 2019;0;1552609360;-23.6398249 -46.6073089;-23.5890733 -46.6336419;8572;1681;2299
20;Thu Mar 14 21:23:40 2019;0;1552609420;-23.6398249 -46.6073089;-23.5890733 -46.6336419;8572;1681;2234
21;Thu Mar 14 21:24:40 2019;0;1552609480;-23.6398249 -46.6073089;-23.5890733 -46.6336419;8572;1681;2232
22;Thu Mar 14 21:25:39 2019;0;1552609539;-23.6398249 -46.6073089;-23.5890733 -46.6336419;8572;1681;2273
23;Thu Mar 14 21:26:39 2019;0;1552609599;-23.6398249 -46.6073089;-23.5890733 -46.6336419;8572;1681;2252
24;Thu Mar 14 21:27:40 2019;0;1552609659;-23.6398249 -46.6073089;-23.5890733 -46.6336419;8572;1681;2252
25;Thu Mar 14 21:28:40 2019;0;1552609720;-23.6398249 -46.6073089;-23.5890733 -46.6336419;8572;1681;2239
26;Thu Mar 14 21:29:39 2019;0;1552609779;-23.6398249 -46.6073089;-23.5890733 -46.6336419;8572;1681;2168
27;Thu Mar 14 21:30:39 2019;0;1552609839;-23.6398249 -46.6073089;-23.5890733 -46.6336419;8572;1681;2214
28;Thu Mar 14 21:31:40 2019;0;1552609900;-23.6398249 -46.6073089;-23.5890733 -46.6336419;8572;1681;2206
29;Thu Mar 14 21:32:39 2019;0;1552609959;-23.6398249 -46.6073089;-23.5890733 -46.6336419;8572;1681;2191
30;Thu Mar 14 21:33:40 2019;0;1552610019;-23.6398249 -46.6073089;-23.5890733 -46.6336419;8572;1681;2125
31;Thu Mar 14 21:34:39 2019;0;1552610079;-23.6398249 -46.6073089;-23.5890733 -46.6336419;8572;1681;2157
32;Thu Mar 14 21:35:40 2019;0;1552610139;-23.6398249 -46.6073089;-23.5890733 -46.6336419;8572;1681;2147
33;Thu Mar 14 21:36:40 2019;0;1552610199;-23.6398249 -46.6073089;-23.5890733 -46.6336419;8572;1681;2149
34;Thu Mar 14 21:37:40 2019;0;1552610260;-23.6398249 -46.6073089;-23.5890733 -46.6336419;8572;1681;2168
35;Thu Mar 14 21:38:39 2019;0;1552610319;-23.6398249 -46.6073089;-23.5890733 -46.6336419;8572;1681;2139
36;Thu Mar 14 21:39:40 2019;0;1552610380;-23.6398249 -46.6073089;-23.5890733 -46.6336419;8572;1681;2191
37;Thu Mar 14 21:40:39 2019;0;1552610439;-23.6398249 -46.6073089;-23.5890733 -46.6336419;8572;1681;2195
38;Thu Mar 14 21:41:39 2019;0;1552610499;-23.6398249 -46.6073089;-23.5890733 -46.6336419;8572;1681;2194
39;Thu Mar 14 21:42:39 2019;0;1552610559;-23.6398249 -46.6073089;-23.5890733 -46.6336419;8572;1681;2192
40;Thu Mar 14 21:43:39 2019;0;1552610619;-23.6398249 -46.6073089;-23.5890733 -46.6336419;8572;1681;2194
41;Thu Mar 14 21:44:40 2019;0;1552610679;-23.6398249 -46.6073089;-23.5890733 -46.6336419;8572;1681;2185
42;Thu Mar 14 21:45:40 2019;0;1552610740;-23.6398249 -46.6073089;-23.5890733 -46.6336419;8572;1681;2181
43;Thu Mar 14 21:46:39 2019;0;1552610799;-23.6398249 -46.6073089;-23.5890733 -46.6336419;8572;1681;2176
44;Thu Mar 14 21:47:40 2019;0;1552610860;-23.6398249 -46.6073089;-23.5890733 -46.6336419;8572;1681;2163
45;Thu Mar 14 21:48:40 2019;0;1552610920;-23.6398249 -46.6073089;-23.5890733 -46.6336419;8572;1681;2170
46;Thu Mar 14 21:49:40 2019;0;1552610980;-23.6398249 -46.6073089;-23.5890733 -46.6336419;8572;1681;2170
47;Thu Mar 14 21:50:40 2019;0;1552611040;-23.6398249 -46.6073089;-23.5890733 -46.6336419;8572;1681;2161
48;Thu Mar 14 21:51:39 2019;0;1552611099;-23.6398249 -46.6073089;-23.5890733 -46.6336419;8572;1681;2172
49;Thu Mar 14 21:52:39 2019;0;1552611159;-23.6398249 -46.6073089;-23.5890733 -46.6336419;8572;1681;2101
50;Thu Mar 14 21:53:39 2019;0;1552611219;-23.6398249 -46.6073089;-23.5890733 -46.6336419;8572;1681;2096
51;Thu Mar 14 21:54:40 2019;0;1552611279;-23.6398249 -46.6073089;-23.5890733 -46.6336419;8572;1681;2083
52;Thu Mar 14 21:55:40 2019;0;1552611340;-23.6398249 -46.6073089;-23.5890733 -46.6336419;8572;1681;2122
53;Thu Mar 14 21:56:39 2019;0;1552611399;-23.6398249 -46.6073089;-23.5890733 -46.6336419;8572;1681;2115
54;Thu Mar 14 21:57:39 2019;0;1552611459;-23.6398249 -46.6073089;-23.5890733 -46.6336419;8572;1681;2104
55;Thu Mar 14 21:58:39 2019;0;1552611519;-23.6398249 -46.6073089;-23.5890733 -46.6336419;8572;1681;2062
56;Thu Mar 14 21:59:40 2019;0;1552611580;-23.6398249 -46.6073089;-23.5890733 -46.6336419;8572;1681;2103
57;Thu Mar 14 22:00:39 2019;0;1552611639;-23.6398249 -46.6073089;-23.5890733 -46.6336419;8572;1681;2107
58;Thu Mar 14 22:01:39 2019;0;1552611699;-23.6398249 -46.6073089;-23.5890733 -46.6336419;8572;1681;2113
59;Thu Mar 14 22:02:40 2019;0;1552611759;-23.6398249 -46.6073089;-23.5890733 -46.6336419;8572;1681;2069
60;Thu Mar 14 22:03:39 2019;0;1552611819;-23.6398249 -46.6073089;-23.5890733 -46.6336419;8572;1681;2057
61;Thu Mar 14 22:04:39 2019;0;1552611879;-23.6398249 -46.6073089;-23.5890733 -46.6336419;8572;1681;2091
62;Thu Mar 14 22:05:40 2019;0;1552611939;-23.6398249 -46.6073089;-23.5890733 -46.6336419;8572;1681;2084
63;Thu Mar 14 22:06:40 2019;0;1552612000;-23.6398249 -46.6073089;-23.5890733 -46.6336419;8572;1681;2085
64;Thu Mar 14 22:07:39 2019;0;1552612059;-23.6398249 -46.6073089;-23.5890733 -46.6336419;8572;1681;2100
65;Thu Mar 14 22:08:40 2019;0;1552612120;-23.6398249 -46.6073089;-23.5890733 -46.6336419;8572;1681;2093
66;Thu Mar 14 22:09:40 2019;0;1552612180;-23.6398249 -46.6073089;-23.5890733 -46.6336419;8572;1681;2047
67;Thu Mar 14 22:10:40 2019;0;1552612240;-23.6398249 -46.6073089;-23.5890733 -46.6336419;8572;1681;2095
68;Thu Mar 14 22:11:39 2019;0;1552612299;-23.6398249 -46.6073089;-23.5890733 -46.6336419;8572;1681;2051
69;Thu Mar 14 22:12:39 2019;0;1552612359;-23.6398249 -46.6073089;-23.5890733 -46.6336419;8572;1681;2055
70;Thu Mar 14 22:13:40 2019;0;1552612419;-23.6398249 -46.6073089;-23.5890733 -46.6336419;8572;1681;2095
71;Thu Mar 14 22:14:39 2019;0;1552612479;-23.6398249 -46.6073089;-23.5890733 -46.6336419;8572;1681;2093
72;Thu Mar 14 22:15:40 2019;0;1552612540;-23.6398249 -46.6073089;-23.5890733 -46.6336419;8572;1681;2051
73;Thu Mar 14 22:16:39 2019;0;1552612599;-23.6398249 -46.6073089;-23.5890733 -46.6336419;8572;1681;2095
74;Thu Mar 14 22:17:40 2019;0;1552612660;-23.6398249 -46.6073089;-23.5890733 -46.6336419;8572;1681;2101
75;Thu Mar 14 22:18:39 2019;0;1552612719;-23.6398249 -46.6073089;-23.5890733 -46.6336419;8572;1681;2106
76;Thu Mar 14 22:19:40 2019;0;1552612780;-23.6398249 -46.6073089;-23.5890733 -46.6336419;8572;1681;2104
77;Thu Mar 14 22:20:39 2019;0;1552612839;-23.6398249 -46.6073089;-23.5890733 -46.6336419;8572;1681;2102
78;Thu Mar 14 22:21:39 2019;0;1552612899;-23.6398249 -46.6073089;-23.5890733 -46.6336419;8572;1681;2051
79;Thu Mar 14 22:22:39 2019;0;1552612959;-23.6398249 -46.6073089;-23.5890733 -46.6336419;8572;1681;2084
80;Thu Mar 14 22:23:40 2019;0;1552613020;-23.6398249 -46.6073089;-23.5890733 -46.6336419;8572;1681;2083
81;Thu Mar 14 22:24:39 2019;0;1552613079;-23.6398249 -46.6073089;-23.5890733 -46.6336419;8572;1681;2096
82;Thu Mar 14 22:25:39 2019;0;1552613139;-23.6398249 -46.6073089;-23.5890733 -46.6336419;8572;1681;2052
83;Thu Mar 14 22:26:40 2019;0;1552613200;-23.6398249 -46.6073089;-23.5890733 -46.6336419;8572;1681;2105
84;Thu Mar 14 22:27:40 2019;0;1552613260;-23.6398249 -46.6073089;-23.5890733 -46.6336419;8572;1681;2104
85;Thu Mar 14 22:28:39 2019;0;1552613319;-23.6398249 -46.6073089;-23.5890733 -46.6336419;8572;1681;2056
86;Thu Mar 14 22:29:39 2019;0;1552613379;-23.6398249 -46.6073089;-23.5890733 -46.6336419;8572;1681;2110
87;Thu Mar 14 22:30:39 2019;0;1552613439;-23.6398249 -46.6073089;-23.5890733 -46.6336419;8572;1681;2109
88;Thu Mar 14 22:31:39 2019;0;1552613499;-23.6398249 -46.6073089;-23.5890733 -46.6336419;8572;1681;2100
89;Thu Mar 14 22:32:39 2019;0;1552613559;-23.6398249 -46.6073089;-23.5890733 -46.6336419;8572;1681;2099
90;Thu Mar 14 22:33:39 2019;0;1552613619;-23.6398249 -46.6073089;-23.5890733 -46.6336419;8572;1681;2092
91;Thu Mar 14 22:34:39 2019;0;1552613679;-23.6398249 -46.6073089;-23.5890733 -46.6336419;8572;1681;2093
92;Thu Mar 14 22:35:39 2019;0;1552613739;-23.6398249 -46.6073089;-23.5890733 -46.6336419;8572;1681;2095
93;Thu Mar 14 22:36:40 2019;0;1552613799;-23.6398249 -46.6073089;-23.5890733 -46.6336419;8572;1681;2036
94;Thu Mar 14 22:37:40 2019;0;1552613859;-23.6398249 -46.6073089;-23.5890733 -46.6336419;8572;1681;2024
95;Thu Mar 14 22:38:40 2019;0;1552613920;-23.6398249 -46.6073089;-23.5890733 -46.6336419;8572;1681;2071
96;Thu Mar 14 22:39:39 2019;0;1552613979;-23.6398249 -46.6073089;-23.5890733 -46.6336419;8572;1681;2069
97;Thu Mar 14 22:40:40 2019;0;1552614040;-23.6398249 -46.6073089;-23.5890733 -46.6336419;8572;1681;2069
98;Thu Mar 14 22:41:40 2019;0;1552614099;-23.6398249 -46.6073089;-23.5890733 -46.6336419;8572;1681;1996
99;Thu Mar 14 22:42:40 2019;0;1552614159;-23.6398249 -46.6073089;-23.5890733 -46.6336419;8572;1681;2033
100;Thu Mar 14 22:43:40 2019;0;1552614220;-23.6398249 -46.6073089;-23.5890733 -46.6336419;8572;1681;2027
101;Thu Mar 14 22:44:39 2019;0;1552614279;-23.6398249 -46.6073089;-23.5890733 -46.6336419;8572;1681;2022
102;Thu Mar 14 22:45:39 2019;0;1552614339;-23.6398249 -46.6073089;-23.5890733 -46.6336419;8572;1681;2005
103;Thu Mar 14 22:46:40 2019;0;1552614400;-23.6398249 -46.6073089;-23.5890733 -46.6336419;8572;1681;1993
104;Thu Mar 14 22:47:40 2019;0;1552614460;-23.6398249 -46.6073089;-23.5890733 -46.6336419;8572;1681;1977
105;Thu Mar 14 22:48:39 2019;0;1552614519;-23.6398249 -46.6073089;-23.5890733 -46.6336419;8572;1681;1974
106;Thu Mar 14 22:49:40 2019;0;1552614580;-23.6398249 -46.6073089;-23.5890733 -46.6336419;8572;1681;1973
107;Thu Mar 14 22:50:40 2019;0;1552614640;-23.6398249 -46.6073089;-23.5890733 -46.6336419;8572;1681;1961
108;Thu Mar 14 22:51:40 2019;0;1552614699;-23.6398249 -46.6073089;-23.5890733 -46.6336419;8572;1681;1956
109;Thu Mar 14 22:52:39 2019;0;1552614759;-23.6398249 -46.6073089;-23.5890733 -46.6336419;8572;1681;1949
110;Thu Mar 14 22:53:40 2019;0;1552614820;-23.6398249 -46.6073089;-23.5890733 -46.6336419;8572;1681;1965
111;Thu Mar 14 22:54:40 2019;0;1552614880;-23.6398249 -46.6073089;-23.5890733 -46.6336419;8572;1681;1958
112;Thu Mar 14 22:55:40 2019;0;1552614940;-23.6398249 -46.6073089;-23.5890733 -46.6336419;8572;1681;1951
113;Thu Mar 14 22:56:40 2019;0;1552614999;-23.6398249 -46.6073089;-23.5890733 -46.6336419;8572;1681;1868
114;Thu Mar 14 22:57:40 2019;0;1552615060;-23.6398249 -46.6073089;-23.5890733 -46.6336419;8572;1681;1932
115;Thu Mar 14 22:58:39 2019;0;1552615119;-23.6398249 -46.6073089;-23.5890733 -46.6336419;8572;1681;1934
116;Thu Mar 14 22:59:40 2019;0;1552615180;-23.6398249 -46.6073089;-23.5890733 -46.6336419;8572;1681;1948
117;Thu Mar 14 23:00:40 2019;0;1552615240;-23.6398249 -46.6073089;-23.5890733 -46.6336419;8572;1681;1954
118;Thu Mar 14 23:01:39 2019;0;1552615299;-23.6398249 -46.6073089;-23.5890733 -46.6336419;8572;1681;1954
119;Thu Mar 14 23:02:39 2019;0;1552615359;-23.6398249 -46.6073089;-23.5890733 -46.6336419;8572;1681;1873
120;Thu Mar 14 23:03:39 2019;0;1552615419;-23.6398249 -46.6073089;-23.5890733 -46.6336419;8572;1681;1947
121;Thu Mar 14 23:04:39 2019;0;1552615479;-23.6398249 -46.6073089;-23.5890733 -46.6336419;8572;1681;1937
122;Thu Mar 14 23:05:40 2019;0;1552615540;-23.6398249 -46.6073089;-23.5890733 -46.6336419;8572;1681;1845
123;Thu Mar 14 23:06:39 2019;0;1552615599;-23.6398249 -46.6073089;-23.5890733 -46.6336419;8572;1681;1917
124;Thu Mar 14 23:07:40 2019;0;1552615660;-23.6398249 -46.6073089;-23.5890733 -46.6336419;8572;1681;1908
125;Thu Mar 14 23:08:39 2019;0;1552615719;-23.6398249 -46.6073089;-23.5890733 -46.6336419;8572;1681;1903
126;Thu Mar 14 23:09:40 2019;0;1552615779;-23.6398249 -46.6073089;-23.5890733 -46.6336419;8572;1681;1810
127;Thu Mar 14 23:10:39 2019;0;1552615839;-23.6398249 -46.6073089;-23.5890733 -46.6336419;8572;1681;1889
128;Thu Mar 14 23:11:39 2019;0;1552615899;-23.6398249 -46.6073089;-23.5890733 -46.6336419;8572;1681;1897
129;Thu Mar 14 23:12:39 2019;0;1552615959;-23.6398249 -46.6073089;-23.5890733 -46.6336419;8572;1681;1904
130;Thu Mar 14 23:13:39 2019;0;1552616019;-23.6398249 -46.6073089;-23.5890733 -46.6336419;8572;1681;1901
131;Thu Mar 14 23:14:39 2019;0;1552616079;-23.6398249 -46.6073089;-23.5890733 -46.6336419;8572;1681;1808
132;Thu Mar 14 23:15:40 2019;0;1552616139;-23.6398249 -46.6073089;-23.5890733 -46.6336419;8572;1681;1794
133;Thu Mar 14 23:16:39 2019;0;1552616199;-23.6398249 -46.6073089;-23.5890733 -46.6336419;8572;1681;1876
134;Thu Mar 14 23:17:39 2019;0;1552616259;-23.6398249 -46.6073089;-23.5890733 -46.6336419;8572;1681;1783
135;Thu Mar 14 23:18:39 2019;0;1552616319;-23.6398249 -46.6073089;-23.5890733 -46.6336419;8572;1681;1876
136;Thu Mar 14 23:19:39 2019;0;1552616379;-23.6398249 -46.6073089;-23.5890733 -46.6336419;8572;1681;1788
137;Thu Mar 14 23:20:39 2019;0;1552616439;-23.6398249 -46.6073089;-23.5890733 -46.6336419;8572;1681;1870
138;Thu Mar 14 23:21:40 2019;0;1552616500;-23.6398249 -46.6073089;-23.5890733 -46.6336419;8572;1681;1785
139;Thu Mar 14 23:22:39 2019;0;1552616559;-23.6398249 -46.6073089;-23.5890733 -46.6336419;8572;1681;1777
140;Thu Mar 14 23:23:39 2019;0;1552616619;-23.6398249 -46.6073089;-23.5890733 -46.6336419;8572;1681;1856
141;Thu Mar 14 23:24:39 2019;0;1552616679;-23.6398249 -46.6073089;-23.5890733 -46.6336419;8572;1681;1854
142;Thu Mar 14 23:25:39 2019;0;1552616739;-23.6398249 -46.6073089;-23.5890733 -46.6336419;8572;1681;1854
143;Thu Mar 14 23:26:40 2019;0;1552616800;-23.6398249 -46.6073089;-23.5890733 -46.6336419;8572;1681;1741
144;Thu Mar 14 23:27:40 2019;0;1552616860;-23.6398249 -46.6073089;-23.5890733 -46.6336419;8572;1681;1808
145;Thu Mar 14 23:28:39 2019;0;1552616919;-23.6398249 -46.6073089;-23.5890733 -46.6336419;8572;1681;1795
146;Thu Mar 14 23:29:39 2019;0;1552616979;-23.6398249 -46.6073089;-23.5890733 -46.6336419;8572;1681;1806
147;Thu Mar 14 23:30:40 2019;0;1552617039;-23.6398249 -46.6073089;-23.5890733 -46.6336419;8572;1681;1796
148;Thu Mar 14 23:31:39 2019;0;1552617099;-23.6398249 -46.6073089;-23.5890733 -46.6336419;8572;1681;1709
149;Thu Mar 14 23:32:39 2019;0;1552617159;-23.6398249 -46.6073089;-23.5890733 -46.6336419;8572;1681;1799
150;Thu Mar 14 23:33:40 2019;0;1552617219;-23.6398249 -46.6073089;-23.5890733 -46.6336419;8572;1681;1795
151;Thu Mar 14 23:34:39 2019;0;1552617279;-23.6398249 -46.6073089;-23.5890733 -46.6336419;8572;1681;1787
152;Thu Mar 14 23:35:39 2019;0;1552617339;-23.6398249 -46.6073089;-23.5890733 -46.6336419;8572;1681;1782
153;Thu Mar 14 23:36:39 2019;0;1552617399;-23.6398249 -46.6073089;-23.5890733 -46.6336419;8572;1681;1778
154;Thu Mar 14 23:37:39 2019;0;1552617459;-23.6398249 -46.6073089;-23.5890733 -46.6336419;8572;1681;1780
155;Thu Mar 14 23:38:39 2019;0;1552617519;-23.6398249 -46.6073089;-23.5890733 -46.6336419;8572;1681;1680
156;Thu Mar 14 23:39:39 2019;0;1552617579;-23.6398249 -46.6073089;-23.5890733 -46.6336419;8572;1681;1664
157;Thu Mar 14 23:40:39 2019;0;1552617639;-23.6398249 -46.6073089;-23.5890733 -46.6336419;8572;1681;1660
158;Thu Mar 14 23:41:39 2019;0;1552617699;-23.6398249 -46.6073089;-23.5890733 -46.6336419;8572;1681;1746
159;Thu Mar 14 23:42:40 2019;0;1552617760;-23.6398249 -46.6073089;-23.5890733 -46.6336419;8572;1681;1745
160;Thu Mar 14 23:43:40 2019;0;1552617819;-23.6398249 -46.6073089;-23.5890733 -46.6336419;8572;1681;1739
161;Thu Mar 14 23:44:39 2019;0;1552617879;-23.6398249 -46.6073089;-23.5890733 -46.6336419;8572;1681;1645
162;Thu Mar 14 23:45:39 2019;0;1552617939;-23.6398249 -46.6073089;-23.5890733 -46.6336419;8572;1681;1642
163;Thu Mar 14 23:46:40 2019;0;1552618000;-23.6398249 -46.6073089;-23.5890733 -46.6336419;8572;1681;1742
164;Thu Mar 14 23:47:40 2019;0;1552618060;-23.6398249 -46.6073089;-23.5890733 -46.6336419;8572;1681;1739
165;Thu Mar 14 23:48:40 2019;0;1552618120;-23.6398249 -46.6073089;-23.5890733 -46.6336419;8572;1681;1727
166;Thu Mar 14 23:49:39 2019;0;1552618179;-23.6398249 -46.6073089;-23.5890733 -46.6336419;8572;1681;1730
167;Thu Mar 14 23:50:40 2019;0;1552618239;-23.6398249 -46.6073089;-23.5890733 -46.6336419;8572;1681;1643
168;Thu Mar 14 23:51:40 2019;0;1552618299;-23.6398249 -46.6073089;-23.5890733 -46.6336419;8572;1681;1730
169;Thu Mar 14 23:52:39 2019;0;1552618359;-23.6398249 -46.6073089;-23.5890733 -46.6336419;8572;1681;1634
170;Thu Mar 14 23:53:39 2019;0;1552618419;-23.6398249 -46.6073089;-23.5890733 -46.6336419;8572;1681;1723
171;Thu Mar 14 23:54:39 2019;0;1552618479;-23.6398249 -46.6073089;-23.5890733 -46.6336419;8572;1681;1720
172;Thu Mar 14 23:55:39 2019;0;1552618539;-23.6398249 -46.6073089;-23.5890733 -46.6336419;8572;1681;1720
173;Thu Mar 14 23:56:40 2019;0;1552618599;-23.6398249 -46.6073089;-23.5890733 -46.6336419;8572;1681;1720
174;Thu Mar 14 23:57:40 2019;0;1552618660;-23.6398249 -46.6073089;-23.5890733 -46.6336419;8572;1681;1736
175;Thu Mar 14 23:58:40 2019;0;1552618720;-23.6398249 -46.6073089;-23.5890733 -46.6336419;8572;1681;1728
176;Thu Mar 14 23:59:39 2019;0;1552618779;-23.6398249 -46.6073089;-23.5890733 -46.6336419;8572;1681;1721
