38972;Thu Mar 14 00:00:26 2019;4;1552533626;-23.6398249 -46.6073089;-23.5890733 -46.6336419;8572;1681;1566
39213;Thu Mar 14 04:01:26 2019;4;1552548086;-23.6398249 -46.6073089;-23.5890733 -46.6336419;8572;1681;1252
39214;Thu Mar 14 04:02:26 2019;4;1552548146;-23.6398249 -46.6073089;-23.5890733 -46.6336419;8572;1681;1272
39215;Thu Mar 14 04:03:26 2019;4;1552548206;-23.6398249 -46.6073089;-23.5890733 -46.6336419;8572;1681;1210
39216;Thu Mar 14 04:04:26 2019;4;1552548266;-23.6398249 -46.6073089;-23.5890733 -46.6336419;8572;1681;1276
39217;Thu Mar 14 04:05:26 2019;4;1552548326;-23.6398249 -46.6073089;-23.5890733 -46.6336419;8572;1681;1285
39218;Thu Mar 14 04:06:26 2019;4;1552548386;-23.6398249 -46.6073089;-23.5890733 -46.6336419;8572;1681;1297
39219;Thu Mar 14 04:07:26 2019;4;1552548446;-23.6398249 -46.6073089;-23.5890733 -46.6336419;8572;1681;1316
39220;Thu Mar 14 04:08:26 2019;4;1552548506;-23.6398249 -46.6073089;-23.5890733 -46.6336419;8572;1681;1260
39221;Thu Mar 14 04:09:26 2019;4;1552548566;-23.6398249 -46.6073089;-23.5890733 -46.6336419;8572;1681;1261
1;Thu Mar 14 21:04:46 2019;4;1552609486;-23.6398249 -46.6073089;-23.5890733 -46.6336419;8572;1681;2290
2;Thu Mar 14 21:05:43 2019;4;1552609543;-23.6398249 -46.6073089;-23.5890733 -46.6336419;8572;1681;2216
3;Thu Mar 14 21:06:42 2019;4;1552609601;-23.6398249 -46.6073089;-23.5890733 -46.6336419;8572;1681;2252
4;Thu Mar 14 21:07:42 2019;4;1552609662;-23.6398249 -46.6073089;-23.5890733 -46.6336419;8572;1681;2252
5;Thu Mar 14 21:08:43 2019;4;1552609723;-23.6398249 -46.6073089;-23.5890733 -46.6336419;8572;1681;2179
6;Thu Mar 14 21:09:40 2019;4;1552609780;-23.6398249 -46.6073089;-23.5890733 -46.6336419;8572;1681;2223
7;Thu Mar 14 21:10:40 2019;4;1552609840;-23.6398249 -46.6073089;-23.5890733 -46.6336419;8572;1681;2214
8;Thu Mar 14 21:11:40 2019;4;1552609900;-23.6398249 -46.6073089;-23.5890733 -46.6336419;8572;1681;2206
9;Thu Mar 14 21:12:39 2019;4;1552609959;-23.6398249 -46.6073089;-23.5890733 -46.6336419;8572;1681;2138
10;Thu Mar 14 21:13:40 2019;4;1552610020;-23.6398249 -46.6073089;-23.5890733 -46.6336419;8572;1681;2177
11;Thu Mar 14 21:14:40 2019;4;1552610080;-23.6398249 -46.6073089;-23.5890733 -46.6336419;8572;1681;2107
12;Thu Mar 14 21:15:41 2019;4;1552610141;-23.6398249 -46.6073089;-23.5890733 -46.6336419;8572;1681;2097
13;Thu Mar 14 21:16:41 2019;4;1552610200;-23.6398249 -46.6073089;-23.5890733 -46.6336419;8572;1681;2099
14;Thu Mar 14 21:17:41 2019;4;1552610260;-23.6398249 -46.6073089;-23.5890733 -46.6336419;8572;1681;2168
15;Thu Mar 14 21:18:40 2019;4;1552610320;-23.6398249 -46.6073089;-23.5890733 -46.6336419;8572;1681;2190
16;Thu Mar 14 21:19:40 2019;4;1552610380;-23.6398249 -46.6073089;-23.5890733 -46.6336419;8572;1681;2191
17;Thu Mar 14 21:20:41 2019;4;1552610440;-23.6398249 -46.6073089;-23.5890733 -46.6336419;8572;1681;2189
18;Thu Mar 14 21:21:41 2019;4;1552610501;-23.6398249 -46.6073089;-23.5890733 -46.6336419;8572;1681;2194
19;Thu Mar 14 21:22:40 2019;4;1552610560;-23.6398249 -46.6073089;-23.5890733 -46.6336419;8572;1681;2192
20;Thu Mar 14 21:23:40 2019;4;1552610620;-23.6398249 -46.6073089;-23.5890733 -46.6336419;8572;1681;2194
21;Thu Mar 14 21:24:40 2019;4;1552610680;-23.6398249 -46.6073089;-23.5890733 -46.6336419;8572;1681;2185
22;Thu Mar 14 21:25:40 2019;4;1552610740;-23.6398249 -46.6073089;-23.5890733 -46.6336419;8572;1681;2181
23;Thu Mar 14 21:26:40 2019;4;1552610800;-23.6398249 -46.6073089;-23.5890733 -46.6336419;8572;1681;2126
24;Thu Mar 14 21:27:40 2019;4;1552610860;-23.6398249 -46.6073089;-23.5890733 -46.6336419;8572;1681;2114
25;Thu Mar 14 21:28:40 2019;4;1552610920;-23.6398249 -46.6073089;-23.5890733 -46.6336419;8572;1681;2170
26;Thu Mar 14 21:29:40 2019;4;1552610980;-23.6398249 -46.6073089;-23.5890733 -46.6336419;8572;1681;2170
27;Thu Mar 14 21:30:40 2019;4;1552611040;-23.6398249 -46.6073089;-23.5890733 -46.6336419;8572;1681;2161
28;Thu Mar 14 21:31:40 2019;4;1552611100;-23.6398249 -46.6073089;-23.5890733 -46.6336419;8572;1681;2172
29;Thu Mar 14 21:32:40 2019;4;1552611160;-23.6398249 -46.6073089;-23.5890733 -46.6336419;8572;1681;2148
30;Thu Mar 14 21:33:40 2019;4;1552611220;-23.6398249 -46.6073089;-23.5890733 -46.6336419;8572;1681;2096
31;Thu Mar 14 21:34:40 2019;4;1552611280;-23.6398249 -46.6073089;-23.5890733 -46.6336419;8572;1681;2129
32;Thu Mar 14 21:35:40 2019;4;1552611340;-23.6398249 -46.6073089;-23.5890733 -46.6336419;8572;1681;2122
33;Thu Mar 14 21:36:40 2019;4;1552611400;-23.6398249 -46.6073089;-23.5890733 -46.6336419;8572;1681;2115
34;Thu Mar 14 21:37:40 2019;4;1552611460;-23.6398249 -46.6073089;-23.5890733 -46.6336419;8572;1681;2058
35;Thu Mar 14 21:38:40 2019;4;1552611520;-23.6398249 -46.6073089;-23.5890733 -46.6336419;8572;1681;2062
36;Thu Mar 14 21:39:40 2019;4;1552611580;-23.6398249 -46.6073089;-23.5890733 -46.6336419;8572;1681;2059
37;Thu Mar 14 21:40:40 2019;4;1552611640;-23.6398249 -46.6073089;-23.5890733 -46.6336419;8572;1681;2107
38;Thu Mar 14 21:41:40 2019;4;1552611700;-23.6398249 -46.6073089;-23.5890733 -46.6336419;8572;1681;2069
39;Thu Mar 14 21:42:40 2019;4;1552611760;-23.6398249 -46.6073089;-23.5890733 -46.6336419;8572;1681;2113
40;Thu Mar 14 21:43:40 2019;4;1552611819;-23.6398249 -46.6073089;-23.5890733 -46.6336419;8572;1681;2057
41;Thu Mar 14 21:44:40 2019;4;1552611880;-23.6398249 -46.6073089;-23.5890733 -46.6336419;8572;1681;2091
42;Thu Mar 14 21:45:40 2019;4;1552611940;-23.6398249 -46.6073089;-23.5890733 -46.6336419;8572;1681;2084
43;Thu Mar 14 21:46:40 2019;4;1552612000;-23.6398249 -46.6073089;-23.5890733 -46.6336419;8572;1681;2042
44;Thu Mar 14 21:47:40 2019;4;1552612060;-23.6398249 -46.6073089;-23.5890733 -46.6336419;8572;1681;2056
45;Thu Mar 14 21:48:40 2019;4;1552612120;-23.6398249 -46.6073089;-23.5890733 -46.6336419;8572;1681;2050
46;Thu Mar 14 21:49:40 2019;4;1552612180;-23.6398249 -46.6073089;-23.5890733 -46.6336419;8572;1681;2091
47;Thu Mar 14 21:50:40 2019;4;1552612240;-23.6398249 -46.6073089;-23.5890733 -46.6336419;8572;1681;2095
48;Thu Mar 14 21:51:40 2019;4;1552612300;-23.6398249 -46.6073089;-23.5890733 -46.6336419;8572;1681;2051
49;Thu Mar 14 21:52:40 2019;4;1552612360;-23.6398249 -46.6073089;-23.5890733 -46.6336419;8572;1681;2055
50;Thu Mar 14 21:53:40 2019;4;1552612420;-23.6398249 -46.6073089;-23.5890733 -46.6336419;8572;1681;2096
51;Thu Mar 14 21:54:40 2019;4;1552612480;-23.6398249 -46.6073089;-23.5890733 -46.6336419;8572;1681;2093
52;Thu Mar 14 21:55:40 2019;4;1552612540;-23.6398249 -46.6073089;-23.5890733 -46.6336419;8572;1681;2093
53;Thu Mar 14 21:56:40 2019;4;1552612600;-23.6398249 -46.6073089;-23.5890733 -46.6336419;8572;1681;2053
54;Thu Mar 14 21:57:40 2019;4;1552612660;-23.6398249 -46.6073089;-23.5890733 -46.6336419;8572;1681;2101
55;Thu Mar 14 21:58:40 2019;4;1552612719;-23.6398249 -46.6073089;-23.5890733 -46.6336419;8572;1681;2106
56;Thu Mar 14 21:59:40 2019;4;1552612780;-23.6398249 -46.6073089;-23.5890733 -46.6336419;8572;1681;2104
57;Thu Mar 14 22:00:40 2019;4;1552612840;-23.6398249 -46.6073089;-23.5890733 -46.6336419;8572;1681;2102
58;Thu Mar 14 22:01:40 2019;4;1552612900;-23.6398249 -46.6073089;-23.5890733 -46.6336419;8572;1681;2092
59;Thu Mar 14 22:02:41 2019;4;1552612960;-23.6398249 -46.6073089;-23.5890733 -46.6336419;8572;1681;2084
60;Thu Mar 14 22:03:40 2019;4;1552613020;-23.6398249 -46.6073089;-23.5890733 -46.6336419;8572;1681;2083
61;Thu Mar 14 22:04:40 2019;4;1552613080;-23.6398249 -46.6073089;-23.5890733 -46.6336419;8572;1681;2096
62;Thu Mar 14 22:05:40 2019;4;1552613140;-23.6398249 -46.6073089;-23.5890733 -46.6336419;8572;1681;2095
63;Thu Mar 14 22:06:40 2019;4;1552613200;-23.6398249 -46.6073089;-23.5890733 -46.6336419;8572;1681;2105
64;Thu Mar 14 22:07:40 2019;4;1552613260;-23.6398249 -46.6073089;-23.5890733 -46.6336419;8572;1681;2104
65;Thu Mar 14 22:08:40 2019;4;1552613320;-23.6398249 -46.6073089;-23.5890733 -46.6336419;8572;1681;2102
66;Thu Mar 14 22:09:41 2019;4;1552613380;-23.6398249 -46.6073089;-23.5890733 -46.6336419;8572;1681;2110
67;Thu Mar 14 22:10:40 2019;4;1552613440;-23.6398249 -46.6073089;-23.5890733 -46.6336419;8572;1681;2061
68;Thu Mar 14 22:11:40 2019;4;1552613500;-23.6398249 -46.6073089;-23.5890733 -46.6336419;8572;1681;2051
69;Thu Mar 14 22:12:40 2019;4;1552613559;-23.6398249 -46.6073089;-23.5890733 -46.6336419;8572;1681;2049
70;Thu Mar 14 22:13:40 2019;4;1552613620;-23.6398249 -46.6073089;-23.5890733 -46.6336419;8572;1681;2092
71;Thu Mar 14 22:14:40 2019;4;1552613680;-23.6398249 -46.6073089;-23.5890733 -46.6336419;8572;1681;2093
72;Thu Mar 14 22:15:40 2019;4;1552613740;-23.6398249 -46.6073089;-23.5890733 -46.6336419;8572;1681;2095
73;Thu Mar 14 22:16:40 2019;4;1552613800;-23.6398249 -46.6073089;-23.5890733 -46.6336419;8572;1681;2091
74;Thu Mar 14 22:17:40 2019;4;1552613860;-23.6398249 -46.6073089;-23.5890733 -46.6336419;8572;1681;2080
75;Thu Mar 14 22:18:40 2019;4;1552613920;-23.6398249 -46.6073089;-23.5890733 -46.6336419;8572;1681;2071
76;Thu Mar 14 22:19:40 2019;4;1552613980;-23.6398249 -46.6073089;-23.5890733 -46.6336419;8572;1681;2069
77;Thu Mar 14 22:20:40 2019;4;1552614040;-23.6398249 -46.6073089;-23.5890733 -46.6336419;8572;1681;2009
78;Thu Mar 14 22:21:40 2019;4;1552614099;-23.6398249 -46.6073089;-23.5890733 -46.6336419;8572;1681;2055
79;Thu Mar 14 22:22:40 2019;4;1552614160;-23.6398249 -46.6073089;-23.5890733 -46.6336419;8572;1681;2033
80;Thu Mar 14 22:23:40 2019;4;1552614220;-23.6398249 -46.6073089;-23.5890733 -46.6336419;8572;1681;2027
81;Thu Mar 14 22:24:40 2019;4;1552614280;-23.6398249 -46.6073089;-23.5890733 -46.6336419;8572;1681;2022
82;Thu Mar 14 22:25:40 2019;4;1552614340;-23.6398249 -46.6073089;-23.5890733 -46.6336419;8572;1681;2005
83;Thu Mar 14 22:26:40 2019;4;1552614400;-23.6398249 -46.6073089;-23.5890733 -46.6336419;8572;1681;1993
84;Thu Mar 14 22:27:40 2019;4;1552614460;-23.6398249 -46.6073089;-23.5890733 -46.6336419;8572;1681;1977
85;Thu Mar 14 22:28:40 2019;4;1552614520;-23.6398249 -46.6073089;-23.5890733 -46.6336419;8572;1681;1974
86;Thu Mar 14 22:29:40 2019;4;1552614580;-23.6398249 -46.6073089;-23.5890733 -46.6336419;8572;1681;1973
87;Thu Mar 14 22:30:40 2019;4;1552614640;-23.6398249 -46.6073089;-23.5890733 -46.6336419;8572;1681;1961
88;Thu Mar 14 22:31:40 2019;4;1552614700;-23.6398249 -46.6073089;-23.5890733 -46.6336419;8572;1681;1956
89;Thu Mar 14 22:32:40 2019;4;1552614760;-23.6398249 -46.6073089;-23.5890733 -46.6336419;8572;1681;1949
90;Thu Mar 14 22:33:40 2019;4;1552614820;-23.6398249 -46.6073089;-23.5890733 -46.6336419;8572;1681;1965
91;Thu Mar 14 22:34:40 2019;4;1552614880;-23.6398249 -46.6073089;-23.5890733 -46.6336419;8572;1681;1888
92;Thu Mar 14 22:35:40 2019;4;1552614940;-23.6398249 -46.6073089;-23.5890733 -46.6336419;8572;1681;1880
93;Thu Mar 14 22:36:40 2019;4;1552615000;-23.6398249 -46.6073089;-23.5890733 -46.6336419;8572;1681;1938
94;Thu Mar 14 22:37:40 2019;4;1552615060;-23.6398249 -46.6073089;-23.5890733 -46.6336419;8572;1681;1932
95;Thu Mar 14 22:38:41 2019;4;1552615120;-23.6398249 -46.6073089;-23.5890733 -46.6336419;8572;1681;1934
96;Thu Mar 14 22:39:41 2019;4;1552615180;-23.6398249 -46.6073089;-23.5890733 -46.6336419;8572;1681;1948
97;Thu Mar 14 22:40:40 2019;4;1552615240;-23.6398249 -46.6073089;-23.5890733 -46.6336419;8572;1681;1878
98;Thu Mar 14 22:41:40 2019;4;1552615300;-23.6398249 -46.6073089;-23.5890733 -46.6336419;8572;1681;1954
99;Thu Mar 14 22:42:40 2019;4;1552615360;-23.6398249 -46.6073089;-23.5890733 -46.6336419;8572;1681;1952
100;Thu Mar 14 22:43:40 2019;4;1552615420;-23.6398249 -46.6073089;-23.5890733 -46.6336419;8572;1681;1868
101;Thu Mar 14 22:44:40 2019;4;1552615480;-23.6398249 -46.6073089;-23.5890733 -46.6336419;8572;1681;1937
102;Thu Mar 14 22:45:40 2019;4;1552615540;-23.6398249 -46.6073089;-23.5890733 -46.6336419;8572;1681;1923
103;Thu Mar 14 22:46:41 2019;4;1552615601;-23.6398249 -46.6073089;-23.5890733 -46.6336419;8572;1681;1917
104;Thu Mar 14 22:47:41 2019;4;1552615660;-23.6398249 -46.6073089;-23.5890733 -46.6336419;8572;1681;1908
105;Thu Mar 14 22:48:40 2019;4;1552615720;-23.6398249 -46.6073089;-23.5890733 -46.6336419;8572;1681;1903
106;Thu Mar 14 22:49:40 2019;4;1552615780;-23.6398249 -46.6073089;-23.5890733 -46.6336419;8572;1681;1889
107;Thu Mar 14 22:50:40 2019;4;1552615840;-23.6398249 -46.6073089;-23.5890733 -46.6336419;8572;1681;1889
108;Thu Mar 14 22:51:40 2019;4;1552615900;-23.6398249 -46.6073089;-23.5890733 -46.6336419;8572;1681;1897
109;Thu Mar 14 22:52:40 2019;4;1552615960;-23.6398249 -46.6073089;-23.5890733 -46.6336419;8572;1681;1904
110;Thu Mar 14 22:53:40 2019;4;1552616020;-23.6398249 -46.6073089;-23.5890733 -46.6336419;8572;1681;1816
111;Thu Mar 14 22:54:40 2019;4;1552616080;-23.6398249 -46.6073089;-23.5890733 -46.6336419;8572;1681;1893
112;Thu Mar 14 22:55:40 2019;4;1552616140;-23.6398249 -46.6073089;-23.5890733 -46.6336419;8572;1681;1875
113;Thu Mar 14 22:56:40 2019;4;1552616200;-23.6398249 -46.6073089;-23.5890733 -46.6336419;8572;1681;1792
114;Thu Mar 14 22:57:41 2019;4;1552616260;-23.6398249 -46.6073089;-23.5890733 -46.6336419;8572;1681;1864
115;Thu Mar 14 22:58:40 2019;4;1552616319;-23.6398249 -46.6073089;-23.5890733 -46.6336419;8572;1681;1876
116;Thu Mar 14 22:59:40 2019;4;1552616380;-23.6398249 -46.6073089;-23.5890733 -46.6336419;8572;1681;1788
117;Thu Mar 14 23:00:40 2019;4;1552616440;-23.6398249 -46.6073089;-23.5890733 -46.6336419;8572;1681;1785
118;Thu Mar 14 23:01:40 2019;4;1552616500;-23.6398249 -46.6073089;-23.5890733 -46.6336419;8572;1681;1871
119;Thu Mar 14 23:02:40 2019;4;1552616560;-23.6398249 -46.6073089;-23.5890733 -46.6336419;8572;1681;1777
120;Thu Mar 14 23:03:40 2019;4;1552616620;-23.6398249 -46.6073089;-23.5890733 -46.6336419;8572;1681;1856
121;Thu Mar 14 23:04:40 2019;4;1552616680;-23.6398249 -46.6073089;-23.5890733 -46.6336419;8572;1681;1854
122;Thu Mar 14 23:05:40 2019;4;1552616740;-23.6398249 -46.6073089;-23.5890733 -46.6336419;8572;1681;1847
123;Thu Mar 14 23:06:40 2019;4;1552616800;-23.6398249 -46.6073089;-23.5890733 -46.6336419;8572;1681;1827
124;Thu Mar 14 23:07:40 2019;4;1552616860;-23.6398249 -46.6073089;-23.5890733 -46.6336419;8572;1681;1808
125;Thu Mar 14 23:08:40 2019;4;1552616920;-23.6398249 -46.6073089;-23.5890733 -46.6336419;8572;1681;1709
126;Thu Mar 14 23:09:40 2019;4;1552616980;-23.6398249 -46.6073089;-23.5890733 -46.6336419;8572;1681;1719
127;Thu Mar 14 23:10:40 2019;4;1552617039;-23.6398249 -46.6073089;-23.5890733 -46.6336419;8572;1681;1796
128;Thu Mar 14 23:11:40 2019;4;1552617100;-23.6398249 -46.6073089;-23.5890733 -46.6336419;8572;1681;1798
129;Thu Mar 14 23:12:40 2019;4;1552617160;-23.6398249 -46.6073089;-23.5890733 -46.6336419;8572;1681;1802
130;Thu Mar 14 23:13:40 2019;4;1552617220;-23.6398249 -46.6073089;-23.5890733 -46.6336419;8572;1681;1795
131;Thu Mar 14 23:14:40 2019;4;1552617280;-23.6398249 -46.6073089;-23.5890733 -46.6336419;8572;1681;1787
132;Thu Mar 14 23:15:40 2019;4;1552617340;-23.6398249 -46.6073089;-23.5890733 -46.6336419;8572;1681;1788
133;Thu Mar 14 23:16:40 2019;4;1552617400;-23.6398249 -46.6073089;-23.5890733 -46.6336419;8572;1681;1778
134;Thu Mar 14 23:17:40 2019;4;1552617460;-23.6398249 -46.6073089;-23.5890733 -46.6336419;8572;1681;1778
135;Thu Mar 14 23:18:40 2019;4;1552617520;-23.6398249 -46.6073089;-23.5890733 -46.6336419;8572;1681;1774
136;Thu Mar 14 23:19:40 2019;4;1552617579;-23.6398249 -46.6073089;-23.5890733 -46.6336419;8572;1681;1757
137;Thu Mar 14 23:20:40 2019;4;1552617640;-23.6398249 -46.6073089;-23.5890733 -46.6336419;8572;1681;1754
138;Thu Mar 14 23:21:40 2019;4;1552617700;-23.6398249 -46.6073089;-23.5890733 -46.6336419;8572;1681;1746
139;Thu Mar 14 23:22:40 2019;4;1552617760;-23.6398249 -46.6073089;-23.5890733 -46.6336419;8572;1681;1745
140;Thu Mar 14 23:23:40 2019;4;1552617820;-23.6398249 -46.6073089;-23.5890733 -46.6336419;8572;1681;1738
141;Thu Mar 14 23:24:40 2019;4;1552617880;-23.6398249 -46.6073089;-23.5890733 -46.6336419;8572;1681;1737
142;Thu Mar 14 23:25:40 2019;4;1552617940;-23.6398249 -46.6073089;-23.5890733 -46.6336419;8572;1681;1735
143;Thu Mar 14 23:26:40 2019;4;1552618000;-23.6398249 -46.6073089;-23.5890733 -46.6336419;8572;1681;1742
144;Thu Mar 14 23:27:40 2019;4;1552618060;-23.6398249 -46.6073089;-23.5890733 -46.6336419;8572;1681;1739
145;Thu Mar 14 23:28:40 2019;4;1552618120;-23.6398249 -46.6073089;-23.5890733 -46.6336419;8572;1681;1635
146;Thu Mar 14 23:29:40 2019;4;1552618180;-23.6398249 -46.6073089;-23.5890733 -46.6336419;8572;1681;1732
147;Thu Mar 14 23:30:40 2019;4;1552618240;-23.6398249 -46.6073089;-23.5890733 -46.6336419;8572;1681;1643
148;Thu Mar 14 23:31:40 2019;4;1552618300;-23.6398249 -46.6073089;-23.5890733 -46.6336419;8572;1681;1730
149;Thu Mar 14 23:32:39 2019;4;1552618359;-23.6398249 -46.6073089;-23.5890733 -46.6336419;8572;1681;1634
150;Thu Mar 14 23:33:40 2019;4;1552618420;-23.6398249 -46.6073089;-23.5890733 -46.6336419;8572;1681;1631
151;Thu Mar 14 23:34:40 2019;4;1552618480;-23.6398249 -46.6073089;-23.5890733 -46.6336419;8572;1681;1720
152;Thu Mar 14 23:35:40 2019;4;1552618540;-23.6398249 -46.6073089;-23.5890733 -46.6336419;8572;1681;1630
153;Thu Mar 14 23:36:40 2019;4;1552618600;-23.6398249 -46.6073089;-23.5890733 -46.6336419;8572;1681;1720
154;Thu Mar 14 23:37:39 2019;4;1552618659;-23.6398249 -46.6073089;-23.5890733 -46.6336419;8572;1681;1736
155;Thu Mar 14 23:38:40 2019;4;1552618720;-23.6398249 -46.6073089;-23.5890733 -46.6336419;8572;1681;1728
156;Thu Mar 14 23:39:40 2019;4;1552618780;-23.6398249 -46.6073089;-23.5890733 -46.6336419;8572;1681;1721
157;Thu Mar 14 23:40:40 2019;4;1552618840;-23.6398249 -46.6073089;-23.5890733 -46.6336419;8572;1681;1707
158;Thu Mar 14 23:41:40 2019;4;1552618900;-23.6398249 -46.6073089;-23.5890733 -46.6336419;8572;1681;1703
159;Thu Mar 14 23:42:40 2019;4;1552618960;-23.6398249 -46.6073089;-23.5890733 -46.6336419;8572;1681;1603
160;Thu Mar 14 23:43:40 2019;4;1552619020;-23.6398249 -46.6073089;-23.5890733 -46.6336419;8572;1681;1689
161;Thu Mar 14 23:44:40 2019;4;1552619080;-23.6398249 -46.6073089;-23.5890733 -46.6336419;8572;1681;1682
162;Thu Mar 14 23:45:40 2019;4;1552619140;-23.6398249 -46.6073089;-23.5890733 -46.6336419;8572;1681;1670
163;Thu Mar 14 23:46:40 2019;4;1552619200;-23.6398249 -46.6073089;-23.5890733 -46.6336419;8572;1681;1667
164;Thu Mar 14 23:47:40 2019;4;1552619260;-23.6398249 -46.6073089;-23.5890733 -46.6336419;8572;1681;1666
165;Thu Mar 14 23:48:40 2019;4;1552619320;-23.6398249 -46.6073089;-23.5890733 -46.6336419;8572;1681;1670
166;Thu Mar 14 23:49:40 2019;4;1552619380;-23.6398249 -46.6073089;-23.5890733 -46.6336419;8572;1681;1663
167;Thu Mar 14 23:50:40 2019;4;1552619440;-23.6398249 -46.6073089;-23.5890733 -46.6336419;8572;1681;1567
168;Thu Mar 14 23:51:40 2019;4;1552619500;-23.6398249 -46.6073089;-23.5890733 -46.6336419;8572;1681;1654
169;Thu Mar 14 23:52:39 2019;4;1552619559;-23.6398249 -46.6073089;-23.5890733 -46.6336419;8572;1681;1650
170;Thu Mar 14 23:53:40 2019;4;1552619620;-23.6398249 -46.6073089;-23.5890733 -46.6336419;8572;1681;1638
171;Thu Mar 14 23:54:40 2019;4;1552619679;-23.6398249 -46.6073089;-23.5890733 -46.6336419;8572;1681;1650
172;Thu Mar 14 23:55:40 2019;4;1552619740;-23.6398249 -46.6073089;-23.5890733 -46.6336419;8572;1681;1647
173;Thu Mar 14 23:56:40 2019;4;1552619800;-23.6398249 -46.6073089;-23.5890733 -46.6336419;8572;1681;1647
174;Thu Mar 14 23:57:40 2019;4;1552619860;-23.6398249 -46.6073089;-23.5890733 -46.6336419;8572;1681;1559
175;Thu Mar 14 23:58:40 2019;4;1552619920;-23.6398249 -46.6073089;-23.5890733 -46.6336419;8572;1681;1646
176;Thu Mar 14 23:59:40 2019;4;1552619979;-23.6398249 -46.6073089;-23.5890733 -46.6336419;8572;1681;1641
