38972;Thu Mar 14 00:00:26 2019;3;1552533326;-23.6398249 -46.6073089;-23.5890733 -46.6336419;8572;1681;1586
39213;Thu Mar 14 04:01:26 2019;3;1552547786;-23.6398249 -46.6073089;-23.5890733 -46.6336419;8572;1681;1227
39214;Thu Mar 14 04:02:26 2019;3;1552547846;-23.6398249 -46.6073089;-23.5890733 -46.6336419;8572;1681;1234
39215;Thu Mar 14 04:03:26 2019;3;1552547906;-23.6398249 -46.6073089;-23.5890733 -46.6336419;8572;1681;1235
39216;Thu Mar 14 04:04:26 2019;3;1552547966;-23.6398249 -46.6073089;-23.5890733 -46.6336419;8572;1681;1238
39217;Thu Mar 14 04:05:26 2019;3;1552548026;-23.6398249 -46.6073089;-23.5890733 -46.6336419;8572;1681;1239
39218;Thu Mar 14 04:06:26 2019;3;1552548086;-23.6398249 -46.6073089;-23.5890733 -46.6336419;8572;1681;1252
39219;Thu Mar 14 04:07:26 2019;3;1552548146;-23.6398249 -46.6073089;-23.5890733 -46.6336419;8572;1681;1210
39220;Thu Mar 14 04:08:26 2019;3;1552548206;-23.6398249 -46.6073089;-23.5890733 -46.6336419;8572;1681;1271
39221;Thu Mar 14 04:09:26 2019;3;1552548266;-23.6398249 -46.6073089;-23.5890733 -46.6336419;8572;1681;1276
1;Thu Mar 14 21:04:46 2019;3;1552609186;-23.6398249 -46.6073089;-23.5890733 -46.6336419;8572;1681;2272
2;Thu Mar 14 21:05:43 2019;3;1552609243;-23.6398249 -46.6073089;-23.5890733 -46.6336419;8572;1681;2321
3;Thu Mar 14 21:06:41 2019;3;1552609301;-23.6398249 -46.6073089;-23.5890733 -46.6336419;8572;1681;2246
4;Thu Mar 14 21:07:42 2019;3;1552609362;-23.6398249 -46.6073089;-23.5890733 -46.6336419;8572;1681;2299
5;Thu Mar 14 21:08:43 2019;3;1552609423;-23.6398249 -46.6073089;-23.5890733 -46.6336419;8572;1681;2292
6;Thu Mar 14 21:09:40 2019;3;1552609480;-23.6398249 -46.6073089;-23.5890733 -46.6336419;8572;1681;2290
7;Thu Mar 14 21:10:40 2019;3;1552609540;-23.6398249 -46.6073089;-23.5890733 -46.6336419;8572;1681;2216
8;Thu Mar 14 21:11:40 2019;3;1552609600;-23.6398249 -46.6073089;-23.5890733 -46.6336419;8572;1681;2196
9;Thu Mar 14 21:12:39 2019;3;1552609659;-23.6398249 -46.6073089;-23.5890733 -46.6336419;8572;1681;2252
10;Thu Mar 14 21:13:40 2019;3;1552609720;-23.6398249 -46.6073089;-23.5890733 -46.6336419;8572;1681;2239
11;Thu Mar 14 21:14:40 2019;3;1552609780;-23.6398249 -46.6073089;-23.5890733 -46.6336419;8572;1681;2168
12;Thu Mar 14 21:15:41 2019;3;1552609840;-23.6398249 -46.6073089;-23.5890733 -46.6336419;8572;1681;2214
13;Thu Mar 14 21:16:40 2019;3;1552609900;-23.6398249 -46.6073089;-23.5890733 -46.6336419;8572;1681;2206
14;Thu Mar 14 21:17:40 2019;3;1552609960;-23.6398249 -46.6073089;-23.5890733 -46.6336419;8572;1681;2191
15;Thu Mar 14 21:18:40 2019;3;1552610020;-23.6398249 -46.6073089;-23.5890733 -46.6336419;8572;1681;2177
16;Thu Mar 14 21:19:40 2019;3;1552610080;-23.6398249 -46.6073089;-23.5890733 -46.6336419;8572;1681;2157
17;Thu Mar 14 21:20:40 2019;3;1552610140;-23.6398249 -46.6073089;-23.5890733 -46.6336419;8572;1681;2147
18;Thu Mar 14 21:21:41 2019;3;1552610201;-23.6398249 -46.6073089;-23.5890733 -46.6336419;8572;1681;2148
19;Thu Mar 14 21:22:40 2019;3;1552610260;-23.6398249 -46.6073089;-23.5890733 -46.6336419;8572;1681;2168
20;Thu Mar 14 21:23:40 2019;3;1552610320;-23.6398249 -46.6073089;-23.5890733 -46.6336419;8572;1681;2190
21;Thu Mar 14 21:24:40 2019;3;1552610380;-23.6398249 -46.6073089;-23.5890733 -46.6336419;8572;1681;2191
22;Thu Mar 14 21:25:40 2019;3;1552610440;-23.6398249 -46.6073089;-23.5890733 -46.6336419;8572;1681;2138
23;Thu Mar 14 21:26:40 2019;3;1552610499;-23.6398249 -46.6073089;-23.5890733 -46.6336419;8572;1681;2143
24;Thu Mar 14 21:27:40 2019;3;1552610560;-23.6398249 -46.6073089;-23.5890733 -46.6336419;8572;1681;2192
25;Thu Mar 14 21:28:40 2019;3;1552610620;-23.6398249 -46.6073089;-23.5890733 -46.6336419;8572;1681;2144
26;Thu Mar 14 21:29:40 2019;3;1552610680;-23.6398249 -46.6073089;-23.5890733 -46.6336419;8572;1681;2185
27;Thu Mar 14 21:30:40 2019;3;1552610740;-23.6398249 -46.6073089;-23.5890733 -46.6336419;8572;1681;2181
28;Thu Mar 14 21:31:40 2019;3;1552610800;-23.6398249 -46.6073089;-23.5890733 -46.6336419;8572;1681;2176
29;Thu Mar 14 21:32:40 2019;3;1552610860;-23.6398249 -46.6073089;-23.5890733 -46.6336419;8572;1681;2163
30;Thu Mar 14 21:33:40 2019;3;1552610920;-23.6398249 -46.6073089;-23.5890733 -46.6336419;8572;1681;2121
31;Thu Mar 14 21:34:40 2019;3;1552610979;-23.6398249 -46.6073089;-23.5890733 -46.6336419;8572;1681;2170
32;Thu Mar 14 21:35:40 2019;3;1552611040;-23.6398249 -46.6073089;-23.5890733 -46.6336419;8572;1681;2161
33;Thu Mar 14 21:36:40 2019;3;1552611100;-23.6398249 -46.6073089;-23.5890733 -46.6336419;8572;1681;2172
34;Thu Mar 14 21:37:40 2019;3;1552611160;-23.6398249 -46.6073089;-23.5890733 -46.6336419;8572;1681;2148
35;Thu Mar 14 21:38:40 2019;3;1552611220;-23.6398249 -46.6073089;-23.5890733 -46.6336419;8572;1681;2142
36;Thu Mar 14 21:39:40 2019;3;1552611280;-23.6398249 -46.6073089;-23.5890733 -46.6336419;8572;1681;2129
37;Thu Mar 14 21:40:40 2019;3;1552611340;-23.6398249 -46.6073089;-23.5890733 -46.6336419;8572;1681;2122
38;Thu Mar 14 21:41:40 2019;3;1552611400;-23.6398249 -46.6073089;-23.5890733 -46.6336419;8572;1681;2115
39;Thu Mar 14 21:42:40 2019;3;1552611460;-23.6398249 -46.6073089;-23.5890733 -46.6336419;8572;1681;2104
40;Thu Mar 14 21:43:39 2019;3;1552611519;-23.6398249 -46.6073089;-23.5890733 -46.6336419;8572;1681;2062
41;Thu Mar 14 21:44:40 2019;3;1552611580;-23.6398249 -46.6073089;-23.5890733 -46.6336419;8572;1681;2059
42;Thu Mar 14 21:45:40 2019;3;1552611640;-23.6398249 -46.6073089;-23.5890733 -46.6336419;8572;1681;2107
43;Thu Mar 14 21:46:40 2019;3;1552611700;-23.6398249 -46.6073089;-23.5890733 -46.6336419;8572;1681;2069
44;Thu Mar 14 21:47:40 2019;3;1552611760;-23.6398249 -46.6073089;-23.5890733 -46.6336419;8572;1681;2113
45;Thu Mar 14 21:48:40 2019;3;1552611820;-23.6398249 -46.6073089;-23.5890733 -46.6336419;8572;1681;2101
46;Thu Mar 14 21:49:40 2019;3;1552611880;-23.6398249 -46.6073089;-23.5890733 -46.6336419;8572;1681;2091
47;Thu Mar 14 21:50:40 2019;3;1552611940;-23.6398249 -46.6073089;-23.5890733 -46.6336419;8572;1681;2084
48;Thu Mar 14 21:51:40 2019;3;1552612000;-23.6398249 -46.6073089;-23.5890733 -46.6336419;8572;1681;2085
49;Thu Mar 14 21:52:40 2019;3;1552612059;-23.6398249 -46.6073089;-23.5890733 -46.6336419;8572;1681;2056
50;Thu Mar 14 21:53:40 2019;3;1552612120;-23.6398249 -46.6073089;-23.5890733 -46.6336419;8572;1681;2093
51;Thu Mar 14 21:54:40 2019;3;1552612180;-23.6398249 -46.6073089;-23.5890733 -46.6336419;8572;1681;2047
52;Thu Mar 14 21:55:40 2019;3;1552612240;-23.6398249 -46.6073089;-23.5890733 -46.6336419;8572;1681;2095
53;Thu Mar 14 21:56:40 2019;3;1552612299;-23.6398249 -46.6073089;-23.5890733 -46.6336419;8572;1681;2093
54;Thu Mar 14 21:57:40 2019;3;1552612360;-23.6398249 -46.6073089;-23.5890733 -46.6336419;8572;1681;2098
55;Thu Mar 14 21:58:39 2019;3;1552612419;-23.6398249 -46.6073089;-23.5890733 -46.6336419;8572;1681;2095
56;Thu Mar 14 21:59:40 2019;3;1552612480;-23.6398249 -46.6073089;-23.5890733 -46.6336419;8572;1681;2093
57;Thu Mar 14 22:00:40 2019;3;1552612540;-23.6398249 -46.6073089;-23.5890733 -46.6336419;8572;1681;2093
58;Thu Mar 14 22:01:40 2019;3;1552612600;-23.6398249 -46.6073089;-23.5890733 -46.6336419;8572;1681;2053
59;Thu Mar 14 22:02:40 2019;3;1552612660;-23.6398249 -46.6073089;-23.5890733 -46.6336419;8572;1681;2059
60;Thu Mar 14 22:03:40 2019;3;1552612720;-23.6398249 -46.6073089;-23.5890733 -46.6336419;8572;1681;2064
61;Thu Mar 14 22:04:40 2019;3;1552612780;-23.6398249 -46.6073089;-23.5890733 -46.6336419;8572;1681;2104
62;Thu Mar 14 22:05:40 2019;3;1552612840;-23.6398249 -46.6073089;-23.5890733 -46.6336419;8572;1681;2102
63;Thu Mar 14 22:06:40 2019;3;1552612900;-23.6398249 -46.6073089;-23.5890733 -46.6336419;8572;1681;2092
64;Thu Mar 14 22:07:40 2019;3;1552612960;-23.6398249 -46.6073089;-23.5890733 -46.6336419;8572;1681;2084
65;Thu Mar 14 22:08:40 2019;3;1552613020;-23.6398249 -46.6073089;-23.5890733 -46.6336419;8572;1681;2083
66;Thu Mar 14 22:09:40 2019;3;1552613080;-23.6398249 -46.6073089;-23.5890733 -46.6336419;8572;1681;2096
67;Thu Mar 14 22:10:40 2019;3;1552613140;-23.6398249 -46.6073089;-23.5890733 -46.6336419;8572;1681;2052
68;Thu Mar 14 22:11:40 2019;3;1552613200;-23.6398249 -46.6073089;-23.5890733 -46.6336419;8572;1681;2105
69;Thu Mar 14 22:12:39 2019;3;1552613259;-23.6398249 -46.6073089;-23.5890733 -46.6336419;8572;1681;2104
70;Thu Mar 14 22:13:40 2019;3;1552613320;-23.6398249 -46.6073089;-23.5890733 -46.6336419;8572;1681;2056
71;Thu Mar 14 22:14:40 2019;3;1552613379;-23.6398249 -46.6073089;-23.5890733 -46.6336419;8572;1681;2063
72;Thu Mar 14 22:15:40 2019;3;1552613440;-23.6398249 -46.6073089;-23.5890733 -46.6336419;8572;1681;2109
73;Thu Mar 14 22:16:40 2019;3;1552613500;-23.6398249 -46.6073089;-23.5890733 -46.6336419;8572;1681;2100
74;Thu Mar 14 22:17:40 2019;3;1552613560;-23.6398249 -46.6073089;-23.5890733 -46.6336419;8572;1681;2099
75;Thu Mar 14 22:18:40 2019;3;1552613620;-23.6398249 -46.6073089;-23.5890733 -46.6336419;8572;1681;2040
76;Thu Mar 14 22:19:40 2019;3;1552613680;-23.6398249 -46.6073089;-23.5890733 -46.6336419;8572;1681;2093
77;Thu Mar 14 22:20:40 2019;3;1552613740;-23.6398249 -46.6073089;-23.5890733 -46.6336419;8572;1681;2095
78;Thu Mar 14 22:21:39 2019;3;1552613799;-23.6398249 -46.6073089;-23.5890733 -46.6336419;8572;1681;2091
79;Thu Mar 14 22:22:40 2019;3;1552613860;-23.6398249 -46.6073089;-23.5890733 -46.6336419;8572;1681;2080
80;Thu Mar 14 22:23:40 2019;3;1552613920;-23.6398249 -46.6073089;-23.5890733 -46.6336419;8572;1681;2014
81;Thu Mar 14 22:24:40 2019;3;1552613980;-23.6398249 -46.6073089;-23.5890733 -46.6336419;8572;1681;2069
82;Thu Mar 14 22:25:40 2019;3;1552614040;-23.6398249 -46.6073089;-23.5890733 -46.6336419;8572;1681;2069
83;Thu Mar 14 22:26:40 2019;3;1552614100;-23.6398249 -46.6073089;-23.5890733 -46.6336419;8572;1681;2054
84;Thu Mar 14 22:27:40 2019;3;1552614160;-23.6398249 -46.6073089;-23.5890733 -46.6336419;8572;1681;1974
85;Thu Mar 14 22:28:40 2019;3;1552614220;-23.6398249 -46.6073089;-23.5890733 -46.6336419;8572;1681;2027
86;Thu Mar 14 22:29:40 2019;3;1552614279;-23.6398249 -46.6073089;-23.5890733 -46.6336419;8572;1681;2022
87;Thu Mar 14 22:30:40 2019;3;1552614340;-23.6398249 -46.6073089;-23.5890733 -46.6336419;8572;1681;1944
88;Thu Mar 14 22:31:40 2019;3;1552614400;-23.6398249 -46.6073089;-23.5890733 -46.6336419;8572;1681;1993
89;Thu Mar 14 22:32:40 2019;3;1552614460;-23.6398249 -46.6073089;-23.5890733 -46.6336419;8572;1681;1914
90;Thu Mar 14 22:33:40 2019;3;1552614519;-23.6398249 -46.6073089;-23.5890733 -46.6336419;8572;1681;1974
91;Thu Mar 14 22:34:40 2019;3;1552614580;-23.6398249 -46.6073089;-23.5890733 -46.6336419;8572;1681;1973
92;Thu Mar 14 22:35:40 2019;3;1552614640;-23.6398249 -46.6073089;-23.5890733 -46.6336419;8572;1681;1961
93;Thu Mar 14 22:36:40 2019;3;1552614700;-23.6398249 -46.6073089;-23.5890733 -46.6336419;8572;1681;1889
94;Thu Mar 14 22:37:40 2019;3;1552614760;-23.6398249 -46.6073089;-23.5890733 -46.6336419;8572;1681;1949
95;Thu Mar 14 22:38:40 2019;3;1552614820;-23.6398249 -46.6073089;-23.5890733 -46.6336419;8572;1681;1896
96;Thu Mar 14 22:39:40 2019;3;1552614880;-23.6398249 -46.6073089;-23.5890733 -46.6336419;8572;1681;1958
97;Thu Mar 14 22:40:40 2019;3;1552614940;-23.6398249 -46.6073089;-23.5890733 -46.6336419;8572;1681;1951
98;Thu Mar 14 22:41:40 2019;3;1552615000;-23.6398249 -46.6073089;-23.5890733 -46.6336419;8572;1681;1938
99;Thu Mar 14 22:42:40 2019;3;1552615060;-23.6398249 -46.6073089;-23.5890733 -46.6336419;8572;1681;1932
100;Thu Mar 14 22:43:40 2019;3;1552615120;-23.6398249 -46.6073089;-23.5890733 -46.6336419;8572;1681;1862
101;Thu Mar 14 22:44:40 2019;3;1552615180;-23.6398249 -46.6073089;-23.5890733 -46.6336419;8572;1681;1948
102;Thu Mar 14 22:45:40 2019;3;1552615240;-23.6398249 -46.6073089;-23.5890733 -46.6336419;8572;1681;1878
103;Thu Mar 14 22:46:41 2019;3;1552615300;-23.6398249 -46.6073089;-23.5890733 -46.6336419;8572;1681;1954
104;Thu Mar 14 22:47:40 2019;3;1552615360;-23.6398249 -46.6073089;-23.5890733 -46.6336419;8572;1681;1952
105;Thu Mar 14 22:48:40 2019;3;1552615420;-23.6398249 -46.6073089;-23.5890733 -46.6336419;8572;1681;1947
106;Thu Mar 14 22:49:40 2019;3;1552615480;-23.6398249 -46.6073089;-23.5890733 -46.6336419;8572;1681;1937
107;Thu Mar 14 22:50:40 2019;3;1552615540;-23.6398249 -46.6073089;-23.5890733 -46.6336419;8572;1681;1845
108;Thu Mar 14 22:51:40 2019;3;1552615600;-23.6398249 -46.6073089;-23.5890733 -46.6336419;8572;1681;1917
109;Thu Mar 14 22:52:40 2019;3;1552615660;-23.6398249 -46.6073089;-23.5890733 -46.6336419;8572;1681;1908
110;Thu Mar 14 22:53:40 2019;3;1552615720;-23.6398249 -46.6073089;-23.5890733 -46.6336419;8572;1681;1903
111;Thu Mar 14 22:54:40 2019;3;1552615780;-23.6398249 -46.6073089;-23.5890733 -46.6336419;8572;1681;1889
112;Thu Mar 14 22:55:40 2019;3;1552615840;-23.6398249 -46.6073089;-23.5890733 -46.6336419;8572;1681;1889
113;Thu Mar 14 22:56:40 2019;3;1552615900;-23.6398249 -46.6073089;-23.5890733 -46.6336419;8572;1681;1815
114;Thu Mar 14 22:57:40 2019;3;1552615960;-23.6398249 -46.6073089;-23.5890733 -46.6336419;8572;1681;1904
115;Thu Mar 14 22:58:39 2019;3;1552616019;-23.6398249 -46.6073089;-23.5890733 -46.6336419;8572;1681;1816
116;Thu Mar 14 22:59:40 2019;3;1552616080;-23.6398249 -46.6073089;-23.5890733 -46.6336419;8572;1681;1893
117;Thu Mar 14 23:00:40 2019;3;1552616140;-23.6398249 -46.6073089;-23.5890733 -46.6336419;8572;1681;1875
118;Thu Mar 14 23:01:40 2019;3;1552616199;-23.6398249 -46.6073089;-23.5890733 -46.6336419;8572;1681;1876
119;Thu Mar 14 23:02:40 2019;3;1552616259;-23.6398249 -46.6073089;-23.5890733 -46.6336419;8572;1681;1783
120;Thu Mar 14 23:03:40 2019;3;1552616320;-23.6398249 -46.6073089;-23.5890733 -46.6336419;8572;1681;1876
121;Thu Mar 14 23:04:40 2019;3;1552616380;-23.6398249 -46.6073089;-23.5890733 -46.6336419;8572;1681;1873
122;Thu Mar 14 23:05:40 2019;3;1552616440;-23.6398249 -46.6073089;-23.5890733 -46.6336419;8572;1681;1870
123;Thu Mar 14 23:06:40 2019;3;1552616499;-23.6398249 -46.6073089;-23.5890733 -46.6336419;8572;1681;1872
124;Thu Mar 14 23:07:40 2019;3;1552616560;-23.6398249 -46.6073089;-23.5890733 -46.6336419;8572;1681;1777
125;Thu Mar 14 23:08:40 2019;3;1552616620;-23.6398249 -46.6073089;-23.5890733 -46.6336419;8572;1681;1856
126;Thu Mar 14 23:09:40 2019;3;1552616680;-23.6398249 -46.6073089;-23.5890733 -46.6336419;8572;1681;1854
127;Thu Mar 14 23:10:39 2019;3;1552616739;-23.6398249 -46.6073089;-23.5890733 -46.6336419;8572;1681;1767
128;Thu Mar 14 23:11:40 2019;3;1552616800;-23.6398249 -46.6073089;-23.5890733 -46.6336419;8572;1681;1827
129;Thu Mar 14 23:12:40 2019;3;1552616860;-23.6398249 -46.6073089;-23.5890733 -46.6336419;8572;1681;1723
130;Thu Mar 14 23:13:40 2019;3;1552616919;-23.6398249 -46.6073089;-23.5890733 -46.6336419;8572;1681;1795
131;Thu Mar 14 23:14:40 2019;3;1552616979;-23.6398249 -46.6073089;-23.5890733 -46.6336419;8572;1681;1806
132;Thu Mar 14 23:15:40 2019;3;1552617040;-23.6398249 -46.6073089;-23.5890733 -46.6336419;8572;1681;1708
133;Thu Mar 14 23:16:40 2019;3;1552617100;-23.6398249 -46.6073089;-23.5890733 -46.6336419;8572;1681;1798
134;Thu Mar 14 23:17:40 2019;3;1552617160;-23.6398249 -46.6073089;-23.5890733 -46.6336419;8572;1681;1712
135;Thu Mar 14 23:18:40 2019;3;1552617220;-23.6398249 -46.6073089;-23.5890733 -46.6336419;8572;1681;1705
136;Thu Mar 14 23:19:39 2019;3;1552617279;-23.6398249 -46.6073089;-23.5890733 -46.6336419;8572;1681;1787
137;Thu Mar 14 23:20:40 2019;3;1552617339;-23.6398249 -46.6073089;-23.5890733 -46.6336419;8572;1681;1782
138;Thu Mar 14 23:21:40 2019;3;1552617400;-23.6398249 -46.6073089;-23.5890733 -46.6336419;8572;1681;1686
139;Thu Mar 14 23:22:40 2019;3;1552617460;-23.6398249 -46.6073089;-23.5890733 -46.6336419;8572;1681;1685
140;Thu Mar 14 23:23:40 2019;3;1552617520;-23.6398249 -46.6073089;-23.5890733 -46.6336419;8572;1681;1774
141;Thu Mar 14 23:24:40 2019;3;1552617579;-23.6398249 -46.6073089;-23.5890733 -46.6336419;8572;1681;1757
142;Thu Mar 14 23:25:40 2019;3;1552617639;-23.6398249 -46.6073089;-23.5890733 -46.6336419;8572;1681;1754
143;Thu Mar 14 23:26:40 2019;3;1552617700;-23.6398249 -46.6073089;-23.5890733 -46.6336419;8572;1681;1653
144;Thu Mar 14 23:27:40 2019;3;1552617760;-23.6398249 -46.6073089;-23.5890733 -46.6336419;8572;1681;1745
145;Thu Mar 14 23:28:40 2019;3;1552617820;-23.6398249 -46.6073089;-23.5890733 -46.6336419;8572;1681;1645
146;Thu Mar 14 23:29:40 2019;3;1552617879;-23.6398249 -46.6073089;-23.5890733 -46.6336419;8572;1681;1737
147;Thu Mar 14 23:30:40 2019;3;1552617940;-23.6398249 -46.6073089;-23.5890733 -46.6336419;8572;1681;1642
148;Thu Mar 14 23:31:40 2019;3;1552618000;-23.6398249 -46.6073089;-23.5890733 -46.6336419;8572;1681;1742
149;Thu Mar 14 23:32:39 2019;3;1552618059;-23.6398249 -46.6073089;-23.5890733 -46.6336419;8572;1681;1739
150;Thu Mar 14 23:33:40 2019;3;1552618120;-23.6398249 -46.6073089;-23.5890733 -46.6336419;8572;1681;1727
151;Thu Mar 14 23:34:40 2019;3;1552618180;-23.6398249 -46.6073089;-23.5890733 -46.6336419;8572;1681;1732
152;Thu Mar 14 23:35:40 2019;3;1552618239;-23.6398249 -46.6073089;-23.5890733 -46.6336419;8572;1681;1735
153;Thu Mar 14 23:36:40 2019;3;1552618300;-23.6398249 -46.6073089;-23.5890733 -46.6336419;8572;1681;1730
154;Thu Mar 14 23:37:39 2019;3;1552618359;-23.6398249 -46.6073089;-23.5890733 -46.6336419;8572;1681;1726
155;Thu Mar 14 23:38:40 2019;3;1552618420;-23.6398249 -46.6073089;-23.5890733 -46.6336419;8572;1681;1631
156;Thu Mar 14 23:39:40 2019;3;1552618480;-23.6398249 -46.6073089;-23.5890733 -46.6336419;8572;1681;1720
157;Thu Mar 14 23:40:40 2019;3;1552618539;-23.6398249 -46.6073089;-23.5890733 -46.6336419;8572;1681;1720
158;Thu Mar 14 23:41:40 2019;3;1552618600;-23.6398249 -46.6073089;-23.5890733 -46.6336419;8572;1681;1720
159;Thu Mar 14 23:42:40 2019;3;1552618660;-23.6398249 -46.6073089;-23.5890733 -46.6336419;8572;1681;1736
160;Thu Mar 14 23:43:40 2019;3;1552618720;-23.6398249 -46.6073089;-23.5890733 -46.6336419;8572;1681;1728
161;Thu Mar 14 23:44:40 2019;3;1552618780;-23.6398249 -46.6073089;-23.5890733 -46.6336419;8572;1681;1721
162;Thu Mar 14 23:45:40 2019;3;1552618840;-23.6398249 -46.6073089;-23.5890733 -46.6336419;8572;1681;1616
163;Thu Mar 14 23:46:40 2019;3;1552618900;-23.6398249 -46.6073089;-23.5890733 -46.6336419;8572;1681;1703
164;Thu Mar 14 23:47:40 2019;3;1552618960;-23.6398249 -46.6073089;-23.5890733 -46.6336419;8572;1681;1693
165;Thu Mar 14 23:48:40 2019;3;1552619020;-23.6398249 -46.6073089;-23.5890733 -46.6336419;8572;1681;1689
166;Thu Mar 14 23:49:40 2019;3;1552619080;-23.6398249 -46.6073089;-23.5890733 -46.6336419;8572;1681;1682
167;Thu Mar 14 23:50:40 2019;3;1552619140;-23.6398249 -46.6073089;-23.5890733 -46.6336419;8572;1681;1670
168;Thu Mar 14 23:51:40 2019;3;1552619200;-23.6398249 -46.6073089;-23.5890733 -46.6336419;8572;1681;1667
169;Thu Mar 14 23:52:39 2019;3;1552619259;-23.6398249 -46.6073089;-23.5890733 -46.6336419;8572;1681;1666
170;Thu Mar 14 23:53:40 2019;3;1552619320;-23.6398249 -46.6073089;-23.5890733 -46.6336419;8572;1681;1670
171;Thu Mar 14 23:54:39 2019;3;1552619379;-23.6398249 -46.6073089;-23.5890733 -46.6336419;8572;1681;1665
172;Thu Mar 14 23:55:40 2019;3;1552619440;-23.6398249 -46.6073089;-23.5890733 -46.6336419;8572;1681;1655
173;Thu Mar 14 23:56:40 2019;3;1552619500;-23.6398249 -46.6073089;-23.5890733 -46.6336419;8572;1681;1654
174;Thu Mar 14 23:57:40 2019;3;1552619560;-23.6398249 -46.6073089;-23.5890733 -46.6336419;8572;1681;1650
175;Thu Mar 14 23:58:40 2019;3;1552619620;-23.6398249 -46.6073089;-23.5890733 -46.6336419;8572;1681;1552
176;Thu Mar 14 23:59:39 2019;3;1552619679;-23.6398249 -46.6073089;-23.5890733 -46.6336419;8572;1681;1650
