38972;Thu Mar 14 00:00:26 2019;1;1552532726;-23.6398249 -46.6073089;-23.5890733 -46.6336419;8572;1681;1627
39213;Thu Mar 14 04:01:26 2019;1;1552547186;-23.6398249 -46.6073089;-23.5890733 -46.6336419;8572;1681;1221
39214;Thu Mar 14 04:02:26 2019;1;1552547246;-23.6398249 -46.6073089;-23.5890733 -46.6336419;8572;1681;1229
39215;Thu Mar 14 04:03:26 2019;1;1552547306;-23.6398249 -46.6073089;-23.5890733 -46.6336419;8572;1681;1165
39216;Thu Mar 14 04:04:26 2019;1;1552547366;-23.6398249 -46.6073089;-23.5890733 -46.6336419;8572;1681;1238
39217;Thu Mar 14 04:05:26 2019;1;1552547426;-23.6398249 -46.6073089;-23.5890733 -46.6336419;8572;1681;1240
39218;Thu Mar 14 04:06:26 2019;1;1552547486;-23.6398249 -46.6073089;-23.5890733 -46.6336419;8572;1681;1236
39219;Thu Mar 14 04:07:26 2019;1;1552547546;-23.6398249 -46.6073089;-23.5890733 -46.6336419;8572;1681;1231
39220;Thu Mar 14 04:08:26 2019;1;1552547606;-23.6398249 -46.6073089;-23.5890733 -46.6336419;8572;1681;1229
39221;Thu Mar 14 04:09:26 2019;1;1552547666;-23.6398249 -46.6073089;-23.5890733 -46.6336419;8572;1681;1228
1;Thu Mar 14 21:04:46 2019;1;1552608585;-23.6398249 -46.6073089;-23.5890733 -46.6336419;8572;1681;2330
2;Thu Mar 14 21:05:43 2019;1;1552608643;-23.6398249 -46.6073089;-23.5890733 -46.6336419;8572;1681;2387
3;Thu Mar 14 21:06:41 2019;1;1552608701;-23.6398249 -46.6073089;-23.5890733 -46.6336419;8572;1681;2375
4;Thu Mar 14 21:07:41 2019;1;1552608761;-23.6398249 -46.6073089;-23.5890733 -46.6336419;8572;1681;2363
5;Thu Mar 14 21:08:43 2019;1;1552608823;-23.6398249 -46.6073089;-23.5890733 -46.6336419;8572;1681;2362
6;Thu Mar 14 21:09:40 2019;1;1552608880;-23.6398249 -46.6073089;-23.5890733 -46.6336419;8572;1681;2354
7;Thu Mar 14 21:10:40 2019;1;1552608939;-23.6398249 -46.6073089;-23.5890733 -46.6336419;8572;1681;2360
8;Thu Mar 14 21:11:40 2019;1;1552609000;-23.6398249 -46.6073089;-23.5890733 -46.6336419;8572;1681;2360
9;Thu Mar 14 21:12:39 2019;1;1552609059;-23.6398249 -46.6073089;-23.5890733 -46.6336419;8572;1681;2295
10;Thu Mar 14 21:13:40 2019;1;1552609120;-23.6398249 -46.6073089;-23.5890733 -46.6336419;8572;1681;2351
11;Thu Mar 14 21:14:39 2019;1;1552609179;-23.6398249 -46.6073089;-23.5890733 -46.6336419;8572;1681;2336
12;Thu Mar 14 21:15:40 2019;1;1552609240;-23.6398249 -46.6073089;-23.5890733 -46.6336419;8572;1681;2321
13;Thu Mar 14 21:16:40 2019;1;1552609300;-23.6398249 -46.6073089;-23.5890733 -46.6336419;8572;1681;2316
14;Thu Mar 14 21:17:40 2019;1;1552609360;-23.6398249 -46.6073089;-23.5890733 -46.6336419;8572;1681;2299
15;Thu Mar 14 21:18:40 2019;1;1552609420;-23.6398249 -46.6073089;-23.5890733 -46.6336419;8572;1681;2292
16;Thu Mar 14 21:19:40 2019;1;1552609480;-23.6398249 -46.6073089;-23.5890733 -46.6336419;8572;1681;2290
17;Thu Mar 14 21:20:40 2019;1;1552609540;-23.6398249 -46.6073089;-23.5890733 -46.6336419;8572;1681;2273
18;Thu Mar 14 21:21:41 2019;1;1552609601;-23.6398249 -46.6073089;-23.5890733 -46.6336419;8572;1681;2252
19;Thu Mar 14 21:22:40 2019;1;1552609660;-23.6398249 -46.6073089;-23.5890733 -46.6336419;8572;1681;2252
20;Thu Mar 14 21:23:40 2019;1;1552609720;-23.6398249 -46.6073089;-23.5890733 -46.6336419;8572;1681;2239
21;Thu Mar 14 21:24:40 2019;1;1552609780;-23.6398249 -46.6073089;-23.5890733 -46.6336419;8572;1681;2223
22;Thu Mar 14 21:25:40 2019;1;1552609839;-23.6398249 -46.6073089;-23.5890733 -46.6336419;8572;1681;2214
23;Thu Mar 14 21:26:39 2019;1;1552609899;-23.6398249 -46.6073089;-23.5890733 -46.6336419;8572;1681;2153
24;Thu Mar 14 21:27:40 2019;1;1552609960;-23.6398249 -46.6073089;-23.5890733 -46.6336419;8572;1681;2191
25;Thu Mar 14 21:28:40 2019;1;1552610020;-23.6398249 -46.6073089;-23.5890733 -46.6336419;8572;1681;2125
26;Thu Mar 14 21:29:39 2019;1;1552610079;-23.6398249 -46.6073089;-23.5890733 -46.6336419;8572;1681;2157
27;Thu Mar 14 21:30:39 2019;1;1552610139;-23.6398249 -46.6073089;-23.5890733 -46.6336419;8572;1681;2147
28;Thu Mar 14 21:31:40 2019;1;1552610200;-23.6398249 -46.6073089;-23.5890733 -46.6336419;8572;1681;2148
29;Thu Mar 14 21:32:40 2019;1;1552610259;-23.6398249 -46.6073089;-23.5890733 -46.6336419;8572;1681;2168
30;Thu Mar 14 21:33:40 2019;1;1552610320;-23.6398249 -46.6073089;-23.5890733 -46.6336419;8572;1681;2190
31;Thu Mar 14 21:34:39 2019;1;1552610379;-23.6398249 -46.6073089;-23.5890733 -46.6336419;8572;1681;2139
32;Thu Mar 14 21:35:40 2019;1;1552610440;-23.6398249 -46.6073089;-23.5890733 -46.6336419;8572;1681;2189
33;Thu Mar 14 21:36:40 2019;1;1552610500;-23.6398249 -46.6073089;-23.5890733 -46.6336419;8572;1681;2194
34;Thu Mar 14 21:37:40 2019;1;1552610560;-23.6398249 -46.6073089;-23.5890733 -46.6336419;8572;1681;2192
35;Thu Mar 14 21:38:40 2019;1;1552610620;-23.6398249 -46.6073089;-23.5890733 -46.6336419;8572;1681;2194
36;Thu Mar 14 21:39:40 2019;1;1552610680;-23.6398249 -46.6073089;-23.5890733 -46.6336419;8572;1681;2135
37;Thu Mar 14 21:40:39 2019;1;1552610739;-23.6398249 -46.6073089;-23.5890733 -46.6336419;8572;1681;2181
38;Thu Mar 14 21:41:39 2019;1;1552610799;-23.6398249 -46.6073089;-23.5890733 -46.6336419;8572;1681;2176
39;Thu Mar 14 21:42:40 2019;1;1552610859;-23.6398249 -46.6073089;-23.5890733 -46.6336419;8572;1681;2163
40;Thu Mar 14 21:43:39 2019;1;1552610919;-23.6398249 -46.6073089;-23.5890733 -46.6336419;8572;1681;2170
41;Thu Mar 14 21:44:40 2019;1;1552610980;-23.6398249 -46.6073089;-23.5890733 -46.6336419;8572;1681;2121
42;Thu Mar 14 21:45:40 2019;1;1552611040;-23.6398249 -46.6073089;-23.5890733 -46.6336419;8572;1681;2161
43;Thu Mar 14 21:46:39 2019;1;1552611099;-23.6398249 -46.6073089;-23.5890733 -46.6336419;8572;1681;2172
44;Thu Mar 14 21:47:40 2019;1;1552611160;-23.6398249 -46.6073089;-23.5890733 -46.6336419;8572;1681;2101
45;Thu Mar 14 21:48:40 2019;1;1552611220;-23.6398249 -46.6073089;-23.5890733 -46.6336419;8572;1681;2142
46;Thu Mar 14 21:49:40 2019;1;1552611280;-23.6398249 -46.6073089;-23.5890733 -46.6336419;8572;1681;2083
47;Thu Mar 14 21:50:40 2019;1;1552611340;-23.6398249 -46.6073089;-23.5890733 -46.6336419;8572;1681;2122
48;Thu Mar 14 21:51:40 2019;1;1552611399;-23.6398249 -46.6073089;-23.5890733 -46.6336419;8572;1681;2115
49;Thu Mar 14 21:52:39 2019;1;1552611459;-23.6398249 -46.6073089;-23.5890733 -46.6336419;8572;1681;2104
50;Thu Mar 14 21:53:39 2019;1;1552611519;-23.6398249 -46.6073089;-23.5890733 -46.6336419;8572;1681;2062
51;Thu Mar 14 21:54:40 2019;1;1552611580;-23.6398249 -46.6073089;-23.5890733 -46.6336419;8572;1681;2103
52;Thu Mar 14 21:55:40 2019;1;1552611640;-23.6398249 -46.6073089;-23.5890733 -46.6336419;8572;1681;2107
53;Thu Mar 14 21:56:39 2019;1;1552611699;-23.6398249 -46.6073089;-23.5890733 -46.6336419;8572;1681;2069
54;Thu Mar 14 21:57:39 2019;1;1552611759;-23.6398249 -46.6073089;-23.5890733 -46.6336419;8572;1681;2113
55;Thu Mar 14 21:58:39 2019;1;1552611819;-23.6398249 -46.6073089;-23.5890733 -46.6336419;8572;1681;2057
56;Thu Mar 14 21:59:40 2019;1;1552611880;-23.6398249 -46.6073089;-23.5890733 -46.6336419;8572;1681;2091
57;Thu Mar 14 22:00:39 2019;1;1552611939;-23.6398249 -46.6073089;-23.5890733 -46.6336419;8572;1681;2084
58;Thu Mar 14 22:01:40 2019;1;1552611999;-23.6398249 -46.6073089;-23.5890733 -46.6336419;8572;1681;2085
59;Thu Mar 14 22:02:40 2019;1;1552612060;-23.6398249 -46.6073089;-23.5890733 -46.6336419;8572;1681;2100
60;Thu Mar 14 22:03:40 2019;1;1552612119;-23.6398249 -46.6073089;-23.5890733 -46.6336419;8572;1681;2095
61;Thu Mar 14 22:04:39 2019;1;1552612179;-23.6398249 -46.6073089;-23.5890733 -46.6336419;8572;1681;2091
62;Thu Mar 14 22:05:40 2019;1;1552612240;-23.6398249 -46.6073089;-23.5890733 -46.6336419;8572;1681;2095
63;Thu Mar 14 22:06:40 2019;1;1552612300;-23.6398249 -46.6073089;-23.5890733 -46.6336419;8572;1681;2093
64;Thu Mar 14 22:07:39 2019;1;1552612359;-23.6398249 -46.6073089;-23.5890733 -46.6336419;8572;1681;2055
65;Thu Mar 14 22:08:40 2019;1;1552612420;-23.6398249 -46.6073089;-23.5890733 -46.6336419;8572;1681;2096
66;Thu Mar 14 22:09:40 2019;1;1552612480;-23.6398249 -46.6073089;-23.5890733 -46.6336419;8572;1681;2051
67;Thu Mar 14 22:10:40 2019;1;1552612540;-23.6398249 -46.6073089;-23.5890733 -46.6336419;8572;1681;2093
68;Thu Mar 14 22:11:40 2019;1;1552612599;-23.6398249 -46.6073089;-23.5890733 -46.6336419;8572;1681;2095
69;Thu Mar 14 22:12:39 2019;1;1552612659;-23.6398249 -46.6073089;-23.5890733 -46.6336419;8572;1681;2101
70;Thu Mar 14 22:13:40 2019;1;1552612720;-23.6398249 -46.6073089;-23.5890733 -46.6336419;8572;1681;2106
71;Thu Mar 14 22:14:39 2019;1;1552612779;-23.6398249 -46.6073089;-23.5890733 -46.6336419;8572;1681;2104
72;Thu Mar 14 22:15:40 2019;1;1552612840;-23.6398249 -46.6073089;-23.5890733 -46.6336419;8572;1681;2102
73;Thu Mar 14 22:16:40 2019;1;1552612899;-23.6398249 -46.6073089;-23.5890733 -46.6336419;8572;1681;2092
74;Thu Mar 14 22:17:40 2019;1;1552612960;-23.6398249 -46.6073089;-23.5890733 -46.6336419;8572;1681;2043
75;Thu Mar 14 22:18:39 2019;1;1552613019;-23.6398249 -46.6073089;-23.5890733 -46.6336419;8572;1681;2083
76;Thu Mar 14 22:19:40 2019;1;1552613080;-23.6398249 -46.6073089;-23.5890733 -46.6336419;8572;1681;2096
77;Thu Mar 14 22:20:40 2019;1;1552613139;-23.6398249 -46.6073089;-23.5890733 -46.6336419;8572;1681;2095
78;Thu Mar 14 22:21:39 2019;1;1552613199;-23.6398249 -46.6073089;-23.5890733 -46.6336419;8572;1681;2105
79;Thu Mar 14 22:22:39 2019;1;1552613259;-23.6398249 -46.6073089;-23.5890733 -46.6336419;8572;1681;2059
80;Thu Mar 14 22:23:40 2019;1;1552613320;-23.6398249 -46.6073089;-23.5890733 -46.6336419;8572;1681;2102
81;Thu Mar 14 22:24:39 2019;1;1552613379;-23.6398249 -46.6073089;-23.5890733 -46.6336419;8572;1681;2110
82;Thu Mar 14 22:25:40 2019;1;1552613439;-23.6398249 -46.6073089;-23.5890733 -46.6336419;8572;1681;2109
83;Thu Mar 14 22:26:40 2019;1;1552613500;-23.6398249 -46.6073089;-23.5890733 -46.6336419;8572;1681;2051
84;Thu Mar 14 22:27:40 2019;1;1552613560;-23.6398249 -46.6073089;-23.5890733 -46.6336419;8572;1681;2099
85;Thu Mar 14 22:28:39 2019;1;1552613619;-23.6398249 -46.6073089;-23.5890733 -46.6336419;8572;1681;2092
86;Thu Mar 14 22:29:39 2019;1;1552613679;-23.6398249 -46.6073089;-23.5890733 -46.6336419;8572;1681;2093
87;Thu Mar 14 22:30:40 2019;1;1552613739;-23.6398249 -46.6073089;-23.5890733 -46.6336419;8572;1681;2095
88;Thu Mar 14 22:31:40 2019;1;1552613799;-23.6398249 -46.6073089;-23.5890733 -46.6336419;8572;1681;2091
89;Thu Mar 14 22:32:40 2019;1;1552613860;-23.6398249 -46.6073089;-23.5890733 -46.6336419;8572;1681;2080
90;Thu Mar 14 22:33:39 2019;1;1552613919;-23.6398249 -46.6073089;-23.5890733 -46.6336419;8572;1681;2071
91;Thu Mar 14 22:34:40 2019;1;1552613980;-23.6398249 -46.6073089;-23.5890733 -46.6336419;8572;1681;2069
92;Thu Mar 14 22:35:39 2019;1;1552614039;-23.6398249 -46.6073089;-23.5890733 -46.6336419;8572;1681;2009
93;Thu Mar 14 22:36:40 2019;1;1552614100;-23.6398249 -46.6073089;-23.5890733 -46.6336419;8572;1681;2054
94;Thu Mar 14 22:37:40 2019;1;1552614160;-23.6398249 -46.6073089;-23.5890733 -46.6336419;8572;1681;2033
95;Thu Mar 14 22:38:40 2019;1;1552614220;-23.6398249 -46.6073089;-23.5890733 -46.6336419;8572;1681;2027
96;Thu Mar 14 22:39:39 2019;1;1552614279;-23.6398249 -46.6073089;-23.5890733 -46.6336419;8572;1681;2022
97;Thu Mar 14 22:40:40 2019;1;1552614340;-23.6398249 -46.6073089;-23.5890733 -46.6336419;8572;1681;2005
98;Thu Mar 14 22:41:40 2019;1;1552614400;-23.6398249 -46.6073089;-23.5890733 -46.6336419;8572;1681;1993
99;Thu Mar 14 22:42:40 2019;1;1552614460;-23.6398249 -46.6073089;-23.5890733 -46.6336419;8572;1681;1977
100;Thu Mar 14 22:43:40 2019;1;1552614520;-23.6398249 -46.6073089;-23.5890733 -46.6336419;8572;1681;1974
101;Thu Mar 14 22:44:39 2019;1;1552614579;-23.6398249 -46.6073089;-23.5890733 -46.6336419;8572;1681;1973
102;Thu Mar 14 22:45:40 2019;1;1552614639;-23.6398249 -46.6073089;-23.5890733 -46.6336419;8572;1681;1895
103;Thu Mar 14 22:46:40 2019;1;1552614700;-23.6398249 -46.6073089;-23.5890733 -46.6336419;8572;1681;1889
104;Thu Mar 14 22:47:40 2019;1;1552614760;-23.6398249 -46.6073089;-23.5890733 -46.6336419;8572;1681;1949
105;Thu Mar 14 22:48:39 2019;1;1552614819;-23.6398249 -46.6073089;-23.5890733 -46.6336419;8572;1681;1965
106;Thu Mar 14 22:49:40 2019;1;1552614880;-23.6398249 -46.6073089;-23.5890733 -46.6336419;8572;1681;1958
107;Thu Mar 14 22:50:40 2019;1;1552614940;-23.6398249 -46.6073089;-23.5890733 -46.6336419;8572;1681;1951
108;Thu Mar 14 22:51:40 2019;1;1552615000;-23.6398249 -46.6073089;-23.5890733 -46.6336419;8572;1681;1938
109;Thu Mar 14 22:52:40 2019;1;1552615059;-23.6398249 -46.6073089;-23.5890733 -46.6336419;8572;1681;1861
110;Thu Mar 14 22:53:40 2019;1;1552615120;-23.6398249 -46.6073089;-23.5890733 -46.6336419;8572;1681;1934
111;Thu Mar 14 22:54:40 2019;1;1552615180;-23.6398249 -46.6073089;-23.5890733 -46.6336419;8572;1681;1948
112;Thu Mar 14 22:55:40 2019;1;1552615240;-23.6398249 -46.6073089;-23.5890733 -46.6336419;8572;1681;1954
113;Thu Mar 14 22:56:40 2019;1;1552615300;-23.6398249 -46.6073089;-23.5890733 -46.6336419;8572;1681;1954
114;Thu Mar 14 22:57:40 2019;1;1552615360;-23.6398249 -46.6073089;-23.5890733 -46.6336419;8572;1681;1873
115;Thu Mar 14 22:58:39 2019;1;1552615419;-23.6398249 -46.6073089;-23.5890733 -46.6336419;8572;1681;1947
116;Thu Mar 14 22:59:40 2019;1;1552615480;-23.6398249 -46.6073089;-23.5890733 -46.6336419;8572;1681;1859
117;Thu Mar 14 23:00:40 2019;1;1552615540;-23.6398249 -46.6073089;-23.5890733 -46.6336419;8572;1681;1845
118;Thu Mar 14 23:01:39 2019;1;1552615599;-23.6398249 -46.6073089;-23.5890733 -46.6336419;8572;1681;1917
119;Thu Mar 14 23:02:39 2019;1;1552615659;-23.6398249 -46.6073089;-23.5890733 -46.6336419;8572;1681;1908
120;Thu Mar 14 23:03:39 2019;1;1552615719;-23.6398249 -46.6073089;-23.5890733 -46.6336419;8572;1681;1903
121;Thu Mar 14 23:04:40 2019;1;1552615779;-23.6398249 -46.6073089;-23.5890733 -46.6336419;8572;1681;1889
122;Thu Mar 14 23:05:40 2019;1;1552615840;-23.6398249 -46.6073089;-23.5890733 -46.6336419;8572;1681;1889
123;Thu Mar 14 23:06:39 2019;1;1552615899;-23.6398249 -46.6073089;-23.5890733 -46.6336419;8572;1681;1897
124;Thu Mar 14 23:07:40 2019;1;1552615960;-23.6398249 -46.6073089;-23.5890733 -46.6336419;8572;1681;1904
125;Thu Mar 14 23:08:40 2019;1;1552616019;-23.6398249 -46.6073089;-23.5890733 -46.6336419;8572;1681;1901
126;Thu Mar 14 23:09:40 2019;1;1552616080;-23.6398249 -46.6073089;-23.5890733 -46.6336419;8572;1681;1893
127;Thu Mar 14 23:10:39 2019;1;1552616139;-23.6398249 -46.6073089;-23.5890733 -46.6336419;8572;1681;1794
128;Thu Mar 14 23:11:40 2019;1;1552616199;-23.6398249 -46.6073089;-23.5890733 -46.6336419;8572;1681;1794
129;Thu Mar 14 23:12:39 2019;1;1552616259;-23.6398249 -46.6073089;-23.5890733 -46.6336419;8572;1681;1783
130;Thu Mar 14 23:13:39 2019;1;1552616319;-23.6398249 -46.6073089;-23.5890733 -46.6336419;8572;1681;1876
131;Thu Mar 14 23:14:39 2019;1;1552616379;-23.6398249 -46.6073089;-23.5890733 -46.6336419;8572;1681;1873
132;Thu Mar 14 23:15:40 2019;1;1552616440;-23.6398249 -46.6073089;-23.5890733 -46.6336419;8572;1681;1785
133;Thu Mar 14 23:16:40 2019;1;1552616499;-23.6398249 -46.6073089;-23.5890733 -46.6336419;8572;1681;1872
134;Thu Mar 14 23:17:40 2019;1;1552616559;-23.6398249 -46.6073089;-23.5890733 -46.6336419;8572;1681;1862
135;Thu Mar 14 23:18:40 2019;1;1552616619;-23.6398249 -46.6073089;-23.5890733 -46.6336419;8572;1681;1856
136;Thu Mar 14 23:19:39 2019;1;1552616679;-23.6398249 -46.6073089;-23.5890733 -46.6336419;8572;1681;1854
137;Thu Mar 14 23:20:39 2019;1;1552616739;-23.6398249 -46.6073089;-23.5890733 -46.6336419;8572;1681;1854
138;Thu Mar 14 23:21:40 2019;1;1552616800;-23.6398249 -46.6073089;-23.5890733 -46.6336419;8572;1681;1827
139;Thu Mar 14 23:22:39 2019;1;1552616859;-23.6398249 -46.6073089;-23.5890733 -46.6336419;8572;1681;1808
140;Thu Mar 14 23:23:39 2019;1;1552616919;-23.6398249 -46.6073089;-23.5890733 -46.6336419;8572;1681;1795
141;Thu Mar 14 23:24:39 2019;1;1552616979;-23.6398249 -46.6073089;-23.5890733 -46.6336419;8572;1681;1806
142;Thu Mar 14 23:25:39 2019;1;1552617039;-23.6398249 -46.6073089;-23.5890733 -46.6336419;8572;1681;1796
143;Thu Mar 14 23:26:40 2019;1;1552617100;-23.6398249 -46.6073089;-23.5890733 -46.6336419;8572;1681;1798
144;Thu Mar 14 23:27:40 2019;1;1552617160;-23.6398249 -46.6073089;-23.5890733 -46.6336419;8572;1681;1802
145;Thu Mar 14 23:28:40 2019;1;1552617219;-23.6398249 -46.6073089;-23.5890733 -46.6336419;8572;1681;1795
146;Thu Mar 14 23:29:39 2019;1;1552617279;-23.6398249 -46.6073089;-23.5890733 -46.6336419;8572;1681;1695
147;Thu Mar 14 23:30:40 2019;1;1552617340;-23.6398249 -46.6073089;-23.5890733 -46.6336419;8572;1681;1788
148;Thu Mar 14 23:31:39 2019;1;1552617399;-23.6398249 -46.6073089;-23.5890733 -46.6336419;8572;1681;1686
149;Thu Mar 14 23:32:39 2019;1;1552617459;-23.6398249 -46.6073089;-23.5890733 -46.6336419;8572;1681;1687
150;Thu Mar 14 23:33:40 2019;1;1552617520;-23.6398249 -46.6073089;-23.5890733 -46.6336419;8572;1681;1680
151;Thu Mar 14 23:34:40 2019;1;1552617580;-23.6398249 -46.6073089;-23.5890733 -46.6336419;8572;1681;1757
152;Thu Mar 14 23:35:39 2019;1;1552617639;-23.6398249 -46.6073089;-23.5890733 -46.6336419;8572;1681;1660
153;Thu Mar 14 23:36:39 2019;1;1552617699;-23.6398249 -46.6073089;-23.5890733 -46.6336419;8572;1681;1653
154;Thu Mar 14 23:37:39 2019;1;1552617759;-23.6398249 -46.6073089;-23.5890733 -46.6336419;8572;1681;1745
155;Thu Mar 14 23:38:39 2019;1;1552617819;-23.6398249 -46.6073089;-23.5890733 -46.6336419;8572;1681;1739
156;Thu Mar 14 23:39:39 2019;1;1552617879;-23.6398249 -46.6073089;-23.5890733 -46.6336419;8572;1681;1737
157;Thu Mar 14 23:40:39 2019;1;1552617939;-23.6398249 -46.6073089;-23.5890733 -46.6336419;8572;1681;1735
158;Thu Mar 14 23:41:40 2019;1;1552617999;-23.6398249 -46.6073089;-23.5890733 -46.6336419;8572;1681;1742
159;Thu Mar 14 23:42:40 2019;1;1552618060;-23.6398249 -46.6073089;-23.5890733 -46.6336419;8572;1681;1739
160;Thu Mar 14 23:43:40 2019;1;1552618120;-23.6398249 -46.6073089;-23.5890733 -46.6336419;8572;1681;1727
161;Thu Mar 14 23:44:39 2019;1;1552618179;-23.6398249 -46.6073089;-23.5890733 -46.6336419;8572;1681;1730
162;Thu Mar 14 23:45:39 2019;1;1552618239;-23.6398249 -46.6073089;-23.5890733 -46.6336419;8572;1681;1735
163;Thu Mar 14 23:46:40 2019;1;1552618300;-23.6398249 -46.6073089;-23.5890733 -46.6336419;8572;1681;1730
164;Thu Mar 14 23:47:40 2019;1;1552618360;-23.6398249 -46.6073089;-23.5890733 -46.6336419;8572;1681;1634
165;Thu Mar 14 23:48:40 2019;1;1552618420;-23.6398249 -46.6073089;-23.5890733 -46.6336419;8572;1681;1723
166;Thu Mar 14 23:49:39 2019;1;1552618479;-23.6398249 -46.6073089;-23.5890733 -46.6336419;8572;1681;1720
167;Thu Mar 14 23:50:40 2019;1;1552618540;-23.6398249 -46.6073089;-23.5890733 -46.6336419;8572;1681;1722
168;Thu Mar 14 23:51:40 2019;1;1552618600;-23.6398249 -46.6073089;-23.5890733 -46.6336419;8572;1681;1720
169;Thu Mar 14 23:52:39 2019;1;1552618659;-23.6398249 -46.6073089;-23.5890733 -46.6336419;8572;1681;1736
170;Thu Mar 14 23:53:39 2019;1;1552618719;-23.6398249 -46.6073089;-23.5890733 -46.6336419;8572;1681;1636
171;Thu Mar 14 23:54:39 2019;1;1552618779;-23.6398249 -46.6073089;-23.5890733 -46.6336419;8572;1681;1721
172;Thu Mar 14 23:55:39 2019;1;1552618839;-23.6398249 -46.6073089;-23.5890733 -46.6336419;8572;1681;1707
173;Thu Mar 14 23:56:40 2019;1;1552618900;-23.6398249 -46.6073089;-23.5890733 -46.6336419;8572;1681;1613
174;Thu Mar 14 23:57:40 2019;1;1552618960;-23.6398249 -46.6073089;-23.5890733 -46.6336419;8572;1681;1603
175;Thu Mar 14 23:58:40 2019;1;1552619020;-23.6398249 -46.6073089;-23.5890733 -46.6336419;8572;1681;1689
176;Thu Mar 14 23:59:39 2019;1;1552619079;-23.6398249 -46.6073089;-23.5890733 -46.6336419;8572;1681;1682
