38972;Thu Mar 14 00:00:26 2019;2;1552533026;-23.6398249 -46.6073089;-23.5890733 -46.6336419;8572;1681;1613
39213;Thu Mar 14 04:01:26 2019;2;1552547486;-23.6398249 -46.6073089;-23.5890733 -46.6336419;8572;1681;1236
39214;Thu Mar 14 04:02:26 2019;2;1552547546;-23.6398249 -46.6073089;-23.5890733 -46.6336419;8572;1681;1231
39215;Thu Mar 14 04:03:26 2019;2;1552547606;-23.6398249 -46.6073089;-23.5890733 -46.6336419;8572;1681;1229
39216;Thu Mar 14 04:04:26 2019;2;1552547666;-23.6398249 -46.6073089;-23.5890733 -46.6336419;8572;1681;1162
39217;Thu Mar 14 04:05:26 2019;2;1552547726;-23.6398249 -46.6073089;-23.5890733 -46.6336419;8572;1681;1159
39218;Thu Mar 14 04:06:26 2019;2;1552547786;-23.6398249 -46.6073089;-23.5890733 -46.6336419;8572;1681;1227
39219;Thu Mar 14 04:07:26 2019;2;1552547846;-23.6398249 -46.6073089;-23.5890733 -46.6336419;8572;1681;1234
39220;Thu Mar 14 04:08:26 2019;2;1552547906;-23.6398249 -46.6073089;-23.5890733 -46.6336419;8572;1681;1235
39221;Thu Mar 14 04:09:26 2019;2;1552547966;-23.6398249 -46.6073089;-23.5890733 -46.6336419;8572;1681;1238
1;Thu Mar 14 21:04:46 2019;2;1552608886;-23.6398249 -46.6073089;-23.5890733 -46.6336419;8572;1681;2294
2;Thu Mar 14 21:05:43 2019;2;1552608943;-23.6398249 -46.6073089;-23.5890733 -46.6336419;8572;1681;2360
3;Thu Mar 14 21:06:41 2019;2;1552609001;-23.6398249 -46.6073089;-23.5890733 -46.6336419;8572;1681;2297
4;Thu Mar 14 21:07:42 2019;2;1552609061;-23.6398249 -46.6073089;-23.5890733 -46.6336419;8572;1681;2358
5;Thu Mar 14 21:08:43 2019;2;1552609123;-23.6398249 -46.6073089;-23.5890733 -46.6336419;8572;1681;2288
6;Thu Mar 14 21:09:40 2019;2;1552609180;-23.6398249 -46.6073089;-23.5890733 -46.6336419;8572;1681;2336
7;Thu Mar 14 21:10:40 2019;2;1552609240;-23.6398249 -46.6073089;-23.5890733 -46.6336419;8572;1681;2321
8;Thu Mar 14 21:11:40 2019;2;1552609300;-23.6398249 -46.6073089;-23.5890733 -46.6336419;8572;1681;2316
9;Thu Mar 14 21:12:39 2019;2;1552609359;-23.6398249 -46.6073089;-23.5890733 -46.6336419;8572;1681;2240
10;Thu Mar 14 21:13:40 2019;2;1552609420;-23.6398249 -46.6073089;-23.5890733 -46.6336419;8572;1681;2234
11;Thu Mar 14 21:14:40 2019;2;1552609479;-23.6398249 -46.6073089;-23.5890733 -46.6336419;8572;1681;2290
12;Thu Mar 14 21:15:40 2019;2;1552609540;-23.6398249 -46.6073089;-23.5890733 -46.6336419;8572;1681;2216
13;Thu Mar 14 21:16:40 2019;2;1552609600;-23.6398249 -46.6073089;-23.5890733 -46.6336419;8572;1681;2252
14;Thu Mar 14 21:17:40 2019;2;1552609660;-23.6398249 -46.6073089;-23.5890733 -46.6336419;8572;1681;2196
15;Thu Mar 14 21:18:40 2019;2;1552609720;-23.6398249 -46.6073089;-23.5890733 -46.6336419;8572;1681;2239
16;Thu Mar 14 21:19:40 2019;2;1552609780;-23.6398249 -46.6073089;-23.5890733 -46.6336419;8572;1681;2223
17;Thu Mar 14 21:20:40 2019;2;1552609840;-23.6398249 -46.6073089;-23.5890733 -46.6336419;8572;1681;2214
18;Thu Mar 14 21:21:41 2019;2;1552609901;-23.6398249 -46.6073089;-23.5890733 -46.6336419;8572;1681;2206
19;Thu Mar 14 21:22:40 2019;2;1552609960;-23.6398249 -46.6073089;-23.5890733 -46.6336419;8572;1681;2191
20;Thu Mar 14 21:23:40 2019;2;1552610020;-23.6398249 -46.6073089;-23.5890733 -46.6336419;8572;1681;2177
21;Thu Mar 14 21:24:40 2019;2;1552610080;-23.6398249 -46.6073089;-23.5890733 -46.6336419;8572;1681;2157
22;Thu Mar 14 21:25:40 2019;2;1552610140;-23.6398249 -46.6073089;-23.5890733 -46.6336419;8572;1681;2147
23;Thu Mar 14 21:26:39 2019;2;1552610199;-23.6398249 -46.6073089;-23.5890733 -46.6336419;8572;1681;2149
24;Thu Mar 14 21:27:40 2019;2;1552610260;-23.6398249 -46.6073089;-23.5890733 -46.6336419;8572;1681;2168
25;Thu Mar 14 21:28:40 2019;2;1552610320;-23.6398249 -46.6073089;-23.5890733 -46.6336419;8572;1681;2139
26;Thu Mar 14 21:29:40 2019;2;1552610379;-23.6398249 -46.6073089;-23.5890733 -46.6336419;8572;1681;2191
27;Thu Mar 14 21:30:40 2019;2;1552610439;-23.6398249 -46.6073089;-23.5890733 -46.6336419;8572;1681;2195
28;Thu Mar 14 21:31:40 2019;2;1552610500;-23.6398249 -46.6073089;-23.5890733 -46.6336419;8572;1681;2194
29;Thu Mar 14 21:32:40 2019;2;1552610560;-23.6398249 -46.6073089;-23.5890733 -46.6336419;8572;1681;2192
30;Thu Mar 14 21:33:40 2019;2;1552610620;-23.6398249 -46.6073089;-23.5890733 -46.6336419;8572;1681;2144
31;Thu Mar 14 21:34:39 2019;2;1552610679;-23.6398249 -46.6073089;-23.5890733 -46.6336419;8572;1681;2185
32;Thu Mar 14 21:35:40 2019;2;1552610740;-23.6398249 -46.6073089;-23.5890733 -46.6336419;8572;1681;2181
33;Thu Mar 14 21:36:40 2019;2;1552610800;-23.6398249 -46.6073089;-23.5890733 -46.6336419;8572;1681;2176
34;Thu Mar 14 21:37:40 2019;2;1552610860;-23.6398249 -46.6073089;-23.5890733 -46.6336419;8572;1681;2163
35;Thu Mar 14 21:38:40 2019;2;1552610920;-23.6398249 -46.6073089;-23.5890733 -46.6336419;8572;1681;2170
36;Thu Mar 14 21:39:40 2019;2;1552610980;-23.6398249 -46.6073089;-23.5890733 -46.6336419;8572;1681;2170
37;Thu Mar 14 21:40:40 2019;2;1552611039;-23.6398249 -46.6073089;-23.5890733 -46.6336419;8572;1681;2161
38;Thu Mar 14 21:41:40 2019;2;1552611100;-23.6398249 -46.6073089;-23.5890733 -46.6336419;8572;1681;2172
39;Thu Mar 14 21:42:40 2019;2;1552611160;-23.6398249 -46.6073089;-23.5890733 -46.6336419;8572;1681;2148
40;Thu Mar 14 21:43:39 2019;2;1552611219;-23.6398249 -46.6073089;-23.5890733 -46.6336419;8572;1681;2142
41;Thu Mar 14 21:44:40 2019;2;1552611280;-23.6398249 -46.6073089;-23.5890733 -46.6336419;8572;1681;2083
42;Thu Mar 14 21:45:40 2019;2;1552611340;-23.6398249 -46.6073089;-23.5890733 -46.6336419;8572;1681;2122
43;Thu Mar 14 21:46:40 2019;2;1552611399;-23.6398249 -46.6073089;-23.5890733 -46.6336419;8572;1681;2115
44;Thu Mar 14 21:47:40 2019;2;1552611460;-23.6398249 -46.6073089;-23.5890733 -46.6336419;8572;1681;2058
45;Thu Mar 14 21:48:40 2019;2;1552611520;-23.6398249 -46.6073089;-23.5890733 -46.6336419;8572;1681;2107
46;Thu Mar 14 21:49:40 2019;2;1552611580;-23.6398249 -46.6073089;-23.5890733 -46.6336419;8572;1681;2103
47;Thu Mar 14 21:50:40 2019;2;1552611640;-23.6398249 -46.6073089;-23.5890733 -46.6336419;8572;1681;2107
48;Thu Mar 14 21:51:40 2019;2;1552611700;-23.6398249 -46.6073089;-23.5890733 -46.6336419;8572;1681;2113
49;Thu Mar 14 21:52:39 2019;2;1552611759;-23.6398249 -46.6073089;-23.5890733 -46.6336419;8572;1681;2069
50;Thu Mar 14 21:53:40 2019;2;1552611819;-23.6398249 -46.6073089;-23.5890733 -46.6336419;8572;1681;2101
51;Thu Mar 14 21:54:40 2019;2;1552611880;-23.6398249 -46.6073089;-23.5890733 -46.6336419;8572;1681;2091
52;Thu Mar 14 21:55:40 2019;2;1552611940;-23.6398249 -46.6073089;-23.5890733 -46.6336419;8572;1681;2084
53;Thu Mar 14 21:56:39 2019;2;1552611999;-23.6398249 -46.6073089;-23.5890733 -46.6336419;8572;1681;2042
54;Thu Mar 14 21:57:40 2019;2;1552612060;-23.6398249 -46.6073089;-23.5890733 -46.6336419;8572;1681;2100
55;Thu Mar 14 21:58:39 2019;2;1552612119;-23.6398249 -46.6073089;-23.5890733 -46.6336419;8572;1681;2051
56;Thu Mar 14 21:59:40 2019;2;1552612180;-23.6398249 -46.6073089;-23.5890733 -46.6336419;8572;1681;2091
57;Thu Mar 14 22:00:40 2019;2;1552612239;-23.6398249 -46.6073089;-23.5890733 -46.6336419;8572;1681;2052
58;Thu Mar 14 22:01:40 2019;2;1552612300;-23.6398249 -46.6073089;-23.5890733 -46.6336419;8572;1681;2093
59;Thu Mar 14 22:02:40 2019;2;1552612360;-23.6398249 -46.6073089;-23.5890733 -46.6336419;8572;1681;2055
60;Thu Mar 14 22:03:40 2019;2;1552612420;-23.6398249 -46.6073089;-23.5890733 -46.6336419;8572;1681;2096
61;Thu Mar 14 22:04:40 2019;2;1552612479;-23.6398249 -46.6073089;-23.5890733 -46.6336419;8572;1681;2051
62;Thu Mar 14 22:05:40 2019;2;1552612540;-23.6398249 -46.6073089;-23.5890733 -46.6336419;8572;1681;2093
63;Thu Mar 14 22:06:40 2019;2;1552612600;-23.6398249 -46.6073089;-23.5890733 -46.6336419;8572;1681;2095
64;Thu Mar 14 22:07:40 2019;2;1552612659;-23.6398249 -46.6073089;-23.5890733 -46.6336419;8572;1681;2101
65;Thu Mar 14 22:08:40 2019;2;1552612720;-23.6398249 -46.6073089;-23.5890733 -46.6336419;8572;1681;2106
66;Thu Mar 14 22:09:40 2019;2;1552612780;-23.6398249 -46.6073089;-23.5890733 -46.6336419;8572;1681;2104
67;Thu Mar 14 22:10:40 2019;2;1552612840;-23.6398249 -46.6073089;-23.5890733 -46.6336419;8572;1681;2102
68;Thu Mar 14 22:11:40 2019;2;1552612900;-23.6398249 -46.6073089;-23.5890733 -46.6336419;8572;1681;2092
69;Thu Mar 14 22:12:39 2019;2;1552612959;-23.6398249 -46.6073089;-23.5890733 -46.6336419;8572;1681;2084
70;Thu Mar 14 22:13:40 2019;2;1552613020;-23.6398249 -46.6073089;-23.5890733 -46.6336419;8572;1681;2042
71;Thu Mar 14 22:14:39 2019;2;1552613079;-23.6398249 -46.6073089;-23.5890733 -46.6336419;8572;1681;2054
72;Thu Mar 14 22:15:40 2019;2;1552613140;-23.6398249 -46.6073089;-23.5890733 -46.6336419;8572;1681;2095
73;Thu Mar 14 22:16:40 2019;2;1552613200;-23.6398249 -46.6073089;-23.5890733 -46.6336419;8572;1681;2061
74;Thu Mar 14 22:17:40 2019;2;1552613260;-23.6398249 -46.6073089;-23.5890733 -46.6336419;8572;1681;2104
75;Thu Mar 14 22:18:40 2019;2;1552613319;-23.6398249 -46.6073089;-23.5890733 -46.6336419;8572;1681;2102
76;Thu Mar 14 22:19:40 2019;2;1552613380;-23.6398249 -46.6073089;-23.5890733 -46.6336419;8572;1681;2110
77;Thu Mar 14 22:20:40 2019;2;1552613440;-23.6398249 -46.6073089;-23.5890733 -46.6336419;8572;1681;2109
78;Thu Mar 14 22:21:39 2019;2;1552613499;-23.6398249 -46.6073089;-23.5890733 -46.6336419;8572;1681;2100
79;Thu Mar 14 22:22:40 2019;2;1552613559;-23.6398249 -46.6073089;-23.5890733 -46.6336419;8572;1681;2099
80;Thu Mar 14 22:23:40 2019;2;1552613620;-23.6398249 -46.6073089;-23.5890733 -46.6336419;8572;1681;2040
81;Thu Mar 14 22:24:40 2019;2;1552613679;-23.6398249 -46.6073089;-23.5890733 -46.6336419;8572;1681;2093
82;Thu Mar 14 22:25:40 2019;2;1552613740;-23.6398249 -46.6073089;-23.5890733 -46.6336419;8572;1681;2095
83;Thu Mar 14 22:26:40 2019;2;1552613800;-23.6398249 -46.6073089;-23.5890733 -46.6336419;8572;1681;2091
84;Thu Mar 14 22:27:40 2019;2;1552613860;-23.6398249 -46.6073089;-23.5890733 -46.6336419;8572;1681;2024
85;Thu Mar 14 22:28:40 2019;2;1552613919;-23.6398249 -46.6073089;-23.5890733 -46.6336419;8572;1681;2071
86;Thu Mar 14 22:29:39 2019;2;1552613979;-23.6398249 -46.6073089;-23.5890733 -46.6336419;8572;1681;2069
87;Thu Mar 14 22:30:40 2019;2;1552614040;-23.6398249 -46.6073089;-23.5890733 -46.6336419;8572;1681;2009
88;Thu Mar 14 22:31:40 2019;2;1552614100;-23.6398249 -46.6073089;-23.5890733 -46.6336419;8572;1681;2054
89;Thu Mar 14 22:32:40 2019;2;1552614160;-23.6398249 -46.6073089;-23.5890733 -46.6336419;8572;1681;2033
90;Thu Mar 14 22:33:39 2019;2;1552614219;-23.6398249 -46.6073089;-23.5890733 -46.6336419;8572;1681;2027
91;Thu Mar 14 22:34:40 2019;2;1552614280;-23.6398249 -46.6073089;-23.5890733 -46.6336419;8572;1681;2022
92;Thu Mar 14 22:35:40 2019;2;1552614339;-23.6398249 -46.6073089;-23.5890733 -46.6336419;8572;1681;2005
93;Thu Mar 14 22:36:40 2019;2;1552614400;-23.6398249 -46.6073089;-23.5890733 -46.6336419;8572;1681;1993
94;Thu Mar 14 22:37:40 2019;2;1552614460;-23.6398249 -46.6073089;-23.5890733 -46.6336419;8572;1681;1977
95;Thu Mar 14 22:38:40 2019;2;1552614520;-23.6398249 -46.6073089;-23.5890733 -46.6336419;8572;1681;1974
96;Thu Mar 14 22:39:40 2019;2;1552614579;-23.6398249 -46.6073089;-23.5890733 -46.6336419;8572;1681;1973
97;Thu Mar 14 22:40:40 2019;2;1552614640;-23.6398249 -46.6073089;-23.5890733 -46.6336419;8572;1681;1961
98;Thu Mar 14 22:41:40 2019;2;1552614700;-23.6398249 -46.6073089;-23.5890733 -46.6336419;8572;1681;1889
99;Thu Mar 14 22:42:40 2019;2;1552614760;-23.6398249 -46.6073089;-23.5890733 -46.6336419;8572;1681;1949
100;Thu Mar 14 22:43:40 2019;2;1552614820;-23.6398249 -46.6073089;-23.5890733 -46.6336419;8572;1681;1965
101;Thu Mar 14 22:44:40 2019;2;1552614879;-23.6398249 -46.6073089;-23.5890733 -46.6336419;8572;1681;1958
102;Thu Mar 14 22:45:40 2019;2;1552614940;-23.6398249 -46.6073089;-23.5890733 -46.6336419;8572;1681;1880
103;Thu Mar 14 22:46:40 2019;2;1552615000;-23.6398249 -46.6073089;-23.5890733 -46.6336419;8572;1681;1938
104;Thu Mar 14 22:47:40 2019;2;1552615060;-23.6398249 -46.6073089;-23.5890733 -46.6336419;8572;1681;1932
105;Thu Mar 14 22:48:40 2019;2;1552615120;-23.6398249 -46.6073089;-23.5890733 -46.6336419;8572;1681;1934
106;Thu Mar 14 22:49:40 2019;2;1552615180;-23.6398249 -46.6073089;-23.5890733 -46.6336419;8572;1681;1948
107;Thu Mar 14 22:50:40 2019;2;1552615240;-23.6398249 -46.6073089;-23.5890733 -46.6336419;8572;1681;1954
108;Thu Mar 14 22:51:40 2019;2;1552615300;-23.6398249 -46.6073089;-23.5890733 -46.6336419;8572;1681;1954
109;Thu Mar 14 22:52:40 2019;2;1552615360;-23.6398249 -46.6073089;-23.5890733 -46.6336419;8572;1681;1873
110;Thu Mar 14 22:53:40 2019;2;1552615420;-23.6398249 -46.6073089;-23.5890733 -46.6336419;8572;1681;1947
111;Thu Mar 14 22:54:40 2019;2;1552615480;-23.6398249 -46.6073089;-23.5890733 -46.6336419;8572;1681;1937
112;Thu Mar 14 22:55:40 2019;2;1552615540;-23.6398249 -46.6073089;-23.5890733 -46.6336419;8572;1681;1923
113;Thu Mar 14 22:56:40 2019;2;1552615600;-23.6398249 -46.6073089;-23.5890733 -46.6336419;8572;1681;1917
114;Thu Mar 14 22:57:40 2019;2;1552615660;-23.6398249 -46.6073089;-23.5890733 -46.6336419;8572;1681;1908
115;Thu Mar 14 22:58:39 2019;2;1552615719;-23.6398249 -46.6073089;-23.5890733 -46.6336419;8572;1681;1903
116;Thu Mar 14 22:59:40 2019;2;1552615780;-23.6398249 -46.6073089;-23.5890733 -46.6336419;8572;1681;1889
117;Thu Mar 14 23:00:40 2019;2;1552615840;-23.6398249 -46.6073089;-23.5890733 -46.6336419;8572;1681;1889
118;Thu Mar 14 23:01:39 2019;2;1552615899;-23.6398249 -46.6073089;-23.5890733 -46.6336419;8572;1681;1897
119;Thu Mar 14 23:02:39 2019;2;1552615959;-23.6398249 -46.6073089;-23.5890733 -46.6336419;8572;1681;1820
120;Thu Mar 14 23:03:40 2019;2;1552616019;-23.6398249 -46.6073089;-23.5890733 -46.6336419;8572;1681;1901
121;Thu Mar 14 23:04:40 2019;2;1552616080;-23.6398249 -46.6073089;-23.5890733 -46.6336419;8572;1681;1808
122;Thu Mar 14 23:05:40 2019;2;1552616140;-23.6398249 -46.6073089;-23.5890733 -46.6336419;8572;1681;1875
123;Thu Mar 14 23:06:39 2019;2;1552616199;-23.6398249 -46.6073089;-23.5890733 -46.6336419;8572;1681;1794
124;Thu Mar 14 23:07:40 2019;2;1552616260;-23.6398249 -46.6073089;-23.5890733 -46.6336419;8572;1681;1864
125;Thu Mar 14 23:08:40 2019;2;1552616320;-23.6398249 -46.6073089;-23.5890733 -46.6336419;8572;1681;1876
126;Thu Mar 14 23:09:40 2019;2;1552616380;-23.6398249 -46.6073089;-23.5890733 -46.6336419;8572;1681;1788
127;Thu Mar 14 23:10:39 2019;2;1552616439;-23.6398249 -46.6073089;-23.5890733 -46.6336419;8572;1681;1870
128;Thu Mar 14 23:11:40 2019;2;1552616500;-23.6398249 -46.6073089;-23.5890733 -46.6336419;8572;1681;1871
129;Thu Mar 14 23:12:40 2019;2;1552616559;-23.6398249 -46.6073089;-23.5890733 -46.6336419;8572;1681;1862
130;Thu Mar 14 23:13:39 2019;2;1552616619;-23.6398249 -46.6073089;-23.5890733 -46.6336419;8572;1681;1856
131;Thu Mar 14 23:14:39 2019;2;1552616679;-23.6398249 -46.6073089;-23.5890733 -46.6336419;8572;1681;1768
132;Thu Mar 14 23:15:40 2019;2;1552616740;-23.6398249 -46.6073089;-23.5890733 -46.6336419;8572;1681;1847
133;Thu Mar 14 23:16:40 2019;2;1552616800;-23.6398249 -46.6073089;-23.5890733 -46.6336419;8572;1681;1827
134;Thu Mar 14 23:17:40 2019;2;1552616860;-23.6398249 -46.6073089;-23.5890733 -46.6336419;8572;1681;1808
135;Thu Mar 14 23:18:40 2019;2;1552616920;-23.6398249 -46.6073089;-23.5890733 -46.6336419;8572;1681;1795
136;Thu Mar 14 23:19:39 2019;2;1552616979;-23.6398249 -46.6073089;-23.5890733 -46.6336419;8572;1681;1718
137;Thu Mar 14 23:20:39 2019;2;1552617039;-23.6398249 -46.6073089;-23.5890733 -46.6336419;8572;1681;1796
138;Thu Mar 14 23:21:40 2019;2;1552617100;-23.6398249 -46.6073089;-23.5890733 -46.6336419;8572;1681;1798
139;Thu Mar 14 23:22:40 2019;2;1552617160;-23.6398249 -46.6073089;-23.5890733 -46.6336419;8572;1681;1802
140;Thu Mar 14 23:23:40 2019;2;1552617219;-23.6398249 -46.6073089;-23.5890733 -46.6336419;8572;1681;1795
141;Thu Mar 14 23:24:39 2019;2;1552617279;-23.6398249 -46.6073089;-23.5890733 -46.6336419;8572;1681;1787
142;Thu Mar 14 23:25:39 2019;2;1552617339;-23.6398249 -46.6073089;-23.5890733 -46.6336419;8572;1681;1690
143;Thu Mar 14 23:26:40 2019;2;1552617400;-23.6398249 -46.6073089;-23.5890733 -46.6336419;8572;1681;1778
144;Thu Mar 14 23:27:40 2019;2;1552617460;-23.6398249 -46.6073089;-23.5890733 -46.6336419;8572;1681;1778
145;Thu Mar 14 23:28:40 2019;2;1552617520;-23.6398249 -46.6073089;-23.5890733 -46.6336419;8572;1681;1680
146;Thu Mar 14 23:29:39 2019;2;1552617579;-23.6398249 -46.6073089;-23.5890733 -46.6336419;8572;1681;1664
147;Thu Mar 14 23:30:40 2019;2;1552617640;-23.6398249 -46.6073089;-23.5890733 -46.6336419;8572;1681;1660
148;Thu Mar 14 23:31:40 2019;2;1552617699;-23.6398249 -46.6073089;-23.5890733 -46.6336419;8572;1681;1746
149;Thu Mar 14 23:32:39 2019;2;1552617759;-23.6398249 -46.6073089;-23.5890733 -46.6336419;8572;1681;1652
150;Thu Mar 14 23:33:40 2019;2;1552617820;-23.6398249 -46.6073089;-23.5890733 -46.6336419;8572;1681;1738
151;Thu Mar 14 23:34:40 2019;2;1552617880;-23.6398249 -46.6073089;-23.5890733 -46.6336419;8572;1681;1645
152;Thu Mar 14 23:35:39 2019;2;1552617939;-23.6398249 -46.6073089;-23.5890733 -46.6336419;8572;1681;1735
153;Thu Mar 14 23:36:40 2019;2;1552617999;-23.6398249 -46.6073089;-23.5890733 -46.6336419;8572;1681;1742
154;Thu Mar 14 23:37:39 2019;2;1552618059;-23.6398249 -46.6073089;-23.5890733 -46.6336419;8572;1681;1739
155;Thu Mar 14 23:38:40 2019;2;1552618119;-23.6398249 -46.6073089;-23.5890733 -46.6336419;8572;1681;1727
156;Thu Mar 14 23:39:40 2019;2;1552618179;-23.6398249 -46.6073089;-23.5890733 -46.6336419;8572;1681;1638
157;Thu Mar 14 23:40:39 2019;2;1552618239;-23.6398249 -46.6073089;-23.5890733 -46.6336419;8572;1681;1643
158;Thu Mar 14 23:41:40 2019;2;1552618300;-23.6398249 -46.6073089;-23.5890733 -46.6336419;8572;1681;1638
159;Thu Mar 14 23:42:40 2019;2;1552618360;-23.6398249 -46.6073089;-23.5890733 -46.6336419;8572;1681;1634
160;Thu Mar 14 23:43:40 2019;2;1552618420;-23.6398249 -46.6073089;-23.5890733 -46.6336419;8572;1681;1723
161;Thu Mar 14 23:44:40 2019;2;1552618479;-23.6398249 -46.6073089;-23.5890733 -46.6336419;8572;1681;1720
162;Thu Mar 14 23:45:40 2019;2;1552618539;-23.6398249 -46.6073089;-23.5890733 -46.6336419;8572;1681;1628
163;Thu Mar 14 23:46:40 2019;2;1552618600;-23.6398249 -46.6073089;-23.5890733 -46.6336419;8572;1681;1720
164;Thu Mar 14 23:47:40 2019;2;1552618660;-23.6398249 -46.6073089;-23.5890733 -46.6336419;8572;1681;1736
165;Thu Mar 14 23:48:40 2019;2;1552618720;-23.6398249 -46.6073089;-23.5890733 -46.6336419;8572;1681;1728
166;Thu Mar 14 23:49:40 2019;2;1552618779;-23.6398249 -46.6073089;-23.5890733 -46.6336419;8572;1681;1721
167;Thu Mar 14 23:50:40 2019;2;1552618840;-23.6398249 -46.6073089;-23.5890733 -46.6336419;8572;1681;1707
168;Thu Mar 14 23:51:40 2019;2;1552618900;-23.6398249 -46.6073089;-23.5890733 -46.6336419;8572;1681;1703
169;Thu Mar 14 23:52:39 2019;2;1552618959;-23.6398249 -46.6073089;-23.5890733 -46.6336419;8572;1681;1693
170;Thu Mar 14 23:53:40 2019;2;1552619019;-23.6398249 -46.6073089;-23.5890733 -46.6336419;8572;1681;1689
171;Thu Mar 14 23:54:39 2019;2;1552619079;-23.6398249 -46.6073089;-23.5890733 -46.6336419;8572;1681;1682
172;Thu Mar 14 23:55:40 2019;2;1552619139;-23.6398249 -46.6073089;-23.5890733 -46.6336419;8572;1681;1670
173;Thu Mar 14 23:56:40 2019;2;1552619200;-23.6398249 -46.6073089;-23.5890733 -46.6336419;8572;1681;1667
174;Thu Mar 14 23:57:40 2019;2;1552619260;-23.6398249 -46.6073089;-23.5890733 -46.6336419;8572;1681;1578
175;Thu Mar 14 23:58:40 2019;2;1552619320;-23.6398249 -46.6073089;-23.5890733 -46.6336419;8572;1681;1670
176;Thu Mar 14 23:59:39 2019;2;1552619379;-23.6398249 -46.6073089;-23.5890733 -46.6336419;8572;1681;1665
