38972;Thu Mar 14 00:00:34 2019;-23.5997563636149,-46.6158792116795;-23.5982853004579,-46.6158408373559;-23.5997627 -46.6158952;-23.5982894 -46.6158233;181;34;40
39213;Thu Mar 14 04:01:34 2019;-23.5997563636149,-46.6158792116795;-23.5982853004579,-46.6158408373559;-23.5997627 -46.6158952;-23.5982894 -46.6158233;181;34;26
39214;Thu Mar 14 04:02:34 2019;-23.5997563636149,-46.6158792116795;-23.5982853004579,-46.6158408373559;-23.5997627 -46.6158952;-23.5982894 -46.6158233;181;34;26
39215;Thu Mar 14 04:03:34 2019;-23.5997563636149,-46.6158792116795;-23.5982853004579,-46.6158408373559;-23.5997627 -46.6158952;-23.5982894 -46.6158233;181;34;26
39216;Thu Mar 14 04:04:34 2019;-23.5997563636149,-46.6158792116795;-23.5982853004579,-46.6158408373559;-23.5997627 -46.6158952;-23.5982894 -46.6158233;181;34;26
39217;Thu Mar 14 04:05:34 2019;-23.5997563636149,-46.6158792116795;-23.5982853004579,-46.6158408373559;-23.5997627 -46.6158952;-23.5982894 -46.6158233;181;34;26
39218;Thu Mar 14 04:06:34 2019;-23.5997563636149,-46.6158792116795;-23.5982853004579,-46.6158408373559;-23.5997627 -46.6158952;-23.5982894 -46.6158233;181;34;26
39219;Thu Mar 14 04:07:34 2019;-23.5997563636149,-46.6158792116795;-23.5982853004579,-46.6158408373559;-23.5997627 -46.6158952;-23.5982894 -46.6158233;181;34;25
39220;Thu Mar 14 04:08:34 2019;-23.5997563636149,-46.6158792116795;-23.5982853004579,-46.6158408373559;-23.5997627 -46.6158952;-23.5982894 -46.6158233;181;34;25
39221;Thu Mar 14 04:09:34 2019;-23.5997563636149,-46.6158792116795;-23.5982853004579,-46.6158408373559;-23.5997627 -46.6158952;-23.5982894 -46.6158233;181;34;25
1;Thu Mar 14 21:06:54 2019;-23.5997563636149,-46.6158792116795;-23.5982853004579,-46.6158408373559;-23.5997627 -46.6158952;-23.5982894 -46.6158233;181;34;48
2;Thu Mar 14 21:07:48 2019;-23.5997563636149,-46.6158792116795;-23.5982853004579,-46.6158408373559;-23.5997627 -46.6158952;-23.5982894 -46.6158233;181;34;49
3;Thu Mar 14 21:08:51 2019;-23.5997563636149,-46.6158792116795;-23.5982853004579,-46.6158408373559;-23.5997627 -46.6158952;-23.5982894 -46.6158233;181;34;49
4;Thu Mar 14 21:09:48 2019;-23.5997563636149,-46.6158792116795;-23.5982853004579,-46.6158408373559;-23.5997627 -46.6158952;-23.5982894 -46.6158233;181;34;49
5;Thu Mar 14 21:10:48 2019;-23.5997563636149,-46.6158792116795;-23.5982853004579,-46.6158408373559;-23.5997627 -46.6158952;-23.5982894 -46.6158233;181;34;49
6;Thu Mar 14 21:11:47 2019;-23.5997563636149,-46.6158792116795;-23.5982853004579,-46.6158408373559;-23.5997627 -46.6158952;-23.5982894 -46.6158233;181;34;49
7;Thu Mar 14 21:12:47 2019;-23.5997563636149,-46.6158792116795;-23.5982853004579,-46.6158408373559;-23.5997627 -46.6158952;-23.5982894 -46.6158233;181;34;49
8;Thu Mar 14 21:13:47 2019;-23.5997563636149,-46.6158792116795;-23.5982853004579,-46.6158408373559;-23.5997627 -46.6158952;-23.5982894 -46.6158233;181;34;49
9;Thu Mar 14 21:14:48 2019;-23.5997563636149,-46.6158792116795;-23.5982853004579,-46.6158408373559;-23.5997627 -46.6158952;-23.5982894 -46.6158233;181;34;49
10;Thu Mar 14 21:15:48 2019;-23.5997563636149,-46.6158792116795;-23.5982853004579,-46.6158408373559;-23.5997627 -46.6158952;-23.5982894 -46.6158233;181;34;49
11;Thu Mar 14 21:16:48 2019;-23.5997563636149,-46.6158792116795;-23.5982853004579,-46.6158408373559;-23.5997627 -46.6158952;-23.5982894 -46.6158233;181;34;49
12;Thu Mar 14 21:17:48 2019;-23.5997563636149,-46.6158792116795;-23.5982853004579,-46.6158408373559;-23.5997627 -46.6158952;-23.5982894 -46.6158233;181;34;49
13;Thu Mar 14 21:18:48 2019;-23.5997563636149,-46.6158792116795;-23.5982853004579,-46.6158408373559;-23.5997627 -46.6158952;-23.5982894 -46.6158233;181;34;49
14;Thu Mar 14 21:19:48 2019;-23.5997563636149,-46.6158792116795;-23.5982853004579,-46.6158408373559;-23.5997627 -46.6158952;-23.5982894 -46.6158233;181;34;49
15;Thu Mar 14 21:20:48 2019;-23.5997563636149,-46.6158792116795;-23.5982853004579,-46.6158408373559;-23.5997627 -46.6158952;-23.5982894 -46.6158233;181;34;49
16;Thu Mar 14 21:21:49 2019;-23.5997563636149,-46.6158792116795;-23.5982853004579,-46.6158408373559;-23.5997627 -46.6158952;-23.5982894 -46.6158233;181;34;49
17;Thu Mar 14 21:22:47 2019;-23.5997563636149,-46.6158792116795;-23.5982853004579,-46.6158408373559;-23.5997627 -46.6158952;-23.5982894 -46.6158233;181;34;50
18;Thu Mar 14 21:23:47 2019;-23.5997563636149,-46.6158792116795;-23.5982853004579,-46.6158408373559;-23.5997627 -46.6158952;-23.5982894 -46.6158233;181;34;50
19;Thu Mar 14 21:24:48 2019;-23.5997563636149,-46.6158792116795;-23.5982853004579,-46.6158408373559;-23.5997627 -46.6158952;-23.5982894 -46.6158233;181;34;50
20;Thu Mar 14 21:25:47 2019;-23.5997563636149,-46.6158792116795;-23.5982853004579,-46.6158408373559;-23.5997627 -46.6158952;-23.5982894 -46.6158233;181;34;50
21;Thu Mar 14 21:26:48 2019;-23.5997563636149,-46.6158792116795;-23.5982853004579,-46.6158408373559;-23.5997627 -46.6158952;-23.5982894 -46.6158233;181;34;50
22;Thu Mar 14 21:27:47 2019;-23.5997563636149,-46.6158792116795;-23.5982853004579,-46.6158408373559;-23.5997627 -46.6158952;-23.5982894 -46.6158233;181;34;50
23;Thu Mar 14 21:28:47 2019;-23.5997563636149,-46.6158792116795;-23.5982853004579,-46.6158408373559;-23.5997627 -46.6158952;-23.5982894 -46.6158233;181;34;50
24;Thu Mar 14 21:29:48 2019;-23.5997563636149,-46.6158792116795;-23.5982853004579,-46.6158408373559;-23.5997627 -46.6158952;-23.5982894 -46.6158233;181;34;50
25;Thu Mar 14 21:30:47 2019;-23.5997563636149,-46.6158792116795;-23.5982853004579,-46.6158408373559;-23.5997627 -46.6158952;-23.5982894 -46.6158233;181;34;50
26;Thu Mar 14 21:31:47 2019;-23.5997563636149,-46.6158792116795;-23.5982853004579,-46.6158408373559;-23.5997627 -46.6158952;-23.5982894 -46.6158233;181;34;50
27;Thu Mar 14 21:32:47 2019;-23.5997563636149,-46.6158792116795;-23.5982853004579,-46.6158408373559;-23.5997627 -46.6158952;-23.5982894 -46.6158233;181;34;50
28;Thu Mar 14 21:33:47 2019;-23.5997563636149,-46.6158792116795;-23.5982853004579,-46.6158408373559;-23.5997627 -46.6158952;-23.5982894 -46.6158233;181;34;50
29;Thu Mar 14 21:34:47 2019;-23.5997563636149,-46.6158792116795;-23.5982853004579,-46.6158408373559;-23.5997627 -46.6158952;-23.5982894 -46.6158233;181;34;50
30;Thu Mar 14 21:35:47 2019;-23.5997563636149,-46.6158792116795;-23.5982853004579,-46.6158408373559;-23.5997627 -46.6158952;-23.5982894 -46.6158233;181;34;50
31;Thu Mar 14 21:36:47 2019;-23.5997563636149,-46.6158792116795;-23.5982853004579,-46.6158408373559;-23.5997627 -46.6158952;-23.5982894 -46.6158233;181;34;50
32;Thu Mar 14 21:37:47 2019;-23.5997563636149,-46.6158792116795;-23.5982853004579,-46.6158408373559;-23.5997627 -46.6158952;-23.5982894 -46.6158233;181;34;44
33;Thu Mar 14 21:38:47 2019;-23.5997563636149,-46.6158792116795;-23.5982853004579,-46.6158408373559;-23.5997627 -46.6158952;-23.5982894 -46.6158233;181;34;44
34;Thu Mar 14 21:39:47 2019;-23.5997563636149,-46.6158792116795;-23.5982853004579,-46.6158408373559;-23.5997627 -46.6158952;-23.5982894 -46.6158233;181;34;44
35;Thu Mar 14 21:40:47 2019;-23.5997563636149,-46.6158792116795;-23.5982853004579,-46.6158408373559;-23.5997627 -46.6158952;-23.5982894 -46.6158233;181;34;44
36;Thu Mar 14 21:41:47 2019;-23.5997563636149,-46.6158792116795;-23.5982853004579,-46.6158408373559;-23.5997627 -46.6158952;-23.5982894 -46.6158233;181;34;44
37;Thu Mar 14 21:42:47 2019;-23.5997563636149,-46.6158792116795;-23.5982853004579,-46.6158408373559;-23.5997627 -46.6158952;-23.5982894 -46.6158233;181;34;44
38;Thu Mar 14 21:43:47 2019;-23.5997563636149,-46.6158792116795;-23.5982853004579,-46.6158408373559;-23.5997627 -46.6158952;-23.5982894 -46.6158233;181;34;44
39;Thu Mar 14 21:44:47 2019;-23.5997563636149,-46.6158792116795;-23.5982853004579,-46.6158408373559;-23.5997627 -46.6158952;-23.5982894 -46.6158233;181;34;44
40;Thu Mar 14 21:45:47 2019;-23.5997563636149,-46.6158792116795;-23.5982853004579,-46.6158408373559;-23.5997627 -46.6158952;-23.5982894 -46.6158233;181;34;44
41;Thu Mar 14 21:46:47 2019;-23.5997563636149,-46.6158792116795;-23.5982853004579,-46.6158408373559;-23.5997627 -46.6158952;-23.5982894 -46.6158233;181;34;44
42;Thu Mar 14 21:47:47 2019;-23.5997563636149,-46.6158792116795;-23.5982853004579,-46.6158408373559;-23.5997627 -46.6158952;-23.5982894 -46.6158233;181;34;44
43;Thu Mar 14 21:48:48 2019;-23.5997563636149,-46.6158792116795;-23.5982853004579,-46.6158408373559;-23.5997627 -46.6158952;-23.5982894 -46.6158233;181;34;44
44;Thu Mar 14 21:49:47 2019;-23.5997563636149,-46.6158792116795;-23.5982853004579,-46.6158408373559;-23.5997627 -46.6158952;-23.5982894 -46.6158233;181;34;44
45;Thu Mar 14 21:50:47 2019;-23.5997563636149,-46.6158792116795;-23.5982853004579,-46.6158408373559;-23.5997627 -46.6158952;-23.5982894 -46.6158233;181;34;44
46;Thu Mar 14 21:51:47 2019;-23.5997563636149,-46.6158792116795;-23.5982853004579,-46.6158408373559;-23.5997627 -46.6158952;-23.5982894 -46.6158233;181;34;44
47;Thu Mar 14 21:52:47 2019;-23.5997563636149,-46.6158792116795;-23.5982853004579,-46.6158408373559;-23.5997627 -46.6158952;-23.5982894 -46.6158233;181;34;41
48;Thu Mar 14 21:53:47 2019;-23.5997563636149,-46.6158792116795;-23.5982853004579,-46.6158408373559;-23.5997627 -46.6158952;-23.5982894 -46.6158233;181;34;41
49;Thu Mar 14 21:54:48 2019;-23.5997563636149,-46.6158792116795;-23.5982853004579,-46.6158408373559;-23.5997627 -46.6158952;-23.5982894 -46.6158233;181;34;41
50;Thu Mar 14 21:55:47 2019;-23.5997563636149,-46.6158792116795;-23.5982853004579,-46.6158408373559;-23.5997627 -46.6158952;-23.5982894 -46.6158233;181;34;41
51;Thu Mar 14 21:56:48 2019;-23.5997563636149,-46.6158792116795;-23.5982853004579,-46.6158408373559;-23.5997627 -46.6158952;-23.5982894 -46.6158233;181;34;41
52;Thu Mar 14 21:57:47 2019;-23.5997563636149,-46.6158792116795;-23.5982853004579,-46.6158408373559;-23.5997627 -46.6158952;-23.5982894 -46.6158233;181;34;41
53;Thu Mar 14 21:58:48 2019;-23.5997563636149,-46.6158792116795;-23.5982853004579,-46.6158408373559;-23.5997627 -46.6158952;-23.5982894 -46.6158233;181;34;41
54;Thu Mar 14 21:59:47 2019;-23.5997563636149,-46.6158792116795;-23.5982853004579,-46.6158408373559;-23.5997627 -46.6158952;-23.5982894 -46.6158233;181;34;41
55;Thu Mar 14 22:00:47 2019;-23.5997563636149,-46.6158792116795;-23.5982853004579,-46.6158408373559;-23.5997627 -46.6158952;-23.5982894 -46.6158233;181;34;41
56;Thu Mar 14 22:01:47 2019;-23.5997563636149,-46.6158792116795;-23.5982853004579,-46.6158408373559;-23.5997627 -46.6158952;-23.5982894 -46.6158233;181;34;41
57;Thu Mar 14 22:02:47 2019;-23.5997563636149,-46.6158792116795;-23.5982853004579,-46.6158408373559;-23.5997627 -46.6158952;-23.5982894 -46.6158233;181;34;41
58;Thu Mar 14 22:03:47 2019;-23.5997563636149,-46.6158792116795;-23.5982853004579,-46.6158408373559;-23.5997627 -46.6158952;-23.5982894 -46.6158233;181;34;41
59;Thu Mar 14 22:04:48 2019;-23.5997563636149,-46.6158792116795;-23.5982853004579,-46.6158408373559;-23.5997627 -46.6158952;-23.5982894 -46.6158233;181;34;41
60;Thu Mar 14 22:05:48 2019;-23.5997563636149,-46.6158792116795;-23.5982853004579,-46.6158408373559;-23.5997627 -46.6158952;-23.5982894 -46.6158233;181;34;41
61;Thu Mar 14 22:06:48 2019;-23.5997563636149,-46.6158792116795;-23.5982853004579,-46.6158408373559;-23.5997627 -46.6158952;-23.5982894 -46.6158233;181;34;41
62;Thu Mar 14 22:07:47 2019;-23.5997563636149,-46.6158792116795;-23.5982853004579,-46.6158408373559;-23.5997627 -46.6158952;-23.5982894 -46.6158233;181;34;45
63;Thu Mar 14 22:08:48 2019;-23.5997563636149,-46.6158792116795;-23.5982853004579,-46.6158408373559;-23.5997627 -46.6158952;-23.5982894 -46.6158233;181;34;45
64;Thu Mar 14 22:09:47 2019;-23.5997563636149,-46.6158792116795;-23.5982853004579,-46.6158408373559;-23.5997627 -46.6158952;-23.5982894 -46.6158233;181;34;45
65;Thu Mar 14 22:10:47 2019;-23.5997563636149,-46.6158792116795;-23.5982853004579,-46.6158408373559;-23.5997627 -46.6158952;-23.5982894 -46.6158233;181;34;45
66;Thu Mar 14 22:11:48 2019;-23.5997563636149,-46.6158792116795;-23.5982853004579,-46.6158408373559;-23.5997627 -46.6158952;-23.5982894 -46.6158233;181;34;45
67;Thu Mar 14 22:12:47 2019;-23.5997563636149,-46.6158792116795;-23.5982853004579,-46.6158408373559;-23.5997627 -46.6158952;-23.5982894 -46.6158233;181;34;45
68;Thu Mar 14 22:13:47 2019;-23.5997563636149,-46.6158792116795;-23.5982853004579,-46.6158408373559;-23.5997627 -46.6158952;-23.5982894 -46.6158233;181;34;45
69;Thu Mar 14 22:14:47 2019;-23.5997563636149,-46.6158792116795;-23.5982853004579,-46.6158408373559;-23.5997627 -46.6158952;-23.5982894 -46.6158233;181;34;45
70;Thu Mar 14 22:15:48 2019;-23.5997563636149,-46.6158792116795;-23.5982853004579,-46.6158408373559;-23.5997627 -46.6158952;-23.5982894 -46.6158233;181;34;45
71;Thu Mar 14 22:16:47 2019;-23.5997563636149,-46.6158792116795;-23.5982853004579,-46.6158408373559;-23.5997627 -46.6158952;-23.5982894 -46.6158233;181;34;45
72;Thu Mar 14 22:17:47 2019;-23.5997563636149,-46.6158792116795;-23.5982853004579,-46.6158408373559;-23.5997627 -46.6158952;-23.5982894 -46.6158233;181;34;45
73;Thu Mar 14 22:18:47 2019;-23.5997563636149,-46.6158792116795;-23.5982853004579,-46.6158408373559;-23.5997627 -46.6158952;-23.5982894 -46.6158233;181;34;45
74;Thu Mar 14 22:19:48 2019;-23.5997563636149,-46.6158792116795;-23.5982853004579,-46.6158408373559;-23.5997627 -46.6158952;-23.5982894 -46.6158233;181;34;45
75;Thu Mar 14 22:20:47 2019;-23.5997563636149,-46.6158792116795;-23.5982853004579,-46.6158408373559;-23.5997627 -46.6158952;-23.5982894 -46.6158233;181;34;45
76;Thu Mar 14 22:21:47 2019;-23.5997563636149,-46.6158792116795;-23.5982853004579,-46.6158408373559;-23.5997627 -46.6158952;-23.5982894 -46.6158233;181;34;45
77;Thu Mar 14 22:22:47 2019;-23.5997563636149,-46.6158792116795;-23.5982853004579,-46.6158408373559;-23.5997627 -46.6158952;-23.5982894 -46.6158233;181;34;45
78;Thu Mar 14 22:23:47 2019;-23.5997563636149,-46.6158792116795;-23.5982853004579,-46.6158408373559;-23.5997627 -46.6158952;-23.5982894 -46.6158233;181;34;45
79;Thu Mar 14 22:24:47 2019;-23.5997563636149,-46.6158792116795;-23.5982853004579,-46.6158408373559;-23.5997627 -46.6158952;-23.5982894 -46.6158233;181;34;45
80;Thu Mar 14 22:25:48 2019;-23.5997563636149,-46.6158792116795;-23.5982853004579,-46.6158408373559;-23.5997627 -46.6158952;-23.5982894 -46.6158233;181;34;45
81;Thu Mar 14 22:26:48 2019;-23.5997563636149,-46.6158792116795;-23.5982853004579,-46.6158408373559;-23.5997627 -46.6158952;-23.5982894 -46.6158233;181;34;45
82;Thu Mar 14 22:27:48 2019;-23.5997563636149,-46.6158792116795;-23.5982853004579,-46.6158408373559;-23.5997627 -46.6158952;-23.5982894 -46.6158233;181;34;45
83;Thu Mar 14 22:28:47 2019;-23.5997563636149,-46.6158792116795;-23.5982853004579,-46.6158408373559;-23.5997627 -46.6158952;-23.5982894 -46.6158233;181;34;45
84;Thu Mar 14 22:29:47 2019;-23.5997563636149,-46.6158792116795;-23.5982853004579,-46.6158408373559;-23.5997627 -46.6158952;-23.5982894 -46.6158233;181;34;45
85;Thu Mar 14 22:30:47 2019;-23.5997563636149,-46.6158792116795;-23.5982853004579,-46.6158408373559;-23.5997627 -46.6158952;-23.5982894 -46.6158233;181;34;45
86;Thu Mar 14 22:31:47 2019;-23.5997563636149,-46.6158792116795;-23.5982853004579,-46.6158408373559;-23.5997627 -46.6158952;-23.5982894 -46.6158233;181;34;45
87;Thu Mar 14 22:32:48 2019;-23.5997563636149,-46.6158792116795;-23.5982853004579,-46.6158408373559;-23.5997627 -46.6158952;-23.5982894 -46.6158233;181;34;45
88;Thu Mar 14 22:33:47 2019;-23.5997563636149,-46.6158792116795;-23.5982853004579,-46.6158408373559;-23.5997627 -46.6158952;-23.5982894 -46.6158233;181;34;45
89;Thu Mar 14 22:34:47 2019;-23.5997563636149,-46.6158792116795;-23.5982853004579,-46.6158408373559;-23.5997627 -46.6158952;-23.5982894 -46.6158233;181;34;45
90;Thu Mar 14 22:35:47 2019;-23.5997563636149,-46.6158792116795;-23.5982853004579,-46.6158408373559;-23.5997627 -46.6158952;-23.5982894 -46.6158233;181;34;45
91;Thu Mar 14 22:36:47 2019;-23.5997563636149,-46.6158792116795;-23.5982853004579,-46.6158408373559;-23.5997627 -46.6158952;-23.5982894 -46.6158233;181;34;45
92;Thu Mar 14 22:37:47 2019;-23.5997563636149,-46.6158792116795;-23.5982853004579,-46.6158408373559;-23.5997627 -46.6158952;-23.5982894 -46.6158233;181;34;49
93;Thu Mar 14 22:38:48 2019;-23.5997563636149,-46.6158792116795;-23.5982853004579,-46.6158408373559;-23.5997627 -46.6158952;-23.5982894 -46.6158233;181;34;49
94;Thu Mar 14 22:39:47 2019;-23.5997563636149,-46.6158792116795;-23.5982853004579,-46.6158408373559;-23.5997627 -46.6158952;-23.5982894 -46.6158233;181;34;49
95;Thu Mar 14 22:40:47 2019;-23.5997563636149,-46.6158792116795;-23.5982853004579,-46.6158408373559;-23.5997627 -46.6158952;-23.5982894 -46.6158233;181;34;49
96;Thu Mar 14 22:41:47 2019;-23.5997563636149,-46.6158792116795;-23.5982853004579,-46.6158408373559;-23.5997627 -46.6158952;-23.5982894 -46.6158233;181;34;49
97;Thu Mar 14 22:42:48 2019;-23.5997563636149,-46.6158792116795;-23.5982853004579,-46.6158408373559;-23.5997627 -46.6158952;-23.5982894 -46.6158233;181;34;49
98;Thu Mar 14 22:43:47 2019;-23.5997563636149,-46.6158792116795;-23.5982853004579,-46.6158408373559;-23.5997627 -46.6158952;-23.5982894 -46.6158233;181;34;49
99;Thu Mar 14 22:44:48 2019;-23.5997563636149,-46.6158792116795;-23.5982853004579,-46.6158408373559;-23.5997627 -46.6158952;-23.5982894 -46.6158233;181;34;49
100;Thu Mar 14 22:45:47 2019;-23.5997563636149,-46.6158792116795;-23.5982853004579,-46.6158408373559;-23.5997627 -46.6158952;-23.5982894 -46.6158233;181;34;49
101;Thu Mar 14 22:46:48 2019;-23.5997563636149,-46.6158792116795;-23.5982853004579,-46.6158408373559;-23.5997627 -46.6158952;-23.5982894 -46.6158233;181;34;49
102;Thu Mar 14 22:47:47 2019;-23.5997563636149,-46.6158792116795;-23.5982853004579,-46.6158408373559;-23.5997627 -46.6158952;-23.5982894 -46.6158233;181;34;49
103;Thu Mar 14 22:48:47 2019;-23.5997563636149,-46.6158792116795;-23.5982853004579,-46.6158408373559;-23.5997627 -46.6158952;-23.5982894 -46.6158233;181;34;49
104;Thu Mar 14 22:49:47 2019;-23.5997563636149,-46.6158792116795;-23.5982853004579,-46.6158408373559;-23.5997627 -46.6158952;-23.5982894 -46.6158233;181;34;49
105;Thu Mar 14 22:50:47 2019;-23.5997563636149,-46.6158792116795;-23.5982853004579,-46.6158408373559;-23.5997627 -46.6158952;-23.5982894 -46.6158233;181;34;49
106;Thu Mar 14 22:51:47 2019;-23.5997563636149,-46.6158792116795;-23.5982853004579,-46.6158408373559;-23.5997627 -46.6158952;-23.5982894 -46.6158233;181;34;48
107;Thu Mar 14 22:52:47 2019;-23.5997563636149,-46.6158792116795;-23.5982853004579,-46.6158408373559;-23.5997627 -46.6158952;-23.5982894 -46.6158233;181;34;44
108;Thu Mar 14 22:53:48 2019;-23.5997563636149,-46.6158792116795;-23.5982853004579,-46.6158408373559;-23.5997627 -46.6158952;-23.5982894 -46.6158233;181;34;44
109;Thu Mar 14 22:54:47 2019;-23.5997563636149,-46.6158792116795;-23.5982853004579,-46.6158408373559;-23.5997627 -46.6158952;-23.5982894 -46.6158233;181;34;44
110;Thu Mar 14 22:55:48 2019;-23.5997563636149,-46.6158792116795;-23.5982853004579,-46.6158408373559;-23.5997627 -46.6158952;-23.5982894 -46.6158233;181;34;44
111;Thu Mar 14 22:56:48 2019;-23.5997563636149,-46.6158792116795;-23.5982853004579,-46.6158408373559;-23.5997627 -46.6158952;-23.5982894 -46.6158233;181;34;44
112;Thu Mar 14 22:57:47 2019;-23.5997563636149,-46.6158792116795;-23.5982853004579,-46.6158408373559;-23.5997627 -46.6158952;-23.5982894 -46.6158233;181;34;44
113;Thu Mar 14 22:58:47 2019;-23.5997563636149,-46.6158792116795;-23.5982853004579,-46.6158408373559;-23.5997627 -46.6158952;-23.5982894 -46.6158233;181;34;44
114;Thu Mar 14 22:59:47 2019;-23.5997563636149,-46.6158792116795;-23.5982853004579,-46.6158408373559;-23.5997627 -46.6158952;-23.5982894 -46.6158233;181;34;44
115;Thu Mar 14 23:00:47 2019;-23.5997563636149,-46.6158792116795;-23.5982853004579,-46.6158408373559;-23.5997627 -46.6158952;-23.5982894 -46.6158233;181;34;44
116;Thu Mar 14 23:01:47 2019;-23.5997563636149,-46.6158792116795;-23.5982853004579,-46.6158408373559;-23.5997627 -46.6158952;-23.5982894 -46.6158233;181;34;44
117;Thu Mar 14 23:02:47 2019;-23.5997563636149,-46.6158792116795;-23.5982853004579,-46.6158408373559;-23.5997627 -46.6158952;-23.5982894 -46.6158233;181;34;44
118;Thu Mar 14 23:03:48 2019;-23.5997563636149,-46.6158792116795;-23.5982853004579,-46.6158408373559;-23.5997627 -46.6158952;-23.5982894 -46.6158233;181;34;44
119;Thu Mar 14 23:04:47 2019;-23.5997563636149,-46.6158792116795;-23.5982853004579,-46.6158408373559;-23.5997627 -46.6158952;-23.5982894 -46.6158233;181;34;44
120;Thu Mar 14 23:05:47 2019;-23.5997563636149,-46.6158792116795;-23.5982853004579,-46.6158408373559;-23.5997627 -46.6158952;-23.5982894 -46.6158233;181;34;44
121;Thu Mar 14 23:06:48 2019;-23.5997563636149,-46.6158792116795;-23.5982853004579,-46.6158408373559;-23.5997627 -46.6158952;-23.5982894 -46.6158233;181;34;44
122;Thu Mar 14 23:07:47 2019;-23.5997563636149,-46.6158792116795;-23.5982853004579,-46.6158408373559;-23.5997627 -46.6158952;-23.5982894 -46.6158233;181;34;43
123;Thu Mar 14 23:08:47 2019;-23.5997563636149,-46.6158792116795;-23.5982853004579,-46.6158408373559;-23.5997627 -46.6158952;-23.5982894 -46.6158233;181;34;43
124;Thu Mar 14 23:09:47 2019;-23.5997563636149,-46.6158792116795;-23.5982853004579,-46.6158408373559;-23.5997627 -46.6158952;-23.5982894 -46.6158233;181;34;43
125;Thu Mar 14 23:10:47 2019;-23.5997563636149,-46.6158792116795;-23.5982853004579,-46.6158408373559;-23.5997627 -46.6158952;-23.5982894 -46.6158233;181;34;43
126;Thu Mar 14 23:11:48 2019;-23.5997563636149,-46.6158792116795;-23.5982853004579,-46.6158408373559;-23.5997627 -46.6158952;-23.5982894 -46.6158233;181;34;43
127;Thu Mar 14 23:12:47 2019;-23.5997563636149,-46.6158792116795;-23.5982853004579,-46.6158408373559;-23.5997627 -46.6158952;-23.5982894 -46.6158233;181;34;43
128;Thu Mar 14 23:13:47 2019;-23.5997563636149,-46.6158792116795;-23.5982853004579,-46.6158408373559;-23.5997627 -46.6158952;-23.5982894 -46.6158233;181;34;43
129;Thu Mar 14 23:14:47 2019;-23.5997563636149,-46.6158792116795;-23.5982853004579,-46.6158408373559;-23.5997627 -46.6158952;-23.5982894 -46.6158233;181;34;43
130;Thu Mar 14 23:15:47 2019;-23.5997563636149,-46.6158792116795;-23.5982853004579,-46.6158408373559;-23.5997627 -46.6158952;-23.5982894 -46.6158233;181;34;43
131;Thu Mar 14 23:16:47 2019;-23.5997563636149,-46.6158792116795;-23.5982853004579,-46.6158408373559;-23.5997627 -46.6158952;-23.5982894 -46.6158233;181;34;43
132;Thu Mar 14 23:17:47 2019;-23.5997563636149,-46.6158792116795;-23.5982853004579,-46.6158408373559;-23.5997627 -46.6158952;-23.5982894 -46.6158233;181;34;43
133;Thu Mar 14 23:18:47 2019;-23.5997563636149,-46.6158792116795;-23.5982853004579,-46.6158408373559;-23.5997627 -46.6158952;-23.5982894 -46.6158233;181;34;43
134;Thu Mar 14 23:19:47 2019;-23.5997563636149,-46.6158792116795;-23.5982853004579,-46.6158408373559;-23.5997627 -46.6158952;-23.5982894 -46.6158233;181;34;43
135;Thu Mar 14 23:20:47 2019;-23.5997563636149,-46.6158792116795;-23.5982853004579,-46.6158408373559;-23.5997627 -46.6158952;-23.5982894 -46.6158233;181;34;43
136;Thu Mar 14 23:21:47 2019;-23.5997563636149,-46.6158792116795;-23.5982853004579,-46.6158408373559;-23.5997627 -46.6158952;-23.5982894 -46.6158233;181;34;43
137;Thu Mar 14 23:22:48 2019;-23.5997563636149,-46.6158792116795;-23.5982853004579,-46.6158408373559;-23.5997627 -46.6158952;-23.5982894 -46.6158233;181;34;47
138;Thu Mar 14 23:23:47 2019;-23.5997563636149,-46.6158792116795;-23.5982853004579,-46.6158408373559;-23.5997627 -46.6158952;-23.5982894 -46.6158233;181;34;47
139;Thu Mar 14 23:24:47 2019;-23.5997563636149,-46.6158792116795;-23.5982853004579,-46.6158408373559;-23.5997627 -46.6158952;-23.5982894 -46.6158233;181;34;47
140;Thu Mar 14 23:25:47 2019;-23.5997563636149,-46.6158792116795;-23.5982853004579,-46.6158408373559;-23.5997627 -46.6158952;-23.5982894 -46.6158233;181;34;47
141;Thu Mar 14 23:26:49 2019;-23.5997563636149,-46.6158792116795;-23.5982853004579,-46.6158408373559;-23.5997627 -46.6158952;-23.5982894 -46.6158233;181;34;47
142;Thu Mar 14 23:27:47 2019;-23.5997563636149,-46.6158792116795;-23.5982853004579,-46.6158408373559;-23.5997627 -46.6158952;-23.5982894 -46.6158233;181;34;47
143;Thu Mar 14 23:28:47 2019;-23.5997563636149,-46.6158792116795;-23.5982853004579,-46.6158408373559;-23.5997627 -46.6158952;-23.5982894 -46.6158233;181;34;47
144;Thu Mar 14 23:29:47 2019;-23.5997563636149,-46.6158792116795;-23.5982853004579,-46.6158408373559;-23.5997627 -46.6158952;-23.5982894 -46.6158233;181;34;47
145;Thu Mar 14 23:30:47 2019;-23.5997563636149,-46.6158792116795;-23.5982853004579,-46.6158408373559;-23.5997627 -46.6158952;-23.5982894 -46.6158233;181;34;47
146;Thu Mar 14 23:31:47 2019;-23.5997563636149,-46.6158792116795;-23.5982853004579,-46.6158408373559;-23.5997627 -46.6158952;-23.5982894 -46.6158233;181;34;47
147;Thu Mar 14 23:32:48 2019;-23.5997563636149,-46.6158792116795;-23.5982853004579,-46.6158408373559;-23.5997627 -46.6158952;-23.5982894 -46.6158233;181;34;47
148;Thu Mar 14 23:33:47 2019;-23.5997563636149,-46.6158792116795;-23.5982853004579,-46.6158408373559;-23.5997627 -46.6158952;-23.5982894 -46.6158233;181;34;47
149;Thu Mar 14 23:34:47 2019;-23.5997563636149,-46.6158792116795;-23.5982853004579,-46.6158408373559;-23.5997627 -46.6158952;-23.5982894 -46.6158233;181;34;47
150;Thu Mar 14 23:35:47 2019;-23.5997563636149,-46.6158792116795;-23.5982853004579,-46.6158408373559;-23.5997627 -46.6158952;-23.5982894 -46.6158233;181;34;47
151;Thu Mar 14 23:36:48 2019;-23.5997563636149,-46.6158792116795;-23.5982853004579,-46.6158408373559;-23.5997627 -46.6158952;-23.5982894 -46.6158233;181;34;48
152;Thu Mar 14 23:37:48 2019;-23.5997563636149,-46.6158792116795;-23.5982853004579,-46.6158408373559;-23.5997627 -46.6158952;-23.5982894 -46.6158233;181;34;42
153;Thu Mar 14 23:38:47 2019;-23.5997563636149,-46.6158792116795;-23.5982853004579,-46.6158408373559;-23.5997627 -46.6158952;-23.5982894 -46.6158233;181;34;42
154;Thu Mar 14 23:39:47 2019;-23.5997563636149,-46.6158792116795;-23.5982853004579,-46.6158408373559;-23.5997627 -46.6158952;-23.5982894 -46.6158233;181;34;42
155;Thu Mar 14 23:40:47 2019;-23.5997563636149,-46.6158792116795;-23.5982853004579,-46.6158408373559;-23.5997627 -46.6158952;-23.5982894 -46.6158233;181;34;42
156;Thu Mar 14 23:41:47 2019;-23.5997563636149,-46.6158792116795;-23.5982853004579,-46.6158408373559;-23.5997627 -46.6158952;-23.5982894 -46.6158233;181;34;42
157;Thu Mar 14 23:42:48 2019;-23.5997563636149,-46.6158792116795;-23.5982853004579,-46.6158408373559;-23.5997627 -46.6158952;-23.5982894 -46.6158233;181;34;42
158;Thu Mar 14 23:43:47 2019;-23.5997563636149,-46.6158792116795;-23.5982853004579,-46.6158408373559;-23.5997627 -46.6158952;-23.5982894 -46.6158233;181;34;42
159;Thu Mar 14 23:44:47 2019;-23.5997563636149,-46.6158792116795;-23.5982853004579,-46.6158408373559;-23.5997627 -46.6158952;-23.5982894 -46.6158233;181;34;42
160;Thu Mar 14 23:45:47 2019;-23.5997563636149,-46.6158792116795;-23.5982853004579,-46.6158408373559;-23.5997627 -46.6158952;-23.5982894 -46.6158233;181;34;42
161;Thu Mar 14 23:46:48 2019;-23.5997563636149,-46.6158792116795;-23.5982853004579,-46.6158408373559;-23.5997627 -46.6158952;-23.5982894 -46.6158233;181;34;42
162;Thu Mar 14 23:47:48 2019;-23.5997563636149,-46.6158792116795;-23.5982853004579,-46.6158408373559;-23.5997627 -46.6158952;-23.5982894 -46.6158233;181;34;42
163;Thu Mar 14 23:48:47 2019;-23.5997563636149,-46.6158792116795;-23.5982853004579,-46.6158408373559;-23.5997627 -46.6158952;-23.5982894 -46.6158233;181;34;42
164;Thu Mar 14 23:49:47 2019;-23.5997563636149,-46.6158792116795;-23.5982853004579,-46.6158408373559;-23.5997627 -46.6158952;-23.5982894 -46.6158233;181;34;42
165;Thu Mar 14 23:50:47 2019;-23.5997563636149,-46.6158792116795;-23.5982853004579,-46.6158408373559;-23.5997627 -46.6158952;-23.5982894 -46.6158233;181;34;42
166;Thu Mar 14 23:51:48 2019;-23.5997563636149,-46.6158792116795;-23.5982853004579,-46.6158408373559;-23.5997627 -46.6158952;-23.5982894 -46.6158233;181;34;42
167;Thu Mar 14 23:52:48 2019;-23.5997563636149,-46.6158792116795;-23.5982853004579,-46.6158408373559;-23.5997627 -46.6158952;-23.5982894 -46.6158233;181;34;42
168;Thu Mar 14 23:53:47 2019;-23.5997563636149,-46.6158792116795;-23.5982853004579,-46.6158408373559;-23.5997627 -46.6158952;-23.5982894 -46.6158233;181;34;42
169;Thu Mar 14 23:54:47 2019;-23.5997563636149,-46.6158792116795;-23.5982853004579,-46.6158408373559;-23.5997627 -46.6158952;-23.5982894 -46.6158233;181;34;42
170;Thu Mar 14 23:55:47 2019;-23.5997563636149,-46.6158792116795;-23.5982853004579,-46.6158408373559;-23.5997627 -46.6158952;-23.5982894 -46.6158233;181;34;42
171;Thu Mar 14 23:56:47 2019;-23.5997563636149,-46.6158792116795;-23.5982853004579,-46.6158408373559;-23.5997627 -46.6158952;-23.5982894 -46.6158233;181;34;42
172;Thu Mar 14 23:57:47 2019;-23.5997563636149,-46.6158792116795;-23.5982853004579,-46.6158408373559;-23.5997627 -46.6158952;-23.5982894 -46.6158233;181;34;42
173;Thu Mar 14 23:58:47 2019;-23.5997563636149,-46.6158792116795;-23.5982853004579,-46.6158408373559;-23.5997627 -46.6158952;-23.5982894 -46.6158233;181;34;42
174;Thu Mar 14 23:59:47 2019;-23.5997563636149,-46.6158792116795;-23.5982853004579,-46.6158408373559;-23.5997627 -46.6158952;-23.5982894 -46.6158233;181;34;42
