38972;Thu Mar 14 00:00:35 2019;-23.592821821463,-46.6213078936006;-23.5951072360281,-46.6237893177635;-23.5927983 -46.6213146;-23.5950931 -46.6238061;366;64;70
39213;Thu Mar 14 04:01:35 2019;-23.592821821463,-46.6213078936006;-23.5951072360281,-46.6237893177635;-23.5927983 -46.6213146;-23.5950931 -46.6238061;366;64;46
39214;Thu Mar 14 04:02:34 2019;-23.592821821463,-46.6213078936006;-23.5951072360281,-46.6237893177635;-23.5927983 -46.6213146;-23.5950931 -46.6238061;366;64;46
39215;Thu Mar 14 04:03:35 2019;-23.592821821463,-46.6213078936006;-23.5951072360281,-46.6237893177635;-23.5927983 -46.6213146;-23.5950931 -46.6238061;366;64;46
39216;Thu Mar 14 04:04:35 2019;-23.592821821463,-46.6213078936006;-23.5951072360281,-46.6237893177635;-23.5927983 -46.6213146;-23.5950931 -46.6238061;366;64;46
39217;Thu Mar 14 04:05:35 2019;-23.592821821463,-46.6213078936006;-23.5951072360281,-46.6237893177635;-23.5927983 -46.6213146;-23.5950931 -46.6238061;366;64;46
39218;Thu Mar 14 04:06:35 2019;-23.592821821463,-46.6213078936006;-23.5951072360281,-46.6237893177635;-23.5927983 -46.6213146;-23.5950931 -46.6238061;366;64;46
39219;Thu Mar 14 04:07:35 2019;-23.592821821463,-46.6213078936006;-23.5951072360281,-46.6237893177635;-23.5927983 -46.6213146;-23.5950931 -46.6238061;366;64;44
39220;Thu Mar 14 04:08:35 2019;-23.592821821463,-46.6213078936006;-23.5951072360281,-46.6237893177635;-23.5927983 -46.6213146;-23.5950931 -46.6238061;366;64;44
39221;Thu Mar 14 04:09:34 2019;-23.592821821463,-46.6213078936006;-23.5951072360281,-46.6237893177635;-23.5927983 -46.6213146;-23.5950931 -46.6238061;366;64;44
1;Thu Mar 14 21:06:56 2019;-23.592821821463,-46.6213078936006;-23.5951072360281,-46.6237893177635;-23.5927983 -46.6213146;-23.5950931 -46.6238061;366;64;101
2;Thu Mar 14 21:07:49 2019;-23.592821821463,-46.6213078936006;-23.5951072360281,-46.6237893177635;-23.5927983 -46.6213146;-23.5950931 -46.6238061;366;64;100
3;Thu Mar 14 21:08:52 2019;-23.592821821463,-46.6213078936006;-23.5951072360281,-46.6237893177635;-23.5927983 -46.6213146;-23.5950931 -46.6238061;366;64;100
4;Thu Mar 14 21:09:48 2019;-23.592821821463,-46.6213078936006;-23.5951072360281,-46.6237893177635;-23.5927983 -46.6213146;-23.5950931 -46.6238061;366;64;100
5;Thu Mar 14 21:10:48 2019;-23.592821821463,-46.6213078936006;-23.5951072360281,-46.6237893177635;-23.5927983 -46.6213146;-23.5950931 -46.6238061;366;64;100
6;Thu Mar 14 21:11:48 2019;-23.592821821463,-46.6213078936006;-23.5951072360281,-46.6237893177635;-23.5927983 -46.6213146;-23.5950931 -46.6238061;366;64;100
7;Thu Mar 14 21:12:47 2019;-23.592821821463,-46.6213078936006;-23.5951072360281,-46.6237893177635;-23.5927983 -46.6213146;-23.5950931 -46.6238061;366;64;100
8;Thu Mar 14 21:13:48 2019;-23.592821821463,-46.6213078936006;-23.5951072360281,-46.6237893177635;-23.5927983 -46.6213146;-23.5950931 -46.6238061;366;64;100
9;Thu Mar 14 21:14:48 2019;-23.592821821463,-46.6213078936006;-23.5951072360281,-46.6237893177635;-23.5927983 -46.6213146;-23.5950931 -46.6238061;366;64;100
10;Thu Mar 14 21:15:49 2019;-23.592821821463,-46.6213078936006;-23.5951072360281,-46.6237893177635;-23.5927983 -46.6213146;-23.5950931 -46.6238061;366;64;100
11;Thu Mar 14 21:16:49 2019;-23.592821821463,-46.6213078936006;-23.5951072360281,-46.6237893177635;-23.5927983 -46.6213146;-23.5950931 -46.6238061;366;64;100
12;Thu Mar 14 21:17:48 2019;-23.592821821463,-46.6213078936006;-23.5951072360281,-46.6237893177635;-23.5927983 -46.6213146;-23.5950931 -46.6238061;366;64;100
13;Thu Mar 14 21:18:48 2019;-23.592821821463,-46.6213078936006;-23.5951072360281,-46.6237893177635;-23.5927983 -46.6213146;-23.5950931 -46.6238061;366;64;100
14;Thu Mar 14 21:19:49 2019;-23.592821821463,-46.6213078936006;-23.5951072360281,-46.6237893177635;-23.5927983 -46.6213146;-23.5950931 -46.6238061;366;64;100
15;Thu Mar 14 21:20:48 2019;-23.592821821463,-46.6213078936006;-23.5951072360281,-46.6237893177635;-23.5927983 -46.6213146;-23.5950931 -46.6238061;366;64;100
16;Thu Mar 14 21:21:50 2019;-23.592821821463,-46.6213078936006;-23.5951072360281,-46.6237893177635;-23.5927983 -46.6213146;-23.5950931 -46.6238061;366;64;105
17;Thu Mar 14 21:22:48 2019;-23.592821821463,-46.6213078936006;-23.5951072360281,-46.6237893177635;-23.5927983 -46.6213146;-23.5950931 -46.6238061;366;64;104
18;Thu Mar 14 21:23:48 2019;-23.592821821463,-46.6213078936006;-23.5951072360281,-46.6237893177635;-23.5927983 -46.6213146;-23.5950931 -46.6238061;366;64;104
19;Thu Mar 14 21:24:48 2019;-23.592821821463,-46.6213078936006;-23.5951072360281,-46.6237893177635;-23.5927983 -46.6213146;-23.5950931 -46.6238061;366;64;104
20;Thu Mar 14 21:25:48 2019;-23.592821821463,-46.6213078936006;-23.5951072360281,-46.6237893177635;-23.5927983 -46.6213146;-23.5950931 -46.6238061;366;64;104
21;Thu Mar 14 21:26:49 2019;-23.592821821463,-46.6213078936006;-23.5951072360281,-46.6237893177635;-23.5927983 -46.6213146;-23.5950931 -46.6238061;366;64;104
22;Thu Mar 14 21:27:48 2019;-23.592821821463,-46.6213078936006;-23.5951072360281,-46.6237893177635;-23.5927983 -46.6213146;-23.5950931 -46.6238061;366;64;104
23;Thu Mar 14 21:28:48 2019;-23.592821821463,-46.6213078936006;-23.5951072360281,-46.6237893177635;-23.5927983 -46.6213146;-23.5950931 -46.6238061;366;64;104
24;Thu Mar 14 21:29:48 2019;-23.592821821463,-46.6213078936006;-23.5951072360281,-46.6237893177635;-23.5927983 -46.6213146;-23.5950931 -46.6238061;366;64;104
25;Thu Mar 14 21:30:48 2019;-23.592821821463,-46.6213078936006;-23.5951072360281,-46.6237893177635;-23.5927983 -46.6213146;-23.5950931 -46.6238061;366;64;104
26;Thu Mar 14 21:31:48 2019;-23.592821821463,-46.6213078936006;-23.5951072360281,-46.6237893177635;-23.5927983 -46.6213146;-23.5950931 -46.6238061;366;64;104
27;Thu Mar 14 21:32:47 2019;-23.592821821463,-46.6213078936006;-23.5951072360281,-46.6237893177635;-23.5927983 -46.6213146;-23.5950931 -46.6238061;366;64;104
28;Thu Mar 14 21:33:48 2019;-23.592821821463,-46.6213078936006;-23.5951072360281,-46.6237893177635;-23.5927983 -46.6213146;-23.5950931 -46.6238061;366;64;104
29;Thu Mar 14 21:34:48 2019;-23.592821821463,-46.6213078936006;-23.5951072360281,-46.6237893177635;-23.5927983 -46.6213146;-23.5950931 -46.6238061;366;64;104
30;Thu Mar 14 21:35:48 2019;-23.592821821463,-46.6213078936006;-23.5951072360281,-46.6237893177635;-23.5927983 -46.6213146;-23.5950931 -46.6238061;366;64;104
31;Thu Mar 14 21:36:48 2019;-23.592821821463,-46.6213078936006;-23.5951072360281,-46.6237893177635;-23.5927983 -46.6213146;-23.5950931 -46.6238061;366;64;101
32;Thu Mar 14 21:37:48 2019;-23.592821821463,-46.6213078936006;-23.5951072360281,-46.6237893177635;-23.5927983 -46.6213146;-23.5950931 -46.6238061;366;64;97
33;Thu Mar 14 21:38:48 2019;-23.592821821463,-46.6213078936006;-23.5951072360281,-46.6237893177635;-23.5927983 -46.6213146;-23.5950931 -46.6238061;366;64;97
34;Thu Mar 14 21:39:48 2019;-23.592821821463,-46.6213078936006;-23.5951072360281,-46.6237893177635;-23.5927983 -46.6213146;-23.5950931 -46.6238061;366;64;97
35;Thu Mar 14 21:40:48 2019;-23.592821821463,-46.6213078936006;-23.5951072360281,-46.6237893177635;-23.5927983 -46.6213146;-23.5950931 -46.6238061;366;64;97
36;Thu Mar 14 21:41:48 2019;-23.592821821463,-46.6213078936006;-23.5951072360281,-46.6237893177635;-23.5927983 -46.6213146;-23.5950931 -46.6238061;366;64;97
37;Thu Mar 14 21:42:48 2019;-23.592821821463,-46.6213078936006;-23.5951072360281,-46.6237893177635;-23.5927983 -46.6213146;-23.5950931 -46.6238061;366;64;97
38;Thu Mar 14 21:43:48 2019;-23.592821821463,-46.6213078936006;-23.5951072360281,-46.6237893177635;-23.5927983 -46.6213146;-23.5950931 -46.6238061;366;64;97
39;Thu Mar 14 21:44:48 2019;-23.592821821463,-46.6213078936006;-23.5951072360281,-46.6237893177635;-23.5927983 -46.6213146;-23.5950931 -46.6238061;366;64;97
40;Thu Mar 14 21:45:48 2019;-23.592821821463,-46.6213078936006;-23.5951072360281,-46.6237893177635;-23.5927983 -46.6213146;-23.5950931 -46.6238061;366;64;97
41;Thu Mar 14 21:46:48 2019;-23.592821821463,-46.6213078936006;-23.5951072360281,-46.6237893177635;-23.5927983 -46.6213146;-23.5950931 -46.6238061;366;64;97
42;Thu Mar 14 21:47:48 2019;-23.592821821463,-46.6213078936006;-23.5951072360281,-46.6237893177635;-23.5927983 -46.6213146;-23.5950931 -46.6238061;366;64;97
43;Thu Mar 14 21:48:48 2019;-23.592821821463,-46.6213078936006;-23.5951072360281,-46.6237893177635;-23.5927983 -46.6213146;-23.5950931 -46.6238061;366;64;97
44;Thu Mar 14 21:49:48 2019;-23.592821821463,-46.6213078936006;-23.5951072360281,-46.6237893177635;-23.5927983 -46.6213146;-23.5950931 -46.6238061;366;64;97
45;Thu Mar 14 21:50:48 2019;-23.592821821463,-46.6213078936006;-23.5951072360281,-46.6237893177635;-23.5927983 -46.6213146;-23.5950931 -46.6238061;366;64;97
46;Thu Mar 14 21:51:48 2019;-23.592821821463,-46.6213078936006;-23.5951072360281,-46.6237893177635;-23.5927983 -46.6213146;-23.5950931 -46.6238061;366;64;93
47;Thu Mar 14 21:52:48 2019;-23.592821821463,-46.6213078936006;-23.5951072360281,-46.6237893177635;-23.5927983 -46.6213146;-23.5950931 -46.6238061;366;64;88
48;Thu Mar 14 21:53:48 2019;-23.592821821463,-46.6213078936006;-23.5951072360281,-46.6237893177635;-23.5927983 -46.6213146;-23.5950931 -46.6238061;366;64;88
49;Thu Mar 14 21:54:49 2019;-23.592821821463,-46.6213078936006;-23.5951072360281,-46.6237893177635;-23.5927983 -46.6213146;-23.5950931 -46.6238061;366;64;88
50;Thu Mar 14 21:55:48 2019;-23.592821821463,-46.6213078936006;-23.5951072360281,-46.6237893177635;-23.5927983 -46.6213146;-23.5950931 -46.6238061;366;64;88
51;Thu Mar 14 21:56:49 2019;-23.592821821463,-46.6213078936006;-23.5951072360281,-46.6237893177635;-23.5927983 -46.6213146;-23.5950931 -46.6238061;366;64;88
52;Thu Mar 14 21:57:47 2019;-23.592821821463,-46.6213078936006;-23.5951072360281,-46.6237893177635;-23.5927983 -46.6213146;-23.5950931 -46.6238061;366;64;88
53;Thu Mar 14 21:58:48 2019;-23.592821821463,-46.6213078936006;-23.5951072360281,-46.6237893177635;-23.5927983 -46.6213146;-23.5950931 -46.6238061;366;64;88
54;Thu Mar 14 21:59:48 2019;-23.592821821463,-46.6213078936006;-23.5951072360281,-46.6237893177635;-23.5927983 -46.6213146;-23.5950931 -46.6238061;366;64;88
55;Thu Mar 14 22:00:48 2019;-23.592821821463,-46.6213078936006;-23.5951072360281,-46.6237893177635;-23.5927983 -46.6213146;-23.5950931 -46.6238061;366;64;88
56;Thu Mar 14 22:01:48 2019;-23.592821821463,-46.6213078936006;-23.5951072360281,-46.6237893177635;-23.5927983 -46.6213146;-23.5950931 -46.6238061;366;64;88
57;Thu Mar 14 22:02:47 2019;-23.592821821463,-46.6213078936006;-23.5951072360281,-46.6237893177635;-23.5927983 -46.6213146;-23.5950931 -46.6238061;366;64;88
58;Thu Mar 14 22:03:48 2019;-23.592821821463,-46.6213078936006;-23.5951072360281,-46.6237893177635;-23.5927983 -46.6213146;-23.5950931 -46.6238061;366;64;88
59;Thu Mar 14 22:04:48 2019;-23.592821821463,-46.6213078936006;-23.5951072360281,-46.6237893177635;-23.5927983 -46.6213146;-23.5950931 -46.6238061;366;64;88
60;Thu Mar 14 22:05:48 2019;-23.592821821463,-46.6213078936006;-23.5951072360281,-46.6237893177635;-23.5927983 -46.6213146;-23.5950931 -46.6238061;366;64;88
61;Thu Mar 14 22:06:49 2019;-23.592821821463,-46.6213078936006;-23.5951072360281,-46.6237893177635;-23.5927983 -46.6213146;-23.5950931 -46.6238061;366;64;88
62;Thu Mar 14 22:07:48 2019;-23.592821821463,-46.6213078936006;-23.5951072360281,-46.6237893177635;-23.5927983 -46.6213146;-23.5950931 -46.6238061;366;64;93
63;Thu Mar 14 22:08:49 2019;-23.592821821463,-46.6213078936006;-23.5951072360281,-46.6237893177635;-23.5927983 -46.6213146;-23.5950931 -46.6238061;366;64;93
64;Thu Mar 14 22:09:48 2019;-23.592821821463,-46.6213078936006;-23.5951072360281,-46.6237893177635;-23.5927983 -46.6213146;-23.5950931 -46.6238061;366;64;93
65;Thu Mar 14 22:10:48 2019;-23.592821821463,-46.6213078936006;-23.5951072360281,-46.6237893177635;-23.5927983 -46.6213146;-23.5950931 -46.6238061;366;64;93
66;Thu Mar 14 22:11:48 2019;-23.592821821463,-46.6213078936006;-23.5951072360281,-46.6237893177635;-23.5927983 -46.6213146;-23.5950931 -46.6238061;366;64;93
67;Thu Mar 14 22:12:48 2019;-23.592821821463,-46.6213078936006;-23.5951072360281,-46.6237893177635;-23.5927983 -46.6213146;-23.5950931 -46.6238061;366;64;93
68;Thu Mar 14 22:13:48 2019;-23.592821821463,-46.6213078936006;-23.5951072360281,-46.6237893177635;-23.5927983 -46.6213146;-23.5950931 -46.6238061;366;64;93
69;Thu Mar 14 22:14:48 2019;-23.592821821463,-46.6213078936006;-23.5951072360281,-46.6237893177635;-23.5927983 -46.6213146;-23.5950931 -46.6238061;366;64;93
70;Thu Mar 14 22:15:48 2019;-23.592821821463,-46.6213078936006;-23.5951072360281,-46.6237893177635;-23.5927983 -46.6213146;-23.5950931 -46.6238061;366;64;93
71;Thu Mar 14 22:16:48 2019;-23.592821821463,-46.6213078936006;-23.5951072360281,-46.6237893177635;-23.5927983 -46.6213146;-23.5950931 -46.6238061;366;64;93
72;Thu Mar 14 22:17:48 2019;-23.592821821463,-46.6213078936006;-23.5951072360281,-46.6237893177635;-23.5927983 -46.6213146;-23.5950931 -46.6238061;366;64;93
73;Thu Mar 14 22:18:48 2019;-23.592821821463,-46.6213078936006;-23.5951072360281,-46.6237893177635;-23.5927983 -46.6213146;-23.5950931 -46.6238061;366;64;93
74;Thu Mar 14 22:19:48 2019;-23.592821821463,-46.6213078936006;-23.5951072360281,-46.6237893177635;-23.5927983 -46.6213146;-23.5950931 -46.6238061;366;64;93
75;Thu Mar 14 22:20:48 2019;-23.592821821463,-46.6213078936006;-23.5951072360281,-46.6237893177635;-23.5927983 -46.6213146;-23.5950931 -46.6238061;366;64;93
76;Thu Mar 14 22:21:48 2019;-23.592821821463,-46.6213078936006;-23.5951072360281,-46.6237893177635;-23.5927983 -46.6213146;-23.5950931 -46.6238061;366;64;95
77;Thu Mar 14 22:22:48 2019;-23.592821821463,-46.6213078936006;-23.5951072360281,-46.6237893177635;-23.5927983 -46.6213146;-23.5950931 -46.6238061;366;64;91
78;Thu Mar 14 22:23:48 2019;-23.592821821463,-46.6213078936006;-23.5951072360281,-46.6237893177635;-23.5927983 -46.6213146;-23.5950931 -46.6238061;366;64;91
79;Thu Mar 14 22:24:48 2019;-23.592821821463,-46.6213078936006;-23.5951072360281,-46.6237893177635;-23.5927983 -46.6213146;-23.5950931 -46.6238061;366;64;91
80;Thu Mar 14 22:25:48 2019;-23.592821821463,-46.6213078936006;-23.5951072360281,-46.6237893177635;-23.5927983 -46.6213146;-23.5950931 -46.6238061;366;64;91
81;Thu Mar 14 22:26:48 2019;-23.592821821463,-46.6213078936006;-23.5951072360281,-46.6237893177635;-23.5927983 -46.6213146;-23.5950931 -46.6238061;366;64;91
82;Thu Mar 14 22:27:48 2019;-23.592821821463,-46.6213078936006;-23.5951072360281,-46.6237893177635;-23.5927983 -46.6213146;-23.5950931 -46.6238061;366;64;91
83;Thu Mar 14 22:28:48 2019;-23.592821821463,-46.6213078936006;-23.5951072360281,-46.6237893177635;-23.5927983 -46.6213146;-23.5950931 -46.6238061;366;64;91
84;Thu Mar 14 22:29:48 2019;-23.592821821463,-46.6213078936006;-23.5951072360281,-46.6237893177635;-23.5927983 -46.6213146;-23.5950931 -46.6238061;366;64;91
85;Thu Mar 14 22:30:48 2019;-23.592821821463,-46.6213078936006;-23.5951072360281,-46.6237893177635;-23.5927983 -46.6213146;-23.5950931 -46.6238061;366;64;91
86;Thu Mar 14 22:31:47 2019;-23.592821821463,-46.6213078936006;-23.5951072360281,-46.6237893177635;-23.5927983 -46.6213146;-23.5950931 -46.6238061;366;64;91
87;Thu Mar 14 22:32:48 2019;-23.592821821463,-46.6213078936006;-23.5951072360281,-46.6237893177635;-23.5927983 -46.6213146;-23.5950931 -46.6238061;366;64;91
88;Thu Mar 14 22:33:48 2019;-23.592821821463,-46.6213078936006;-23.5951072360281,-46.6237893177635;-23.5927983 -46.6213146;-23.5950931 -46.6238061;366;64;91
89;Thu Mar 14 22:34:48 2019;-23.592821821463,-46.6213078936006;-23.5951072360281,-46.6237893177635;-23.5927983 -46.6213146;-23.5950931 -46.6238061;366;64;91
90;Thu Mar 14 22:35:48 2019;-23.592821821463,-46.6213078936006;-23.5951072360281,-46.6237893177635;-23.5927983 -46.6213146;-23.5950931 -46.6238061;366;64;91
91;Thu Mar 14 22:36:48 2019;-23.592821821463,-46.6213078936006;-23.5951072360281,-46.6237893177635;-23.5927983 -46.6213146;-23.5950931 -46.6238061;366;64;89
92;Thu Mar 14 22:37:48 2019;-23.592821821463,-46.6213078936006;-23.5951072360281,-46.6237893177635;-23.5927983 -46.6213146;-23.5950931 -46.6238061;366;64;91
93;Thu Mar 14 22:38:49 2019;-23.592821821463,-46.6213078936006;-23.5951072360281,-46.6237893177635;-23.5927983 -46.6213146;-23.5950931 -46.6238061;366;64;91
94;Thu Mar 14 22:39:48 2019;-23.592821821463,-46.6213078936006;-23.5951072360281,-46.6237893177635;-23.5927983 -46.6213146;-23.5950931 -46.6238061;366;64;91
95;Thu Mar 14 22:40:48 2019;-23.592821821463,-46.6213078936006;-23.5951072360281,-46.6237893177635;-23.5927983 -46.6213146;-23.5950931 -46.6238061;366;64;91
96;Thu Mar 14 22:41:47 2019;-23.592821821463,-46.6213078936006;-23.5951072360281,-46.6237893177635;-23.5927983 -46.6213146;-23.5950931 -46.6238061;366;64;91
97;Thu Mar 14 22:42:48 2019;-23.592821821463,-46.6213078936006;-23.5951072360281,-46.6237893177635;-23.5927983 -46.6213146;-23.5950931 -46.6238061;366;64;91
98;Thu Mar 14 22:43:48 2019;-23.592821821463,-46.6213078936006;-23.5951072360281,-46.6237893177635;-23.5927983 -46.6213146;-23.5950931 -46.6238061;366;64;91
99;Thu Mar 14 22:44:48 2019;-23.592821821463,-46.6213078936006;-23.5951072360281,-46.6237893177635;-23.5927983 -46.6213146;-23.5950931 -46.6238061;366;64;91
100;Thu Mar 14 22:45:48 2019;-23.592821821463,-46.6213078936006;-23.5951072360281,-46.6237893177635;-23.5927983 -46.6213146;-23.5950931 -46.6238061;366;64;91
101;Thu Mar 14 22:46:49 2019;-23.592821821463,-46.6213078936006;-23.5951072360281,-46.6237893177635;-23.5927983 -46.6213146;-23.5950931 -46.6238061;366;64;91
102;Thu Mar 14 22:47:48 2019;-23.592821821463,-46.6213078936006;-23.5951072360281,-46.6237893177635;-23.5927983 -46.6213146;-23.5950931 -46.6238061;366;64;91
103;Thu Mar 14 22:48:48 2019;-23.592821821463,-46.6213078936006;-23.5951072360281,-46.6237893177635;-23.5927983 -46.6213146;-23.5950931 -46.6238061;366;64;91
104;Thu Mar 14 22:49:48 2019;-23.592821821463,-46.6213078936006;-23.5951072360281,-46.6237893177635;-23.5927983 -46.6213146;-23.5950931 -46.6238061;366;64;91
105;Thu Mar 14 22:50:48 2019;-23.592821821463,-46.6213078936006;-23.5951072360281,-46.6237893177635;-23.5927983 -46.6213146;-23.5950931 -46.6238061;366;64;91
106;Thu Mar 14 22:51:48 2019;-23.592821821463,-46.6213078936006;-23.5951072360281,-46.6237893177635;-23.5927983 -46.6213146;-23.5950931 -46.6238061;366;64;91
107;Thu Mar 14 22:52:48 2019;-23.592821821463,-46.6213078936006;-23.5951072360281,-46.6237893177635;-23.5927983 -46.6213146;-23.5950931 -46.6238061;366;64;91
108;Thu Mar 14 22:53:48 2019;-23.592821821463,-46.6213078936006;-23.5951072360281,-46.6237893177635;-23.5927983 -46.6213146;-23.5950931 -46.6238061;366;64;91
109;Thu Mar 14 22:54:48 2019;-23.592821821463,-46.6213078936006;-23.5951072360281,-46.6237893177635;-23.5927983 -46.6213146;-23.5950931 -46.6238061;366;64;91
110;Thu Mar 14 22:55:48 2019;-23.592821821463,-46.6213078936006;-23.5951072360281,-46.6237893177635;-23.5927983 -46.6213146;-23.5950931 -46.6238061;366;64;91
111;Thu Mar 14 22:56:49 2019;-23.592821821463,-46.6213078936006;-23.5951072360281,-46.6237893177635;-23.5927983 -46.6213146;-23.5950931 -46.6238061;366;64;91
112;Thu Mar 14 22:57:48 2019;-23.592821821463,-46.6213078936006;-23.5951072360281,-46.6237893177635;-23.5927983 -46.6213146;-23.5950931 -46.6238061;366;64;91
113;Thu Mar 14 22:58:48 2019;-23.592821821463,-46.6213078936006;-23.5951072360281,-46.6237893177635;-23.5927983 -46.6213146;-23.5950931 -46.6238061;366;64;91
114;Thu Mar 14 22:59:48 2019;-23.592821821463,-46.6213078936006;-23.5951072360281,-46.6237893177635;-23.5927983 -46.6213146;-23.5950931 -46.6238061;366;64;91
115;Thu Mar 14 23:00:48 2019;-23.592821821463,-46.6213078936006;-23.5951072360281,-46.6237893177635;-23.5927983 -46.6213146;-23.5950931 -46.6238061;366;64;91
116;Thu Mar 14 23:01:47 2019;-23.592821821463,-46.6213078936006;-23.5951072360281,-46.6237893177635;-23.5927983 -46.6213146;-23.5950931 -46.6238061;366;64;91
117;Thu Mar 14 23:02:47 2019;-23.592821821463,-46.6213078936006;-23.5951072360281,-46.6237893177635;-23.5927983 -46.6213146;-23.5950931 -46.6238061;366;64;91
118;Thu Mar 14 23:03:48 2019;-23.592821821463,-46.6213078936006;-23.5951072360281,-46.6237893177635;-23.5927983 -46.6213146;-23.5950931 -46.6238061;366;64;91
119;Thu Mar 14 23:04:48 2019;-23.592821821463,-46.6213078936006;-23.5951072360281,-46.6237893177635;-23.5927983 -46.6213146;-23.5950931 -46.6238061;366;64;91
120;Thu Mar 14 23:05:48 2019;-23.592821821463,-46.6213078936006;-23.5951072360281,-46.6237893177635;-23.5927983 -46.6213146;-23.5950931 -46.6238061;366;64;91
121;Thu Mar 14 23:06:48 2019;-23.592821821463,-46.6213078936006;-23.5951072360281,-46.6237893177635;-23.5927983 -46.6213146;-23.5950931 -46.6238061;366;64;85
122;Thu Mar 14 23:07:48 2019;-23.592821821463,-46.6213078936006;-23.5951072360281,-46.6237893177635;-23.5927983 -46.6213146;-23.5950931 -46.6238061;366;64;79
123;Thu Mar 14 23:08:48 2019;-23.592821821463,-46.6213078936006;-23.5951072360281,-46.6237893177635;-23.5927983 -46.6213146;-23.5950931 -46.6238061;366;64;79
124;Thu Mar 14 23:09:48 2019;-23.592821821463,-46.6213078936006;-23.5951072360281,-46.6237893177635;-23.5927983 -46.6213146;-23.5950931 -46.6238061;366;64;79
125;Thu Mar 14 23:10:48 2019;-23.592821821463,-46.6213078936006;-23.5951072360281,-46.6237893177635;-23.5927983 -46.6213146;-23.5950931 -46.6238061;366;64;79
126;Thu Mar 14 23:11:48 2019;-23.592821821463,-46.6213078936006;-23.5951072360281,-46.6237893177635;-23.5927983 -46.6213146;-23.5950931 -46.6238061;366;64;79
127;Thu Mar 14 23:12:48 2019;-23.592821821463,-46.6213078936006;-23.5951072360281,-46.6237893177635;-23.5927983 -46.6213146;-23.5950931 -46.6238061;366;64;79
128;Thu Mar 14 23:13:48 2019;-23.592821821463,-46.6213078936006;-23.5951072360281,-46.6237893177635;-23.5927983 -46.6213146;-23.5950931 -46.6238061;366;64;79
129;Thu Mar 14 23:14:48 2019;-23.592821821463,-46.6213078936006;-23.5951072360281,-46.6237893177635;-23.5927983 -46.6213146;-23.5950931 -46.6238061;366;64;79
130;Thu Mar 14 23:15:48 2019;-23.592821821463,-46.6213078936006;-23.5951072360281,-46.6237893177635;-23.5927983 -46.6213146;-23.5950931 -46.6238061;366;64;79
131;Thu Mar 14 23:16:48 2019;-23.592821821463,-46.6213078936006;-23.5951072360281,-46.6237893177635;-23.5927983 -46.6213146;-23.5950931 -46.6238061;366;64;79
132;Thu Mar 14 23:17:48 2019;-23.592821821463,-46.6213078936006;-23.5951072360281,-46.6237893177635;-23.5927983 -46.6213146;-23.5950931 -46.6238061;366;64;79
133;Thu Mar 14 23:18:47 2019;-23.592821821463,-46.6213078936006;-23.5951072360281,-46.6237893177635;-23.5927983 -46.6213146;-23.5950931 -46.6238061;366;64;79
134;Thu Mar 14 23:19:47 2019;-23.592821821463,-46.6213078936006;-23.5951072360281,-46.6237893177635;-23.5927983 -46.6213146;-23.5950931 -46.6238061;366;64;79
135;Thu Mar 14 23:20:48 2019;-23.592821821463,-46.6213078936006;-23.5951072360281,-46.6237893177635;-23.5927983 -46.6213146;-23.5950931 -46.6238061;366;64;79
136;Thu Mar 14 23:21:48 2019;-23.592821821463,-46.6213078936006;-23.5951072360281,-46.6237893177635;-23.5927983 -46.6213146;-23.5950931 -46.6238061;366;64;76
137;Thu Mar 14 23:22:49 2019;-23.592821821463,-46.6213078936006;-23.5951072360281,-46.6237893177635;-23.5927983 -46.6213146;-23.5950931 -46.6238061;366;64;77
138;Thu Mar 14 23:23:48 2019;-23.592821821463,-46.6213078936006;-23.5951072360281,-46.6237893177635;-23.5927983 -46.6213146;-23.5950931 -46.6238061;366;64;77
139;Thu Mar 14 23:24:48 2019;-23.592821821463,-46.6213078936006;-23.5951072360281,-46.6237893177635;-23.5927983 -46.6213146;-23.5950931 -46.6238061;366;64;77
140;Thu Mar 14 23:25:47 2019;-23.592821821463,-46.6213078936006;-23.5951072360281,-46.6237893177635;-23.5927983 -46.6213146;-23.5950931 -46.6238061;366;64;77
141;Thu Mar 14 23:26:49 2019;-23.592821821463,-46.6213078936006;-23.5951072360281,-46.6237893177635;-23.5927983 -46.6213146;-23.5950931 -46.6238061;366;64;77
142;Thu Mar 14 23:27:47 2019;-23.592821821463,-46.6213078936006;-23.5951072360281,-46.6237893177635;-23.5927983 -46.6213146;-23.5950931 -46.6238061;366;64;77
143;Thu Mar 14 23:28:48 2019;-23.592821821463,-46.6213078936006;-23.5951072360281,-46.6237893177635;-23.5927983 -46.6213146;-23.5950931 -46.6238061;366;64;77
144;Thu Mar 14 23:29:48 2019;-23.592821821463,-46.6213078936006;-23.5951072360281,-46.6237893177635;-23.5927983 -46.6213146;-23.5950931 -46.6238061;366;64;77
145;Thu Mar 14 23:30:48 2019;-23.592821821463,-46.6213078936006;-23.5951072360281,-46.6237893177635;-23.5927983 -46.6213146;-23.5950931 -46.6238061;366;64;77
146;Thu Mar 14 23:31:48 2019;-23.592821821463,-46.6213078936006;-23.5951072360281,-46.6237893177635;-23.5927983 -46.6213146;-23.5950931 -46.6238061;366;64;77
147;Thu Mar 14 23:32:48 2019;-23.592821821463,-46.6213078936006;-23.5951072360281,-46.6237893177635;-23.5927983 -46.6213146;-23.5950931 -46.6238061;366;64;77
148;Thu Mar 14 23:33:48 2019;-23.592821821463,-46.6213078936006;-23.5951072360281,-46.6237893177635;-23.5927983 -46.6213146;-23.5950931 -46.6238061;366;64;77
149;Thu Mar 14 23:34:48 2019;-23.592821821463,-46.6213078936006;-23.5951072360281,-46.6237893177635;-23.5927983 -46.6213146;-23.5950931 -46.6238061;366;64;77
150;Thu Mar 14 23:35:48 2019;-23.592821821463,-46.6213078936006;-23.5951072360281,-46.6237893177635;-23.5927983 -46.6213146;-23.5950931 -46.6238061;366;64;77
151;Thu Mar 14 23:36:48 2019;-23.592821821463,-46.6213078936006;-23.5951072360281,-46.6237893177635;-23.5927983 -46.6213146;-23.5950931 -46.6238061;366;64;78
152;Thu Mar 14 23:37:49 2019;-23.592821821463,-46.6213078936006;-23.5951072360281,-46.6237893177635;-23.5927983 -46.6213146;-23.5950931 -46.6238061;366;64;76
153;Thu Mar 14 23:38:48 2019;-23.592821821463,-46.6213078936006;-23.5951072360281,-46.6237893177635;-23.5927983 -46.6213146;-23.5950931 -46.6238061;366;64;76
154;Thu Mar 14 23:39:48 2019;-23.592821821463,-46.6213078936006;-23.5951072360281,-46.6237893177635;-23.5927983 -46.6213146;-23.5950931 -46.6238061;366;64;76
155;Thu Mar 14 23:40:48 2019;-23.592821821463,-46.6213078936006;-23.5951072360281,-46.6237893177635;-23.5927983 -46.6213146;-23.5950931 -46.6238061;366;64;76
156;Thu Mar 14 23:41:48 2019;-23.592821821463,-46.6213078936006;-23.5951072360281,-46.6237893177635;-23.5927983 -46.6213146;-23.5950931 -46.6238061;366;64;76
157;Thu Mar 14 23:42:48 2019;-23.592821821463,-46.6213078936006;-23.5951072360281,-46.6237893177635;-23.5927983 -46.6213146;-23.5950931 -46.6238061;366;64;76
158;Thu Mar 14 23:43:47 2019;-23.592821821463,-46.6213078936006;-23.5951072360281,-46.6237893177635;-23.5927983 -46.6213146;-23.5950931 -46.6238061;366;64;76
159;Thu Mar 14 23:44:48 2019;-23.592821821463,-46.6213078936006;-23.5951072360281,-46.6237893177635;-23.5927983 -46.6213146;-23.5950931 -46.6238061;366;64;76
160;Thu Mar 14 23:45:47 2019;-23.592821821463,-46.6213078936006;-23.5951072360281,-46.6237893177635;-23.5927983 -46.6213146;-23.5950931 -46.6238061;366;64;76
161;Thu Mar 14 23:46:49 2019;-23.592821821463,-46.6213078936006;-23.5951072360281,-46.6237893177635;-23.5927983 -46.6213146;-23.5950931 -46.6238061;366;64;76
162;Thu Mar 14 23:47:48 2019;-23.592821821463,-46.6213078936006;-23.5951072360281,-46.6237893177635;-23.5927983 -46.6213146;-23.5950931 -46.6238061;366;64;76
163;Thu Mar 14 23:48:48 2019;-23.592821821463,-46.6213078936006;-23.5951072360281,-46.6237893177635;-23.5927983 -46.6213146;-23.5950931 -46.6238061;366;64;76
164;Thu Mar 14 23:49:48 2019;-23.592821821463,-46.6213078936006;-23.5951072360281,-46.6237893177635;-23.5927983 -46.6213146;-23.5950931 -46.6238061;366;64;76
165;Thu Mar 14 23:50:48 2019;-23.592821821463,-46.6213078936006;-23.5951072360281,-46.6237893177635;-23.5927983 -46.6213146;-23.5950931 -46.6238061;366;64;76
166;Thu Mar 14 23:51:48 2019;-23.592821821463,-46.6213078936006;-23.5951072360281,-46.6237893177635;-23.5927983 -46.6213146;-23.5950931 -46.6238061;366;64;81
167;Thu Mar 14 23:52:49 2019;-23.592821821463,-46.6213078936006;-23.5951072360281,-46.6237893177635;-23.5927983 -46.6213146;-23.5950931 -46.6238061;366;64;79
168;Thu Mar 14 23:53:48 2019;-23.592821821463,-46.6213078936006;-23.5951072360281,-46.6237893177635;-23.5927983 -46.6213146;-23.5950931 -46.6238061;366;64;79
169;Thu Mar 14 23:54:47 2019;-23.592821821463,-46.6213078936006;-23.5951072360281,-46.6237893177635;-23.5927983 -46.6213146;-23.5950931 -46.6238061;366;64;79
170;Thu Mar 14 23:55:48 2019;-23.592821821463,-46.6213078936006;-23.5951072360281,-46.6237893177635;-23.5927983 -46.6213146;-23.5950931 -46.6238061;366;64;79
171;Thu Mar 14 23:56:48 2019;-23.592821821463,-46.6213078936006;-23.5951072360281,-46.6237893177635;-23.5927983 -46.6213146;-23.5950931 -46.6238061;366;64;79
172;Thu Mar 14 23:57:48 2019;-23.592821821463,-46.6213078936006;-23.5951072360281,-46.6237893177635;-23.5927983 -46.6213146;-23.5950931 -46.6238061;366;64;79
173;Thu Mar 14 23:58:48 2019;-23.592821821463,-46.6213078936006;-23.5951072360281,-46.6237893177635;-23.5927983 -46.6213146;-23.5950931 -46.6238061;366;64;79
174;Thu Mar 14 23:59:48 2019;-23.592821821463,-46.6213078936006;-23.5951072360281,-46.6237893177635;-23.5927983 -46.6213146;-23.5950931 -46.6238061;366;64;79
