38972;Thu Mar 14 00:00:34 2019;-23.6085093702536,-46.6134921187606;-23.6051821025611,-46.6144398611718;-23.6085157 -46.6134971;-23.6051836 -46.6144532;394;67;73
39213;Thu Mar 14 04:01:34 2019;-23.6085093702536,-46.6134921187606;-23.6051821025611,-46.6144398611718;-23.6085157 -46.6134971;-23.6051836 -46.6144532;394;67;49
39214;Thu Mar 14 04:02:34 2019;-23.6085093702536,-46.6134921187606;-23.6051821025611,-46.6144398611718;-23.6085157 -46.6134971;-23.6051836 -46.6144532;394;67;49
39215;Thu Mar 14 04:03:34 2019;-23.6085093702536,-46.6134921187606;-23.6051821025611,-46.6144398611718;-23.6085157 -46.6134971;-23.6051836 -46.6144532;394;67;49
39216;Thu Mar 14 04:04:34 2019;-23.6085093702536,-46.6134921187606;-23.6051821025611,-46.6144398611718;-23.6085157 -46.6134971;-23.6051836 -46.6144532;394;67;49
39217;Thu Mar 14 04:05:34 2019;-23.6085093702536,-46.6134921187606;-23.6051821025611,-46.6144398611718;-23.6085157 -46.6134971;-23.6051836 -46.6144532;394;67;49
39218;Thu Mar 14 04:06:34 2019;-23.6085093702536,-46.6134921187606;-23.6051821025611,-46.6144398611718;-23.6085157 -46.6134971;-23.6051836 -46.6144532;394;67;49
39219;Thu Mar 14 04:07:34 2019;-23.6085093702536,-46.6134921187606;-23.6051821025611,-46.6144398611718;-23.6085157 -46.6134971;-23.6051836 -46.6144532;394;67;50
39220;Thu Mar 14 04:08:34 2019;-23.6085093702536,-46.6134921187606;-23.6051821025611,-46.6144398611718;-23.6085157 -46.6134971;-23.6051836 -46.6144532;394;67;50
39221;Thu Mar 14 04:09:34 2019;-23.6085093702536,-46.6134921187606;-23.6051821025611,-46.6144398611718;-23.6085157 -46.6134971;-23.6051836 -46.6144532;394;67;50
1;Thu Mar 14 21:06:54 2019;-23.6085093702536,-46.6134921187606;-23.6051821025611,-46.6144398611718;-23.6085157 -46.6134971;-23.6051836 -46.6144532;394;67;95
2;Thu Mar 14 21:07:48 2019;-23.6085093702536,-46.6134921187606;-23.6051821025611,-46.6144398611718;-23.6085157 -46.6134971;-23.6051836 -46.6144532;394;67;96
3;Thu Mar 14 21:08:51 2019;-23.6085093702536,-46.6134921187606;-23.6051821025611,-46.6144398611718;-23.6085157 -46.6134971;-23.6051836 -46.6144532;394;67;96
4;Thu Mar 14 21:09:47 2019;-23.6085093702536,-46.6134921187606;-23.6051821025611,-46.6144398611718;-23.6085157 -46.6134971;-23.6051836 -46.6144532;394;67;96
5;Thu Mar 14 21:10:47 2019;-23.6085093702536,-46.6134921187606;-23.6051821025611,-46.6144398611718;-23.6085157 -46.6134971;-23.6051836 -46.6144532;394;67;96
6;Thu Mar 14 21:11:47 2019;-23.6085093702536,-46.6134921187606;-23.6051821025611,-46.6144398611718;-23.6085157 -46.6134971;-23.6051836 -46.6144532;394;67;96
7;Thu Mar 14 21:12:46 2019;-23.6085093702536,-46.6134921187606;-23.6051821025611,-46.6144398611718;-23.6085157 -46.6134971;-23.6051836 -46.6144532;394;67;96
8;Thu Mar 14 21:13:47 2019;-23.6085093702536,-46.6134921187606;-23.6051821025611,-46.6144398611718;-23.6085157 -46.6134971;-23.6051836 -46.6144532;394;67;96
9;Thu Mar 14 21:14:47 2019;-23.6085093702536,-46.6134921187606;-23.6051821025611,-46.6144398611718;-23.6085157 -46.6134971;-23.6051836 -46.6144532;394;67;96
10;Thu Mar 14 21:15:48 2019;-23.6085093702536,-46.6134921187606;-23.6051821025611,-46.6144398611718;-23.6085157 -46.6134971;-23.6051836 -46.6144532;394;67;96
11;Thu Mar 14 21:16:48 2019;-23.6085093702536,-46.6134921187606;-23.6051821025611,-46.6144398611718;-23.6085157 -46.6134971;-23.6051836 -46.6144532;394;67;96
12;Thu Mar 14 21:17:47 2019;-23.6085093702536,-46.6134921187606;-23.6051821025611,-46.6144398611718;-23.6085157 -46.6134971;-23.6051836 -46.6144532;394;67;96
13;Thu Mar 14 21:18:47 2019;-23.6085093702536,-46.6134921187606;-23.6051821025611,-46.6144398611718;-23.6085157 -46.6134971;-23.6051836 -46.6144532;394;67;96
14;Thu Mar 14 21:19:47 2019;-23.6085093702536,-46.6134921187606;-23.6051821025611,-46.6144398611718;-23.6085157 -46.6134971;-23.6051836 -46.6144532;394;67;96
15;Thu Mar 14 21:20:48 2019;-23.6085093702536,-46.6134921187606;-23.6051821025611,-46.6144398611718;-23.6085157 -46.6134971;-23.6051836 -46.6144532;394;67;96
16;Thu Mar 14 21:21:49 2019;-23.6085093702536,-46.6134921187606;-23.6051821025611,-46.6144398611718;-23.6085157 -46.6134971;-23.6051836 -46.6144532;394;67;96
17;Thu Mar 14 21:22:47 2019;-23.6085093702536,-46.6134921187606;-23.6051821025611,-46.6144398611718;-23.6085157 -46.6134971;-23.6051836 -46.6144532;394;67;96
18;Thu Mar 14 21:23:47 2019;-23.6085093702536,-46.6134921187606;-23.6051821025611,-46.6144398611718;-23.6085157 -46.6134971;-23.6051836 -46.6144532;394;67;96
19;Thu Mar 14 21:24:47 2019;-23.6085093702536,-46.6134921187606;-23.6051821025611,-46.6144398611718;-23.6085157 -46.6134971;-23.6051836 -46.6144532;394;67;96
20;Thu Mar 14 21:25:47 2019;-23.6085093702536,-46.6134921187606;-23.6051821025611,-46.6144398611718;-23.6085157 -46.6134971;-23.6051836 -46.6144532;394;67;96
21;Thu Mar 14 21:26:48 2019;-23.6085093702536,-46.6134921187606;-23.6051821025611,-46.6144398611718;-23.6085157 -46.6134971;-23.6051836 -46.6144532;394;67;96
22;Thu Mar 14 21:27:47 2019;-23.6085093702536,-46.6134921187606;-23.6051821025611,-46.6144398611718;-23.6085157 -46.6134971;-23.6051836 -46.6144532;394;67;96
23;Thu Mar 14 21:28:47 2019;-23.6085093702536,-46.6134921187606;-23.6051821025611,-46.6144398611718;-23.6085157 -46.6134971;-23.6051836 -46.6144532;394;67;96
24;Thu Mar 14 21:29:47 2019;-23.6085093702536,-46.6134921187606;-23.6051821025611,-46.6144398611718;-23.6085157 -46.6134971;-23.6051836 -46.6144532;394;67;96
25;Thu Mar 14 21:30:47 2019;-23.6085093702536,-46.6134921187606;-23.6051821025611,-46.6144398611718;-23.6085157 -46.6134971;-23.6051836 -46.6144532;394;67;96
26;Thu Mar 14 21:31:47 2019;-23.6085093702536,-46.6134921187606;-23.6051821025611,-46.6144398611718;-23.6085157 -46.6134971;-23.6051836 -46.6144532;394;67;96
27;Thu Mar 14 21:32:47 2019;-23.6085093702536,-46.6134921187606;-23.6051821025611,-46.6144398611718;-23.6085157 -46.6134971;-23.6051836 -46.6144532;394;67;96
28;Thu Mar 14 21:33:47 2019;-23.6085093702536,-46.6134921187606;-23.6051821025611,-46.6144398611718;-23.6085157 -46.6134971;-23.6051836 -46.6144532;394;67;96
29;Thu Mar 14 21:34:47 2019;-23.6085093702536,-46.6134921187606;-23.6051821025611,-46.6144398611718;-23.6085157 -46.6134971;-23.6051836 -46.6144532;394;67;96
30;Thu Mar 14 21:35:47 2019;-23.6085093702536,-46.6134921187606;-23.6051821025611,-46.6144398611718;-23.6085157 -46.6134971;-23.6051836 -46.6144532;394;67;96
31;Thu Mar 14 21:36:47 2019;-23.6085093702536,-46.6134921187606;-23.6051821025611,-46.6144398611718;-23.6085157 -46.6134971;-23.6051836 -46.6144532;394;67;96
32;Thu Mar 14 21:37:47 2019;-23.6085093702536,-46.6134921187606;-23.6051821025611,-46.6144398611718;-23.6085157 -46.6134971;-23.6051836 -46.6144532;394;67;100
33;Thu Mar 14 21:38:47 2019;-23.6085093702536,-46.6134921187606;-23.6051821025611,-46.6144398611718;-23.6085157 -46.6134971;-23.6051836 -46.6144532;394;67;100
34;Thu Mar 14 21:39:47 2019;-23.6085093702536,-46.6134921187606;-23.6051821025611,-46.6144398611718;-23.6085157 -46.6134971;-23.6051836 -46.6144532;394;67;100
35;Thu Mar 14 21:40:47 2019;-23.6085093702536,-46.6134921187606;-23.6051821025611,-46.6144398611718;-23.6085157 -46.6134971;-23.6051836 -46.6144532;394;67;100
36;Thu Mar 14 21:41:47 2019;-23.6085093702536,-46.6134921187606;-23.6051821025611,-46.6144398611718;-23.6085157 -46.6134971;-23.6051836 -46.6144532;394;67;100
37;Thu Mar 14 21:42:47 2019;-23.6085093702536,-46.6134921187606;-23.6051821025611,-46.6144398611718;-23.6085157 -46.6134971;-23.6051836 -46.6144532;394;67;100
38;Thu Mar 14 21:43:47 2019;-23.6085093702536,-46.6134921187606;-23.6051821025611,-46.6144398611718;-23.6085157 -46.6134971;-23.6051836 -46.6144532;394;67;100
39;Thu Mar 14 21:44:47 2019;-23.6085093702536,-46.6134921187606;-23.6051821025611,-46.6144398611718;-23.6085157 -46.6134971;-23.6051836 -46.6144532;394;67;100
40;Thu Mar 14 21:45:47 2019;-23.6085093702536,-46.6134921187606;-23.6051821025611,-46.6144398611718;-23.6085157 -46.6134971;-23.6051836 -46.6144532;394;67;100
41;Thu Mar 14 21:46:47 2019;-23.6085093702536,-46.6134921187606;-23.6051821025611,-46.6144398611718;-23.6085157 -46.6134971;-23.6051836 -46.6144532;394;67;100
42;Thu Mar 14 21:47:47 2019;-23.6085093702536,-46.6134921187606;-23.6051821025611,-46.6144398611718;-23.6085157 -46.6134971;-23.6051836 -46.6144532;394;67;100
43;Thu Mar 14 21:48:47 2019;-23.6085093702536,-46.6134921187606;-23.6051821025611,-46.6144398611718;-23.6085157 -46.6134971;-23.6051836 -46.6144532;394;67;100
44;Thu Mar 14 21:49:47 2019;-23.6085093702536,-46.6134921187606;-23.6051821025611,-46.6144398611718;-23.6085157 -46.6134971;-23.6051836 -46.6144532;394;67;100
45;Thu Mar 14 21:50:47 2019;-23.6085093702536,-46.6134921187606;-23.6051821025611,-46.6144398611718;-23.6085157 -46.6134971;-23.6051836 -46.6144532;394;67;100
46;Thu Mar 14 21:51:47 2019;-23.6085093702536,-46.6134921187606;-23.6051821025611,-46.6144398611718;-23.6085157 -46.6134971;-23.6051836 -46.6144532;394;67;91
47;Thu Mar 14 21:52:47 2019;-23.6085093702536,-46.6134921187606;-23.6051821025611,-46.6144398611718;-23.6085157 -46.6134971;-23.6051836 -46.6144532;394;67;79
48;Thu Mar 14 21:53:47 2019;-23.6085093702536,-46.6134921187606;-23.6051821025611,-46.6144398611718;-23.6085157 -46.6134971;-23.6051836 -46.6144532;394;67;79
49;Thu Mar 14 21:54:48 2019;-23.6085093702536,-46.6134921187606;-23.6051821025611,-46.6144398611718;-23.6085157 -46.6134971;-23.6051836 -46.6144532;394;67;79
50;Thu Mar 14 21:55:47 2019;-23.6085093702536,-46.6134921187606;-23.6051821025611,-46.6144398611718;-23.6085157 -46.6134971;-23.6051836 -46.6144532;394;67;79
51;Thu Mar 14 21:56:48 2019;-23.6085093702536,-46.6134921187606;-23.6051821025611,-46.6144398611718;-23.6085157 -46.6134971;-23.6051836 -46.6144532;394;67;79
52;Thu Mar 14 21:57:47 2019;-23.6085093702536,-46.6134921187606;-23.6051821025611,-46.6144398611718;-23.6085157 -46.6134971;-23.6051836 -46.6144532;394;67;79
53;Thu Mar 14 21:58:47 2019;-23.6085093702536,-46.6134921187606;-23.6051821025611,-46.6144398611718;-23.6085157 -46.6134971;-23.6051836 -46.6144532;394;67;79
54;Thu Mar 14 21:59:47 2019;-23.6085093702536,-46.6134921187606;-23.6051821025611,-46.6144398611718;-23.6085157 -46.6134971;-23.6051836 -46.6144532;394;67;79
55;Thu Mar 14 22:00:47 2019;-23.6085093702536,-46.6134921187606;-23.6051821025611,-46.6144398611718;-23.6085157 -46.6134971;-23.6051836 -46.6144532;394;67;79
56;Thu Mar 14 22:01:47 2019;-23.6085093702536,-46.6134921187606;-23.6051821025611,-46.6144398611718;-23.6085157 -46.6134971;-23.6051836 -46.6144532;394;67;79
57;Thu Mar 14 22:02:46 2019;-23.6085093702536,-46.6134921187606;-23.6051821025611,-46.6144398611718;-23.6085157 -46.6134971;-23.6051836 -46.6144532;394;67;79
58;Thu Mar 14 22:03:47 2019;-23.6085093702536,-46.6134921187606;-23.6051821025611,-46.6144398611718;-23.6085157 -46.6134971;-23.6051836 -46.6144532;394;67;79
59;Thu Mar 14 22:04:47 2019;-23.6085093702536,-46.6134921187606;-23.6051821025611,-46.6144398611718;-23.6085157 -46.6134971;-23.6051836 -46.6144532;394;67;79
60;Thu Mar 14 22:05:47 2019;-23.6085093702536,-46.6134921187606;-23.6051821025611,-46.6144398611718;-23.6085157 -46.6134971;-23.6051836 -46.6144532;394;67;79
61;Thu Mar 14 22:06:48 2019;-23.6085093702536,-46.6134921187606;-23.6051821025611,-46.6144398611718;-23.6085157 -46.6134971;-23.6051836 -46.6144532;394;67;86
62;Thu Mar 14 22:07:47 2019;-23.6085093702536,-46.6134921187606;-23.6051821025611,-46.6144398611718;-23.6085157 -46.6134971;-23.6051836 -46.6144532;394;67;97
63;Thu Mar 14 22:08:48 2019;-23.6085093702536,-46.6134921187606;-23.6051821025611,-46.6144398611718;-23.6085157 -46.6134971;-23.6051836 -46.6144532;394;67;97
64;Thu Mar 14 22:09:47 2019;-23.6085093702536,-46.6134921187606;-23.6051821025611,-46.6144398611718;-23.6085157 -46.6134971;-23.6051836 -46.6144532;394;67;97
65;Thu Mar 14 22:10:47 2019;-23.6085093702536,-46.6134921187606;-23.6051821025611,-46.6144398611718;-23.6085157 -46.6134971;-23.6051836 -46.6144532;394;67;97
66;Thu Mar 14 22:11:47 2019;-23.6085093702536,-46.6134921187606;-23.6051821025611,-46.6144398611718;-23.6085157 -46.6134971;-23.6051836 -46.6144532;394;67;97
67;Thu Mar 14 22:12:47 2019;-23.6085093702536,-46.6134921187606;-23.6051821025611,-46.6144398611718;-23.6085157 -46.6134971;-23.6051836 -46.6144532;394;67;97
68;Thu Mar 14 22:13:47 2019;-23.6085093702536,-46.6134921187606;-23.6051821025611,-46.6144398611718;-23.6085157 -46.6134971;-23.6051836 -46.6144532;394;67;97
69;Thu Mar 14 22:14:47 2019;-23.6085093702536,-46.6134921187606;-23.6051821025611,-46.6144398611718;-23.6085157 -46.6134971;-23.6051836 -46.6144532;394;67;97
70;Thu Mar 14 22:15:47 2019;-23.6085093702536,-46.6134921187606;-23.6051821025611,-46.6144398611718;-23.6085157 -46.6134971;-23.6051836 -46.6144532;394;67;97
71;Thu Mar 14 22:16:47 2019;-23.6085093702536,-46.6134921187606;-23.6051821025611,-46.6144398611718;-23.6085157 -46.6134971;-23.6051836 -46.6144532;394;67;97
72;Thu Mar 14 22:17:47 2019;-23.6085093702536,-46.6134921187606;-23.6051821025611,-46.6144398611718;-23.6085157 -46.6134971;-23.6051836 -46.6144532;394;67;97
73;Thu Mar 14 22:18:47 2019;-23.6085093702536,-46.6134921187606;-23.6051821025611,-46.6144398611718;-23.6085157 -46.6134971;-23.6051836 -46.6144532;394;67;97
74;Thu Mar 14 22:19:47 2019;-23.6085093702536,-46.6134921187606;-23.6051821025611,-46.6144398611718;-23.6085157 -46.6134971;-23.6051836 -46.6144532;394;67;97
75;Thu Mar 14 22:20:47 2019;-23.6085093702536,-46.6134921187606;-23.6051821025611,-46.6144398611718;-23.6085157 -46.6134971;-23.6051836 -46.6144532;394;67;97
76;Thu Mar 14 22:21:47 2019;-23.6085093702536,-46.6134921187606;-23.6051821025611,-46.6144398611718;-23.6085157 -46.6134971;-23.6051836 -46.6144532;394;67;91
77;Thu Mar 14 22:22:47 2019;-23.6085093702536,-46.6134921187606;-23.6051821025611,-46.6144398611718;-23.6085157 -46.6134971;-23.6051836 -46.6144532;394;67;89
78;Thu Mar 14 22:23:47 2019;-23.6085093702536,-46.6134921187606;-23.6051821025611,-46.6144398611718;-23.6085157 -46.6134971;-23.6051836 -46.6144532;394;67;89
79;Thu Mar 14 22:24:47 2019;-23.6085093702536,-46.6134921187606;-23.6051821025611,-46.6144398611718;-23.6085157 -46.6134971;-23.6051836 -46.6144532;394;67;89
80;Thu Mar 14 22:25:47 2019;-23.6085093702536,-46.6134921187606;-23.6051821025611,-46.6144398611718;-23.6085157 -46.6134971;-23.6051836 -46.6144532;394;67;89
81;Thu Mar 14 22:26:47 2019;-23.6085093702536,-46.6134921187606;-23.6051821025611,-46.6144398611718;-23.6085157 -46.6134971;-23.6051836 -46.6144532;394;67;89
82;Thu Mar 14 22:27:47 2019;-23.6085093702536,-46.6134921187606;-23.6051821025611,-46.6144398611718;-23.6085157 -46.6134971;-23.6051836 -46.6144532;394;67;89
83;Thu Mar 14 22:28:47 2019;-23.6085093702536,-46.6134921187606;-23.6051821025611,-46.6144398611718;-23.6085157 -46.6134971;-23.6051836 -46.6144532;394;67;89
84;Thu Mar 14 22:29:47 2019;-23.6085093702536,-46.6134921187606;-23.6051821025611,-46.6144398611718;-23.6085157 -46.6134971;-23.6051836 -46.6144532;394;67;89
85;Thu Mar 14 22:30:47 2019;-23.6085093702536,-46.6134921187606;-23.6051821025611,-46.6144398611718;-23.6085157 -46.6134971;-23.6051836 -46.6144532;394;67;89
86;Thu Mar 14 22:31:47 2019;-23.6085093702536,-46.6134921187606;-23.6051821025611,-46.6144398611718;-23.6085157 -46.6134971;-23.6051836 -46.6144532;394;67;89
87;Thu Mar 14 22:32:47 2019;-23.6085093702536,-46.6134921187606;-23.6051821025611,-46.6144398611718;-23.6085157 -46.6134971;-23.6051836 -46.6144532;394;67;89
88;Thu Mar 14 22:33:47 2019;-23.6085093702536,-46.6134921187606;-23.6051821025611,-46.6144398611718;-23.6085157 -46.6134971;-23.6051836 -46.6144532;394;67;89
89;Thu Mar 14 22:34:47 2019;-23.6085093702536,-46.6134921187606;-23.6051821025611,-46.6144398611718;-23.6085157 -46.6134971;-23.6051836 -46.6144532;394;67;89
90;Thu Mar 14 22:35:47 2019;-23.6085093702536,-46.6134921187606;-23.6051821025611,-46.6144398611718;-23.6085157 -46.6134971;-23.6051836 -46.6144532;394;67;89
91;Thu Mar 14 22:36:47 2019;-23.6085093702536,-46.6134921187606;-23.6051821025611,-46.6144398611718;-23.6085157 -46.6134971;-23.6051836 -46.6144532;394;67;91
92;Thu Mar 14 22:37:47 2019;-23.6085093702536,-46.6134921187606;-23.6051821025611,-46.6144398611718;-23.6085157 -46.6134971;-23.6051836 -46.6144532;394;67;91
93;Thu Mar 14 22:38:48 2019;-23.6085093702536,-46.6134921187606;-23.6051821025611,-46.6144398611718;-23.6085157 -46.6134971;-23.6051836 -46.6144532;394;67;91
94;Thu Mar 14 22:39:47 2019;-23.6085093702536,-46.6134921187606;-23.6051821025611,-46.6144398611718;-23.6085157 -46.6134971;-23.6051836 -46.6144532;394;67;91
95;Thu Mar 14 22:40:47 2019;-23.6085093702536,-46.6134921187606;-23.6051821025611,-46.6144398611718;-23.6085157 -46.6134971;-23.6051836 -46.6144532;394;67;91
96;Thu Mar 14 22:41:47 2019;-23.6085093702536,-46.6134921187606;-23.6051821025611,-46.6144398611718;-23.6085157 -46.6134971;-23.6051836 -46.6144532;394;67;91
97;Thu Mar 14 22:42:47 2019;-23.6085093702536,-46.6134921187606;-23.6051821025611,-46.6144398611718;-23.6085157 -46.6134971;-23.6051836 -46.6144532;394;67;91
98;Thu Mar 14 22:43:47 2019;-23.6085093702536,-46.6134921187606;-23.6051821025611,-46.6144398611718;-23.6085157 -46.6134971;-23.6051836 -46.6144532;394;67;91
99;Thu Mar 14 22:44:47 2019;-23.6085093702536,-46.6134921187606;-23.6051821025611,-46.6144398611718;-23.6085157 -46.6134971;-23.6051836 -46.6144532;394;67;91
100;Thu Mar 14 22:45:47 2019;-23.6085093702536,-46.6134921187606;-23.6051821025611,-46.6144398611718;-23.6085157 -46.6134971;-23.6051836 -46.6144532;394;67;91
101;Thu Mar 14 22:46:48 2019;-23.6085093702536,-46.6134921187606;-23.6051821025611,-46.6144398611718;-23.6085157 -46.6134971;-23.6051836 -46.6144532;394;67;91
102;Thu Mar 14 22:47:47 2019;-23.6085093702536,-46.6134921187606;-23.6051821025611,-46.6144398611718;-23.6085157 -46.6134971;-23.6051836 -46.6144532;394;67;91
103;Thu Mar 14 22:48:47 2019;-23.6085093702536,-46.6134921187606;-23.6051821025611,-46.6144398611718;-23.6085157 -46.6134971;-23.6051836 -46.6144532;394;67;91
104;Thu Mar 14 22:49:47 2019;-23.6085093702536,-46.6134921187606;-23.6051821025611,-46.6144398611718;-23.6085157 -46.6134971;-23.6051836 -46.6144532;394;67;91
105;Thu Mar 14 22:50:47 2019;-23.6085093702536,-46.6134921187606;-23.6051821025611,-46.6144398611718;-23.6085157 -46.6134971;-23.6051836 -46.6144532;394;67;91
106;Thu Mar 14 22:51:47 2019;-23.6085093702536,-46.6134921187606;-23.6051821025611,-46.6144398611718;-23.6085157 -46.6134971;-23.6051836 -46.6144532;394;67;89
107;Thu Mar 14 22:52:47 2019;-23.6085093702536,-46.6134921187606;-23.6051821025611,-46.6144398611718;-23.6085157 -46.6134971;-23.6051836 -46.6144532;394;67;88
108;Thu Mar 14 22:53:47 2019;-23.6085093702536,-46.6134921187606;-23.6051821025611,-46.6144398611718;-23.6085157 -46.6134971;-23.6051836 -46.6144532;394;67;88
109;Thu Mar 14 22:54:47 2019;-23.6085093702536,-46.6134921187606;-23.6051821025611,-46.6144398611718;-23.6085157 -46.6134971;-23.6051836 -46.6144532;394;67;88
110;Thu Mar 14 22:55:47 2019;-23.6085093702536,-46.6134921187606;-23.6051821025611,-46.6144398611718;-23.6085157 -46.6134971;-23.6051836 -46.6144532;394;67;88
111;Thu Mar 14 22:56:48 2019;-23.6085093702536,-46.6134921187606;-23.6051821025611,-46.6144398611718;-23.6085157 -46.6134971;-23.6051836 -46.6144532;394;67;88
112;Thu Mar 14 22:57:47 2019;-23.6085093702536,-46.6134921187606;-23.6051821025611,-46.6144398611718;-23.6085157 -46.6134971;-23.6051836 -46.6144532;394;67;88
113;Thu Mar 14 22:58:47 2019;-23.6085093702536,-46.6134921187606;-23.6051821025611,-46.6144398611718;-23.6085157 -46.6134971;-23.6051836 -46.6144532;394;67;88
114;Thu Mar 14 22:59:47 2019;-23.6085093702536,-46.6134921187606;-23.6051821025611,-46.6144398611718;-23.6085157 -46.6134971;-23.6051836 -46.6144532;394;67;88
115;Thu Mar 14 23:00:47 2019;-23.6085093702536,-46.6134921187606;-23.6051821025611,-46.6144398611718;-23.6085157 -46.6134971;-23.6051836 -46.6144532;394;67;88
116;Thu Mar 14 23:01:46 2019;-23.6085093702536,-46.6134921187606;-23.6051821025611,-46.6144398611718;-23.6085157 -46.6134971;-23.6051836 -46.6144532;394;67;88
117;Thu Mar 14 23:02:47 2019;-23.6085093702536,-46.6134921187606;-23.6051821025611,-46.6144398611718;-23.6085157 -46.6134971;-23.6051836 -46.6144532;394;67;88
118;Thu Mar 14 23:03:47 2019;-23.6085093702536,-46.6134921187606;-23.6051821025611,-46.6144398611718;-23.6085157 -46.6134971;-23.6051836 -46.6144532;394;67;88
119;Thu Mar 14 23:04:47 2019;-23.6085093702536,-46.6134921187606;-23.6051821025611,-46.6144398611718;-23.6085157 -46.6134971;-23.6051836 -46.6144532;394;67;88
120;Thu Mar 14 23:05:47 2019;-23.6085093702536,-46.6134921187606;-23.6051821025611,-46.6144398611718;-23.6085157 -46.6134971;-23.6051836 -46.6144532;394;67;88
121;Thu Mar 14 23:06:48 2019;-23.6085093702536,-46.6134921187606;-23.6051821025611,-46.6144398611718;-23.6085157 -46.6134971;-23.6051836 -46.6144532;394;67;85
122;Thu Mar 14 23:07:47 2019;-23.6085093702536,-46.6134921187606;-23.6051821025611,-46.6144398611718;-23.6085157 -46.6134971;-23.6051836 -46.6144532;394;67;82
123;Thu Mar 14 23:08:47 2019;-23.6085093702536,-46.6134921187606;-23.6051821025611,-46.6144398611718;-23.6085157 -46.6134971;-23.6051836 -46.6144532;394;67;82
124;Thu Mar 14 23:09:47 2019;-23.6085093702536,-46.6134921187606;-23.6051821025611,-46.6144398611718;-23.6085157 -46.6134971;-23.6051836 -46.6144532;394;67;82
125;Thu Mar 14 23:10:47 2019;-23.6085093702536,-46.6134921187606;-23.6051821025611,-46.6144398611718;-23.6085157 -46.6134971;-23.6051836 -46.6144532;394;67;82
126;Thu Mar 14 23:11:47 2019;-23.6085093702536,-46.6134921187606;-23.6051821025611,-46.6144398611718;-23.6085157 -46.6134971;-23.6051836 -46.6144532;394;67;82
127;Thu Mar 14 23:12:47 2019;-23.6085093702536,-46.6134921187606;-23.6051821025611,-46.6144398611718;-23.6085157 -46.6134971;-23.6051836 -46.6144532;394;67;82
128;Thu Mar 14 23:13:46 2019;-23.6085093702536,-46.6134921187606;-23.6051821025611,-46.6144398611718;-23.6085157 -46.6134971;-23.6051836 -46.6144532;394;67;82
129;Thu Mar 14 23:14:47 2019;-23.6085093702536,-46.6134921187606;-23.6051821025611,-46.6144398611718;-23.6085157 -46.6134971;-23.6051836 -46.6144532;394;67;82
130;Thu Mar 14 23:15:47 2019;-23.6085093702536,-46.6134921187606;-23.6051821025611,-46.6144398611718;-23.6085157 -46.6134971;-23.6051836 -46.6144532;394;67;82
131;Thu Mar 14 23:16:47 2019;-23.6085093702536,-46.6134921187606;-23.6051821025611,-46.6144398611718;-23.6085157 -46.6134971;-23.6051836 -46.6144532;394;67;82
132;Thu Mar 14 23:17:47 2019;-23.6085093702536,-46.6134921187606;-23.6051821025611,-46.6144398611718;-23.6085157 -46.6134971;-23.6051836 -46.6144532;394;67;82
133;Thu Mar 14 23:18:47 2019;-23.6085093702536,-46.6134921187606;-23.6051821025611,-46.6144398611718;-23.6085157 -46.6134971;-23.6051836 -46.6144532;394;67;82
134;Thu Mar 14 23:19:47 2019;-23.6085093702536,-46.6134921187606;-23.6051821025611,-46.6144398611718;-23.6085157 -46.6134971;-23.6051836 -46.6144532;394;67;82
135;Thu Mar 14 23:20:47 2019;-23.6085093702536,-46.6134921187606;-23.6051821025611,-46.6144398611718;-23.6085157 -46.6134971;-23.6051836 -46.6144532;394;67;82
136;Thu Mar 14 23:21:47 2019;-23.6085093702536,-46.6134921187606;-23.6051821025611,-46.6144398611718;-23.6085157 -46.6134971;-23.6051836 -46.6144532;394;67;80
137;Thu Mar 14 23:22:48 2019;-23.6085093702536,-46.6134921187606;-23.6051821025611,-46.6144398611718;-23.6085157 -46.6134971;-23.6051836 -46.6144532;394;67;79
138;Thu Mar 14 23:23:47 2019;-23.6085093702536,-46.6134921187606;-23.6051821025611,-46.6144398611718;-23.6085157 -46.6134971;-23.6051836 -46.6144532;394;67;79
139;Thu Mar 14 23:24:47 2019;-23.6085093702536,-46.6134921187606;-23.6051821025611,-46.6144398611718;-23.6085157 -46.6134971;-23.6051836 -46.6144532;394;67;79
140;Thu Mar 14 23:25:47 2019;-23.6085093702536,-46.6134921187606;-23.6051821025611,-46.6144398611718;-23.6085157 -46.6134971;-23.6051836 -46.6144532;394;67;79
141;Thu Mar 14 23:26:48 2019;-23.6085093702536,-46.6134921187606;-23.6051821025611,-46.6144398611718;-23.6085157 -46.6134971;-23.6051836 -46.6144532;394;67;79
142;Thu Mar 14 23:27:47 2019;-23.6085093702536,-46.6134921187606;-23.6051821025611,-46.6144398611718;-23.6085157 -46.6134971;-23.6051836 -46.6144532;394;67;79
143;Thu Mar 14 23:28:47 2019;-23.6085093702536,-46.6134921187606;-23.6051821025611,-46.6144398611718;-23.6085157 -46.6134971;-23.6051836 -46.6144532;394;67;79
144;Thu Mar 14 23:29:47 2019;-23.6085093702536,-46.6134921187606;-23.6051821025611,-46.6144398611718;-23.6085157 -46.6134971;-23.6051836 -46.6144532;394;67;79
145;Thu Mar 14 23:30:47 2019;-23.6085093702536,-46.6134921187606;-23.6051821025611,-46.6144398611718;-23.6085157 -46.6134971;-23.6051836 -46.6144532;394;67;79
146;Thu Mar 14 23:31:47 2019;-23.6085093702536,-46.6134921187606;-23.6051821025611,-46.6144398611718;-23.6085157 -46.6134971;-23.6051836 -46.6144532;394;67;79
147;Thu Mar 14 23:32:47 2019;-23.6085093702536,-46.6134921187606;-23.6051821025611,-46.6144398611718;-23.6085157 -46.6134971;-23.6051836 -46.6144532;394;67;79
148;Thu Mar 14 23:33:47 2019;-23.6085093702536,-46.6134921187606;-23.6051821025611,-46.6144398611718;-23.6085157 -46.6134971;-23.6051836 -46.6144532;394;67;79
149;Thu Mar 14 23:34:47 2019;-23.6085093702536,-46.6134921187606;-23.6051821025611,-46.6144398611718;-23.6085157 -46.6134971;-23.6051836 -46.6144532;394;67;79
150;Thu Mar 14 23:35:47 2019;-23.6085093702536,-46.6134921187606;-23.6051821025611,-46.6144398611718;-23.6085157 -46.6134971;-23.6051836 -46.6144532;394;67;79
151;Thu Mar 14 23:36:47 2019;-23.6085093702536,-46.6134921187606;-23.6051821025611,-46.6144398611718;-23.6085157 -46.6134971;-23.6051836 -46.6144532;394;67;76
152;Thu Mar 14 23:37:48 2019;-23.6085093702536,-46.6134921187606;-23.6051821025611,-46.6144398611718;-23.6085157 -46.6134971;-23.6051836 -46.6144532;394;67;73
153;Thu Mar 14 23:38:47 2019;-23.6085093702536,-46.6134921187606;-23.6051821025611,-46.6144398611718;-23.6085157 -46.6134971;-23.6051836 -46.6144532;394;67;73
154;Thu Mar 14 23:39:47 2019;-23.6085093702536,-46.6134921187606;-23.6051821025611,-46.6144398611718;-23.6085157 -46.6134971;-23.6051836 -46.6144532;394;67;73
155;Thu Mar 14 23:40:47 2019;-23.6085093702536,-46.6134921187606;-23.6051821025611,-46.6144398611718;-23.6085157 -46.6134971;-23.6051836 -46.6144532;394;67;73
156;Thu Mar 14 23:41:47 2019;-23.6085093702536,-46.6134921187606;-23.6051821025611,-46.6144398611718;-23.6085157 -46.6134971;-23.6051836 -46.6144532;394;67;73
157;Thu Mar 14 23:42:47 2019;-23.6085093702536,-46.6134921187606;-23.6051821025611,-46.6144398611718;-23.6085157 -46.6134971;-23.6051836 -46.6144532;394;67;73
158;Thu Mar 14 23:43:47 2019;-23.6085093702536,-46.6134921187606;-23.6051821025611,-46.6144398611718;-23.6085157 -46.6134971;-23.6051836 -46.6144532;394;67;73
159;Thu Mar 14 23:44:47 2019;-23.6085093702536,-46.6134921187606;-23.6051821025611,-46.6144398611718;-23.6085157 -46.6134971;-23.6051836 -46.6144532;394;67;73
160;Thu Mar 14 23:45:47 2019;-23.6085093702536,-46.6134921187606;-23.6051821025611,-46.6144398611718;-23.6085157 -46.6134971;-23.6051836 -46.6144532;394;67;73
161;Thu Mar 14 23:46:48 2019;-23.6085093702536,-46.6134921187606;-23.6051821025611,-46.6144398611718;-23.6085157 -46.6134971;-23.6051836 -46.6144532;394;67;73
162;Thu Mar 14 23:47:47 2019;-23.6085093702536,-46.6134921187606;-23.6051821025611,-46.6144398611718;-23.6085157 -46.6134971;-23.6051836 -46.6144532;394;67;73
163;Thu Mar 14 23:48:47 2019;-23.6085093702536,-46.6134921187606;-23.6051821025611,-46.6144398611718;-23.6085157 -46.6134971;-23.6051836 -46.6144532;394;67;73
164;Thu Mar 14 23:49:47 2019;-23.6085093702536,-46.6134921187606;-23.6051821025611,-46.6144398611718;-23.6085157 -46.6134971;-23.6051836 -46.6144532;394;67;73
165;Thu Mar 14 23:50:47 2019;-23.6085093702536,-46.6134921187606;-23.6051821025611,-46.6144398611718;-23.6085157 -46.6134971;-23.6051836 -46.6144532;394;67;73
166;Thu Mar 14 23:51:47 2019;-23.6085093702536,-46.6134921187606;-23.6051821025611,-46.6144398611718;-23.6085157 -46.6134971;-23.6051836 -46.6144532;394;67;71
167;Thu Mar 14 23:52:47 2019;-23.6085093702536,-46.6134921187606;-23.6051821025611,-46.6144398611718;-23.6085157 -46.6134971;-23.6051836 -46.6144532;394;67;72
168;Thu Mar 14 23:53:47 2019;-23.6085093702536,-46.6134921187606;-23.6051821025611,-46.6144398611718;-23.6085157 -46.6134971;-23.6051836 -46.6144532;394;67;72
169;Thu Mar 14 23:54:47 2019;-23.6085093702536,-46.6134921187606;-23.6051821025611,-46.6144398611718;-23.6085157 -46.6134971;-23.6051836 -46.6144532;394;67;72
170;Thu Mar 14 23:55:47 2019;-23.6085093702536,-46.6134921187606;-23.6051821025611,-46.6144398611718;-23.6085157 -46.6134971;-23.6051836 -46.6144532;394;67;72
171;Thu Mar 14 23:56:47 2019;-23.6085093702536,-46.6134921187606;-23.6051821025611,-46.6144398611718;-23.6085157 -46.6134971;-23.6051836 -46.6144532;394;67;72
172;Thu Mar 14 23:57:47 2019;-23.6085093702536,-46.6134921187606;-23.6051821025611,-46.6144398611718;-23.6085157 -46.6134971;-23.6051836 -46.6144532;394;67;72
173;Thu Mar 14 23:58:47 2019;-23.6085093702536,-46.6134921187606;-23.6051821025611,-46.6144398611718;-23.6085157 -46.6134971;-23.6051836 -46.6144532;394;67;72
174;Thu Mar 14 23:59:47 2019;-23.6085093702536,-46.6134921187606;-23.6051821025611,-46.6144398611718;-23.6085157 -46.6134971;-23.6051836 -46.6144532;394;67;72
