38972;Thu Mar 14 00:00:34 2019;-23.6033780034802,-46.6147345882342;-23.6013352406393,-46.6151920792878;-23.6033784 -46.6147373;-23.6013375 -46.6152367;233;47;47
39213;Thu Mar 14 04:01:34 2019;-23.6033780034802,-46.6147345882342;-23.6013352406393,-46.6151920792878;-23.6033784 -46.6147373;-23.6013375 -46.6152367;233;47;32
39214;Thu Mar 14 04:02:34 2019;-23.6033780034802,-46.6147345882342;-23.6013352406393,-46.6151920792878;-23.6033784 -46.6147373;-23.6013375 -46.6152367;233;47;32
39215;Thu Mar 14 04:03:34 2019;-23.6033780034802,-46.6147345882342;-23.6013352406393,-46.6151920792878;-23.6033784 -46.6147373;-23.6013375 -46.6152367;233;47;32
39216;Thu Mar 14 04:04:34 2019;-23.6033780034802,-46.6147345882342;-23.6013352406393,-46.6151920792878;-23.6033784 -46.6147373;-23.6013375 -46.6152367;233;47;32
39217;Thu Mar 14 04:05:34 2019;-23.6033780034802,-46.6147345882342;-23.6013352406393,-46.6151920792878;-23.6033784 -46.6147373;-23.6013375 -46.6152367;233;47;32
39218;Thu Mar 14 04:06:34 2019;-23.6033780034802,-46.6147345882342;-23.6013352406393,-46.6151920792878;-23.6033784 -46.6147373;-23.6013375 -46.6152367;233;47;32
39219;Thu Mar 14 04:07:34 2019;-23.6033780034802,-46.6147345882342;-23.6013352406393,-46.6151920792878;-23.6033784 -46.6147373;-23.6013375 -46.6152367;233;47;32
39220;Thu Mar 14 04:08:34 2019;-23.6033780034802,-46.6147345882342;-23.6013352406393,-46.6151920792878;-23.6033784 -46.6147373;-23.6013375 -46.6152367;233;47;32
39221;Thu Mar 14 04:09:34 2019;-23.6033780034802,-46.6147345882342;-23.6013352406393,-46.6151920792878;-23.6033784 -46.6147373;-23.6013375 -46.6152367;233;47;32
1;Thu Mar 14 21:06:54 2019;-23.6033780034802,-46.6147345882342;-23.6013352406393,-46.6151920792878;-23.6033784 -46.6147373;-23.6013375 -46.6152367;233;47;63
2;Thu Mar 14 21:07:48 2019;-23.6033780034802,-46.6147345882342;-23.6013352406393,-46.6151920792878;-23.6033784 -46.6147373;-23.6013375 -46.6152367;233;47;69
3;Thu Mar 14 21:08:51 2019;-23.6033780034802,-46.6147345882342;-23.6013352406393,-46.6151920792878;-23.6033784 -46.6147373;-23.6013375 -46.6152367;233;47;69
4;Thu Mar 14 21:09:47 2019;-23.6033780034802,-46.6147345882342;-23.6013352406393,-46.6151920792878;-23.6033784 -46.6147373;-23.6013375 -46.6152367;233;47;69
5;Thu Mar 14 21:10:47 2019;-23.6033780034802,-46.6147345882342;-23.6013352406393,-46.6151920792878;-23.6033784 -46.6147373;-23.6013375 -46.6152367;233;47;69
6;Thu Mar 14 21:11:47 2019;-23.6033780034802,-46.6147345882342;-23.6013352406393,-46.6151920792878;-23.6033784 -46.6147373;-23.6013375 -46.6152367;233;47;69
7;Thu Mar 14 21:12:47 2019;-23.6033780034802,-46.6147345882342;-23.6013352406393,-46.6151920792878;-23.6033784 -46.6147373;-23.6013375 -46.6152367;233;47;69
8;Thu Mar 14 21:13:47 2019;-23.6033780034802,-46.6147345882342;-23.6013352406393,-46.6151920792878;-23.6033784 -46.6147373;-23.6013375 -46.6152367;233;47;69
9;Thu Mar 14 21:14:47 2019;-23.6033780034802,-46.6147345882342;-23.6013352406393,-46.6151920792878;-23.6033784 -46.6147373;-23.6013375 -46.6152367;233;47;69
10;Thu Mar 14 21:15:48 2019;-23.6033780034802,-46.6147345882342;-23.6013352406393,-46.6151920792878;-23.6033784 -46.6147373;-23.6013375 -46.6152367;233;47;69
11;Thu Mar 14 21:16:48 2019;-23.6033780034802,-46.6147345882342;-23.6013352406393,-46.6151920792878;-23.6033784 -46.6147373;-23.6013375 -46.6152367;233;47;69
12;Thu Mar 14 21:17:48 2019;-23.6033780034802,-46.6147345882342;-23.6013352406393,-46.6151920792878;-23.6033784 -46.6147373;-23.6013375 -46.6152367;233;47;69
13;Thu Mar 14 21:18:48 2019;-23.6033780034802,-46.6147345882342;-23.6013352406393,-46.6151920792878;-23.6033784 -46.6147373;-23.6013375 -46.6152367;233;47;69
14;Thu Mar 14 21:19:48 2019;-23.6033780034802,-46.6147345882342;-23.6013352406393,-46.6151920792878;-23.6033784 -46.6147373;-23.6013375 -46.6152367;233;47;69
15;Thu Mar 14 21:20:48 2019;-23.6033780034802,-46.6147345882342;-23.6013352406393,-46.6151920792878;-23.6033784 -46.6147373;-23.6013375 -46.6152367;233;47;69
16;Thu Mar 14 21:21:49 2019;-23.6033780034802,-46.6147345882342;-23.6013352406393,-46.6151920792878;-23.6033784 -46.6147373;-23.6013375 -46.6152367;233;47;68
17;Thu Mar 14 21:22:47 2019;-23.6033780034802,-46.6147345882342;-23.6013352406393,-46.6151920792878;-23.6033784 -46.6147373;-23.6013375 -46.6152367;233;47;58
18;Thu Mar 14 21:23:47 2019;-23.6033780034802,-46.6147345882342;-23.6013352406393,-46.6151920792878;-23.6033784 -46.6147373;-23.6013375 -46.6152367;233;47;58
19;Thu Mar 14 21:24:47 2019;-23.6033780034802,-46.6147345882342;-23.6013352406393,-46.6151920792878;-23.6033784 -46.6147373;-23.6013375 -46.6152367;233;47;58
20;Thu Mar 14 21:25:47 2019;-23.6033780034802,-46.6147345882342;-23.6013352406393,-46.6151920792878;-23.6033784 -46.6147373;-23.6013375 -46.6152367;233;47;58
21;Thu Mar 14 21:26:48 2019;-23.6033780034802,-46.6147345882342;-23.6013352406393,-46.6151920792878;-23.6033784 -46.6147373;-23.6013375 -46.6152367;233;47;58
22;Thu Mar 14 21:27:47 2019;-23.6033780034802,-46.6147345882342;-23.6013352406393,-46.6151920792878;-23.6033784 -46.6147373;-23.6013375 -46.6152367;233;47;58
23;Thu Mar 14 21:28:47 2019;-23.6033780034802,-46.6147345882342;-23.6013352406393,-46.6151920792878;-23.6033784 -46.6147373;-23.6013375 -46.6152367;233;47;58
24;Thu Mar 14 21:29:47 2019;-23.6033780034802,-46.6147345882342;-23.6013352406393,-46.6151920792878;-23.6033784 -46.6147373;-23.6013375 -46.6152367;233;47;58
25;Thu Mar 14 21:30:47 2019;-23.6033780034802,-46.6147345882342;-23.6013352406393,-46.6151920792878;-23.6033784 -46.6147373;-23.6013375 -46.6152367;233;47;58
26;Thu Mar 14 21:31:47 2019;-23.6033780034802,-46.6147345882342;-23.6013352406393,-46.6151920792878;-23.6033784 -46.6147373;-23.6013375 -46.6152367;233;47;58
27;Thu Mar 14 21:32:47 2019;-23.6033780034802,-46.6147345882342;-23.6013352406393,-46.6151920792878;-23.6033784 -46.6147373;-23.6013375 -46.6152367;233;47;58
28;Thu Mar 14 21:33:47 2019;-23.6033780034802,-46.6147345882342;-23.6013352406393,-46.6151920792878;-23.6033784 -46.6147373;-23.6013375 -46.6152367;233;47;58
29;Thu Mar 14 21:34:47 2019;-23.6033780034802,-46.6147345882342;-23.6013352406393,-46.6151920792878;-23.6033784 -46.6147373;-23.6013375 -46.6152367;233;47;58
30;Thu Mar 14 21:35:47 2019;-23.6033780034802,-46.6147345882342;-23.6013352406393,-46.6151920792878;-23.6033784 -46.6147373;-23.6013375 -46.6152367;233;47;58
31;Thu Mar 14 21:36:47 2019;-23.6033780034802,-46.6147345882342;-23.6013352406393,-46.6151920792878;-23.6033784 -46.6147373;-23.6013375 -46.6152367;233;47;59
32;Thu Mar 14 21:37:47 2019;-23.6033780034802,-46.6147345882342;-23.6013352406393,-46.6151920792878;-23.6033784 -46.6147373;-23.6013375 -46.6152367;233;47;66
33;Thu Mar 14 21:38:47 2019;-23.6033780034802,-46.6147345882342;-23.6013352406393,-46.6151920792878;-23.6033784 -46.6147373;-23.6013375 -46.6152367;233;47;66
34;Thu Mar 14 21:39:47 2019;-23.6033780034802,-46.6147345882342;-23.6013352406393,-46.6151920792878;-23.6033784 -46.6147373;-23.6013375 -46.6152367;233;47;66
35;Thu Mar 14 21:40:47 2019;-23.6033780034802,-46.6147345882342;-23.6013352406393,-46.6151920792878;-23.6033784 -46.6147373;-23.6013375 -46.6152367;233;47;66
36;Thu Mar 14 21:41:47 2019;-23.6033780034802,-46.6147345882342;-23.6013352406393,-46.6151920792878;-23.6033784 -46.6147373;-23.6013375 -46.6152367;233;47;66
37;Thu Mar 14 21:42:47 2019;-23.6033780034802,-46.6147345882342;-23.6013352406393,-46.6151920792878;-23.6033784 -46.6147373;-23.6013375 -46.6152367;233;47;66
38;Thu Mar 14 21:43:47 2019;-23.6033780034802,-46.6147345882342;-23.6013352406393,-46.6151920792878;-23.6033784 -46.6147373;-23.6013375 -46.6152367;233;47;66
39;Thu Mar 14 21:44:47 2019;-23.6033780034802,-46.6147345882342;-23.6013352406393,-46.6151920792878;-23.6033784 -46.6147373;-23.6013375 -46.6152367;233;47;66
40;Thu Mar 14 21:45:47 2019;-23.6033780034802,-46.6147345882342;-23.6013352406393,-46.6151920792878;-23.6033784 -46.6147373;-23.6013375 -46.6152367;233;47;66
41;Thu Mar 14 21:46:47 2019;-23.6033780034802,-46.6147345882342;-23.6013352406393,-46.6151920792878;-23.6033784 -46.6147373;-23.6013375 -46.6152367;233;47;66
42;Thu Mar 14 21:47:47 2019;-23.6033780034802,-46.6147345882342;-23.6013352406393,-46.6151920792878;-23.6033784 -46.6147373;-23.6013375 -46.6152367;233;47;66
43;Thu Mar 14 21:48:48 2019;-23.6033780034802,-46.6147345882342;-23.6013352406393,-46.6151920792878;-23.6033784 -46.6147373;-23.6013375 -46.6152367;233;47;66
44;Thu Mar 14 21:49:47 2019;-23.6033780034802,-46.6147345882342;-23.6013352406393,-46.6151920792878;-23.6033784 -46.6147373;-23.6013375 -46.6152367;233;47;66
45;Thu Mar 14 21:50:47 2019;-23.6033780034802,-46.6147345882342;-23.6013352406393,-46.6151920792878;-23.6033784 -46.6147373;-23.6013375 -46.6152367;233;47;66
46;Thu Mar 14 21:51:47 2019;-23.6033780034802,-46.6147345882342;-23.6013352406393,-46.6151920792878;-23.6033784 -46.6147373;-23.6013375 -46.6152367;233;47;66
47;Thu Mar 14 21:52:47 2019;-23.6033780034802,-46.6147345882342;-23.6013352406393,-46.6151920792878;-23.6033784 -46.6147373;-23.6013375 -46.6152367;233;47;55
48;Thu Mar 14 21:53:47 2019;-23.6033780034802,-46.6147345882342;-23.6013352406393,-46.6151920792878;-23.6033784 -46.6147373;-23.6013375 -46.6152367;233;47;55
49;Thu Mar 14 21:54:48 2019;-23.6033780034802,-46.6147345882342;-23.6013352406393,-46.6151920792878;-23.6033784 -46.6147373;-23.6013375 -46.6152367;233;47;55
50;Thu Mar 14 21:55:47 2019;-23.6033780034802,-46.6147345882342;-23.6013352406393,-46.6151920792878;-23.6033784 -46.6147373;-23.6013375 -46.6152367;233;47;55
51;Thu Mar 14 21:56:48 2019;-23.6033780034802,-46.6147345882342;-23.6013352406393,-46.6151920792878;-23.6033784 -46.6147373;-23.6013375 -46.6152367;233;47;55
52;Thu Mar 14 21:57:47 2019;-23.6033780034802,-46.6147345882342;-23.6013352406393,-46.6151920792878;-23.6033784 -46.6147373;-23.6013375 -46.6152367;233;47;55
53;Thu Mar 14 21:58:47 2019;-23.6033780034802,-46.6147345882342;-23.6013352406393,-46.6151920792878;-23.6033784 -46.6147373;-23.6013375 -46.6152367;233;47;55
54;Thu Mar 14 21:59:47 2019;-23.6033780034802,-46.6147345882342;-23.6013352406393,-46.6151920792878;-23.6033784 -46.6147373;-23.6013375 -46.6152367;233;47;55
55;Thu Mar 14 22:00:47 2019;-23.6033780034802,-46.6147345882342;-23.6013352406393,-46.6151920792878;-23.6033784 -46.6147373;-23.6013375 -46.6152367;233;47;55
56;Thu Mar 14 22:01:47 2019;-23.6033780034802,-46.6147345882342;-23.6013352406393,-46.6151920792878;-23.6033784 -46.6147373;-23.6013375 -46.6152367;233;47;55
57;Thu Mar 14 22:02:47 2019;-23.6033780034802,-46.6147345882342;-23.6013352406393,-46.6151920792878;-23.6033784 -46.6147373;-23.6013375 -46.6152367;233;47;55
58;Thu Mar 14 22:03:47 2019;-23.6033780034802,-46.6147345882342;-23.6013352406393,-46.6151920792878;-23.6033784 -46.6147373;-23.6013375 -46.6152367;233;47;55
59;Thu Mar 14 22:04:47 2019;-23.6033780034802,-46.6147345882342;-23.6013352406393,-46.6151920792878;-23.6033784 -46.6147373;-23.6013375 -46.6152367;233;47;55
60;Thu Mar 14 22:05:48 2019;-23.6033780034802,-46.6147345882342;-23.6013352406393,-46.6151920792878;-23.6033784 -46.6147373;-23.6013375 -46.6152367;233;47;55
61;Thu Mar 14 22:06:48 2019;-23.6033780034802,-46.6147345882342;-23.6013352406393,-46.6151920792878;-23.6033784 -46.6147373;-23.6013375 -46.6152367;233;47;55
62;Thu Mar 14 22:07:47 2019;-23.6033780034802,-46.6147345882342;-23.6013352406393,-46.6151920792878;-23.6033784 -46.6147373;-23.6013375 -46.6152367;233;47;62
63;Thu Mar 14 22:08:48 2019;-23.6033780034802,-46.6147345882342;-23.6013352406393,-46.6151920792878;-23.6033784 -46.6147373;-23.6013375 -46.6152367;233;47;62
64;Thu Mar 14 22:09:47 2019;-23.6033780034802,-46.6147345882342;-23.6013352406393,-46.6151920792878;-23.6033784 -46.6147373;-23.6013375 -46.6152367;233;47;62
65;Thu Mar 14 22:10:47 2019;-23.6033780034802,-46.6147345882342;-23.6013352406393,-46.6151920792878;-23.6033784 -46.6147373;-23.6013375 -46.6152367;233;47;62
66;Thu Mar 14 22:11:47 2019;-23.6033780034802,-46.6147345882342;-23.6013352406393,-46.6151920792878;-23.6033784 -46.6147373;-23.6013375 -46.6152367;233;47;62
67;Thu Mar 14 22:12:47 2019;-23.6033780034802,-46.6147345882342;-23.6013352406393,-46.6151920792878;-23.6033784 -46.6147373;-23.6013375 -46.6152367;233;47;62
68;Thu Mar 14 22:13:47 2019;-23.6033780034802,-46.6147345882342;-23.6013352406393,-46.6151920792878;-23.6033784 -46.6147373;-23.6013375 -46.6152367;233;47;62
69;Thu Mar 14 22:14:47 2019;-23.6033780034802,-46.6147345882342;-23.6013352406393,-46.6151920792878;-23.6033784 -46.6147373;-23.6013375 -46.6152367;233;47;62
70;Thu Mar 14 22:15:47 2019;-23.6033780034802,-46.6147345882342;-23.6013352406393,-46.6151920792878;-23.6033784 -46.6147373;-23.6013375 -46.6152367;233;47;62
71;Thu Mar 14 22:16:47 2019;-23.6033780034802,-46.6147345882342;-23.6013352406393,-46.6151920792878;-23.6033784 -46.6147373;-23.6013375 -46.6152367;233;47;62
72;Thu Mar 14 22:17:47 2019;-23.6033780034802,-46.6147345882342;-23.6013352406393,-46.6151920792878;-23.6033784 -46.6147373;-23.6013375 -46.6152367;233;47;62
73;Thu Mar 14 22:18:47 2019;-23.6033780034802,-46.6147345882342;-23.6013352406393,-46.6151920792878;-23.6033784 -46.6147373;-23.6013375 -46.6152367;233;47;62
74;Thu Mar 14 22:19:47 2019;-23.6033780034802,-46.6147345882342;-23.6013352406393,-46.6151920792878;-23.6033784 -46.6147373;-23.6013375 -46.6152367;233;47;62
75;Thu Mar 14 22:20:47 2019;-23.6033780034802,-46.6147345882342;-23.6013352406393,-46.6151920792878;-23.6033784 -46.6147373;-23.6013375 -46.6152367;233;47;62
76;Thu Mar 14 22:21:47 2019;-23.6033780034802,-46.6147345882342;-23.6013352406393,-46.6151920792878;-23.6033784 -46.6147373;-23.6013375 -46.6152367;233;47;62
77;Thu Mar 14 22:22:47 2019;-23.6033780034802,-46.6147345882342;-23.6013352406393,-46.6151920792878;-23.6033784 -46.6147373;-23.6013375 -46.6152367;233;47;56
78;Thu Mar 14 22:23:47 2019;-23.6033780034802,-46.6147345882342;-23.6013352406393,-46.6151920792878;-23.6033784 -46.6147373;-23.6013375 -46.6152367;233;47;56
79;Thu Mar 14 22:24:47 2019;-23.6033780034802,-46.6147345882342;-23.6013352406393,-46.6151920792878;-23.6033784 -46.6147373;-23.6013375 -46.6152367;233;47;56
80;Thu Mar 14 22:25:47 2019;-23.6033780034802,-46.6147345882342;-23.6013352406393,-46.6151920792878;-23.6033784 -46.6147373;-23.6013375 -46.6152367;233;47;56
81;Thu Mar 14 22:26:47 2019;-23.6033780034802,-46.6147345882342;-23.6013352406393,-46.6151920792878;-23.6033784 -46.6147373;-23.6013375 -46.6152367;233;47;56
82;Thu Mar 14 22:27:47 2019;-23.6033780034802,-46.6147345882342;-23.6013352406393,-46.6151920792878;-23.6033784 -46.6147373;-23.6013375 -46.6152367;233;47;56
83;Thu Mar 14 22:28:47 2019;-23.6033780034802,-46.6147345882342;-23.6013352406393,-46.6151920792878;-23.6033784 -46.6147373;-23.6013375 -46.6152367;233;47;56
84;Thu Mar 14 22:29:47 2019;-23.6033780034802,-46.6147345882342;-23.6013352406393,-46.6151920792878;-23.6033784 -46.6147373;-23.6013375 -46.6152367;233;47;56
85;Thu Mar 14 22:30:47 2019;-23.6033780034802,-46.6147345882342;-23.6013352406393,-46.6151920792878;-23.6033784 -46.6147373;-23.6013375 -46.6152367;233;47;56
86;Thu Mar 14 22:31:47 2019;-23.6033780034802,-46.6147345882342;-23.6013352406393,-46.6151920792878;-23.6033784 -46.6147373;-23.6013375 -46.6152367;233;47;56
87;Thu Mar 14 22:32:47 2019;-23.6033780034802,-46.6147345882342;-23.6013352406393,-46.6151920792878;-23.6033784 -46.6147373;-23.6013375 -46.6152367;233;47;56
88;Thu Mar 14 22:33:47 2019;-23.6033780034802,-46.6147345882342;-23.6013352406393,-46.6151920792878;-23.6033784 -46.6147373;-23.6013375 -46.6152367;233;47;56
89;Thu Mar 14 22:34:47 2019;-23.6033780034802,-46.6147345882342;-23.6013352406393,-46.6151920792878;-23.6033784 -46.6147373;-23.6013375 -46.6152367;233;47;56
90;Thu Mar 14 22:35:47 2019;-23.6033780034802,-46.6147345882342;-23.6013352406393,-46.6151920792878;-23.6033784 -46.6147373;-23.6013375 -46.6152367;233;47;56
91;Thu Mar 14 22:36:47 2019;-23.6033780034802,-46.6147345882342;-23.6013352406393,-46.6151920792878;-23.6033784 -46.6147373;-23.6013375 -46.6152367;233;47;55
92;Thu Mar 14 22:37:47 2019;-23.6033780034802,-46.6147345882342;-23.6013352406393,-46.6151920792878;-23.6033784 -46.6147373;-23.6013375 -46.6152367;233;47;58
93;Thu Mar 14 22:38:48 2019;-23.6033780034802,-46.6147345882342;-23.6013352406393,-46.6151920792878;-23.6033784 -46.6147373;-23.6013375 -46.6152367;233;47;58
94;Thu Mar 14 22:39:47 2019;-23.6033780034802,-46.6147345882342;-23.6013352406393,-46.6151920792878;-23.6033784 -46.6147373;-23.6013375 -46.6152367;233;47;58
95;Thu Mar 14 22:40:47 2019;-23.6033780034802,-46.6147345882342;-23.6013352406393,-46.6151920792878;-23.6033784 -46.6147373;-23.6013375 -46.6152367;233;47;58
96;Thu Mar 14 22:41:47 2019;-23.6033780034802,-46.6147345882342;-23.6013352406393,-46.6151920792878;-23.6033784 -46.6147373;-23.6013375 -46.6152367;233;47;58
97;Thu Mar 14 22:42:47 2019;-23.6033780034802,-46.6147345882342;-23.6013352406393,-46.6151920792878;-23.6033784 -46.6147373;-23.6013375 -46.6152367;233;47;58
98;Thu Mar 14 22:43:47 2019;-23.6033780034802,-46.6147345882342;-23.6013352406393,-46.6151920792878;-23.6033784 -46.6147373;-23.6013375 -46.6152367;233;47;58
99;Thu Mar 14 22:44:48 2019;-23.6033780034802,-46.6147345882342;-23.6013352406393,-46.6151920792878;-23.6033784 -46.6147373;-23.6013375 -46.6152367;233;47;58
100;Thu Mar 14 22:45:47 2019;-23.6033780034802,-46.6147345882342;-23.6013352406393,-46.6151920792878;-23.6033784 -46.6147373;-23.6013375 -46.6152367;233;47;58
101;Thu Mar 14 22:46:48 2019;-23.6033780034802,-46.6147345882342;-23.6013352406393,-46.6151920792878;-23.6033784 -46.6147373;-23.6013375 -46.6152367;233;47;58
102;Thu Mar 14 22:47:47 2019;-23.6033780034802,-46.6147345882342;-23.6013352406393,-46.6151920792878;-23.6033784 -46.6147373;-23.6013375 -46.6152367;233;47;58
103;Thu Mar 14 22:48:47 2019;-23.6033780034802,-46.6147345882342;-23.6013352406393,-46.6151920792878;-23.6033784 -46.6147373;-23.6013375 -46.6152367;233;47;58
104;Thu Mar 14 22:49:47 2019;-23.6033780034802,-46.6147345882342;-23.6013352406393,-46.6151920792878;-23.6033784 -46.6147373;-23.6013375 -46.6152367;233;47;58
105;Thu Mar 14 22:50:47 2019;-23.6033780034802,-46.6147345882342;-23.6013352406393,-46.6151920792878;-23.6033784 -46.6147373;-23.6013375 -46.6152367;233;47;58
106;Thu Mar 14 22:51:47 2019;-23.6033780034802,-46.6147345882342;-23.6013352406393,-46.6151920792878;-23.6033784 -46.6147373;-23.6013375 -46.6152367;233;47;59
107;Thu Mar 14 22:52:47 2019;-23.6033780034802,-46.6147345882342;-23.6013352406393,-46.6151920792878;-23.6033784 -46.6147373;-23.6013375 -46.6152367;233;47;58
108;Thu Mar 14 22:53:47 2019;-23.6033780034802,-46.6147345882342;-23.6013352406393,-46.6151920792878;-23.6033784 -46.6147373;-23.6013375 -46.6152367;233;47;58
109;Thu Mar 14 22:54:47 2019;-23.6033780034802,-46.6147345882342;-23.6013352406393,-46.6151920792878;-23.6033784 -46.6147373;-23.6013375 -46.6152367;233;47;58
110;Thu Mar 14 22:55:47 2019;-23.6033780034802,-46.6147345882342;-23.6013352406393,-46.6151920792878;-23.6033784 -46.6147373;-23.6013375 -46.6152367;233;47;58
111;Thu Mar 14 22:56:48 2019;-23.6033780034802,-46.6147345882342;-23.6013352406393,-46.6151920792878;-23.6033784 -46.6147373;-23.6013375 -46.6152367;233;47;58
112;Thu Mar 14 22:57:47 2019;-23.6033780034802,-46.6147345882342;-23.6013352406393,-46.6151920792878;-23.6033784 -46.6147373;-23.6013375 -46.6152367;233;47;58
113;Thu Mar 14 22:58:47 2019;-23.6033780034802,-46.6147345882342;-23.6013352406393,-46.6151920792878;-23.6033784 -46.6147373;-23.6013375 -46.6152367;233;47;58
114;Thu Mar 14 22:59:47 2019;-23.6033780034802,-46.6147345882342;-23.6013352406393,-46.6151920792878;-23.6033784 -46.6147373;-23.6013375 -46.6152367;233;47;58
115;Thu Mar 14 23:00:47 2019;-23.6033780034802,-46.6147345882342;-23.6013352406393,-46.6151920792878;-23.6033784 -46.6147373;-23.6013375 -46.6152367;233;47;58
116;Thu Mar 14 23:01:47 2019;-23.6033780034802,-46.6147345882342;-23.6013352406393,-46.6151920792878;-23.6033784 -46.6147373;-23.6013375 -46.6152367;233;47;58
117;Thu Mar 14 23:02:47 2019;-23.6033780034802,-46.6147345882342;-23.6013352406393,-46.6151920792878;-23.6033784 -46.6147373;-23.6013375 -46.6152367;233;47;58
118;Thu Mar 14 23:03:47 2019;-23.6033780034802,-46.6147345882342;-23.6013352406393,-46.6151920792878;-23.6033784 -46.6147373;-23.6013375 -46.6152367;233;47;58
119;Thu Mar 14 23:04:47 2019;-23.6033780034802,-46.6147345882342;-23.6013352406393,-46.6151920792878;-23.6033784 -46.6147373;-23.6013375 -46.6152367;233;47;58
120;Thu Mar 14 23:05:47 2019;-23.6033780034802,-46.6147345882342;-23.6013352406393,-46.6151920792878;-23.6033784 -46.6147373;-23.6013375 -46.6152367;233;47;58
121;Thu Mar 14 23:06:48 2019;-23.6033780034802,-46.6147345882342;-23.6013352406393,-46.6151920792878;-23.6033784 -46.6147373;-23.6013375 -46.6152367;233;47;57
122;Thu Mar 14 23:07:47 2019;-23.6033780034802,-46.6147345882342;-23.6013352406393,-46.6151920792878;-23.6033784 -46.6147373;-23.6013375 -46.6152367;233;47;57
123;Thu Mar 14 23:08:47 2019;-23.6033780034802,-46.6147345882342;-23.6013352406393,-46.6151920792878;-23.6033784 -46.6147373;-23.6013375 -46.6152367;233;47;57
124;Thu Mar 14 23:09:47 2019;-23.6033780034802,-46.6147345882342;-23.6013352406393,-46.6151920792878;-23.6033784 -46.6147373;-23.6013375 -46.6152367;233;47;57
125;Thu Mar 14 23:10:47 2019;-23.6033780034802,-46.6147345882342;-23.6013352406393,-46.6151920792878;-23.6033784 -46.6147373;-23.6013375 -46.6152367;233;47;57
126;Thu Mar 14 23:11:47 2019;-23.6033780034802,-46.6147345882342;-23.6013352406393,-46.6151920792878;-23.6033784 -46.6147373;-23.6013375 -46.6152367;233;47;57
127;Thu Mar 14 23:12:47 2019;-23.6033780034802,-46.6147345882342;-23.6013352406393,-46.6151920792878;-23.6033784 -46.6147373;-23.6013375 -46.6152367;233;47;57
128;Thu Mar 14 23:13:47 2019;-23.6033780034802,-46.6147345882342;-23.6013352406393,-46.6151920792878;-23.6033784 -46.6147373;-23.6013375 -46.6152367;233;47;57
129;Thu Mar 14 23:14:47 2019;-23.6033780034802,-46.6147345882342;-23.6013352406393,-46.6151920792878;-23.6033784 -46.6147373;-23.6013375 -46.6152367;233;47;57
130;Thu Mar 14 23:15:47 2019;-23.6033780034802,-46.6147345882342;-23.6013352406393,-46.6151920792878;-23.6033784 -46.6147373;-23.6013375 -46.6152367;233;47;57
131;Thu Mar 14 23:16:47 2019;-23.6033780034802,-46.6147345882342;-23.6013352406393,-46.6151920792878;-23.6033784 -46.6147373;-23.6013375 -46.6152367;233;47;57
132;Thu Mar 14 23:17:47 2019;-23.6033780034802,-46.6147345882342;-23.6013352406393,-46.6151920792878;-23.6033784 -46.6147373;-23.6013375 -46.6152367;233;47;57
133;Thu Mar 14 23:18:47 2019;-23.6033780034802,-46.6147345882342;-23.6013352406393,-46.6151920792878;-23.6033784 -46.6147373;-23.6013375 -46.6152367;233;47;57
134;Thu Mar 14 23:19:47 2019;-23.6033780034802,-46.6147345882342;-23.6013352406393,-46.6151920792878;-23.6033784 -46.6147373;-23.6013375 -46.6152367;233;47;57
135;Thu Mar 14 23:20:47 2019;-23.6033780034802,-46.6147345882342;-23.6013352406393,-46.6151920792878;-23.6033784 -46.6147373;-23.6013375 -46.6152367;233;47;57
136;Thu Mar 14 23:21:47 2019;-23.6033780034802,-46.6147345882342;-23.6013352406393,-46.6151920792878;-23.6033784 -46.6147373;-23.6013375 -46.6152367;233;47;57
137;Thu Mar 14 23:22:48 2019;-23.6033780034802,-46.6147345882342;-23.6013352406393,-46.6151920792878;-23.6033784 -46.6147373;-23.6013375 -46.6152367;233;47;53
138;Thu Mar 14 23:23:47 2019;-23.6033780034802,-46.6147345882342;-23.6013352406393,-46.6151920792878;-23.6033784 -46.6147373;-23.6013375 -46.6152367;233;47;53
139;Thu Mar 14 23:24:47 2019;-23.6033780034802,-46.6147345882342;-23.6013352406393,-46.6151920792878;-23.6033784 -46.6147373;-23.6013375 -46.6152367;233;47;53
140;Thu Mar 14 23:25:47 2019;-23.6033780034802,-46.6147345882342;-23.6013352406393,-46.6151920792878;-23.6033784 -46.6147373;-23.6013375 -46.6152367;233;47;53
141;Thu Mar 14 23:26:48 2019;-23.6033780034802,-46.6147345882342;-23.6013352406393,-46.6151920792878;-23.6033784 -46.6147373;-23.6013375 -46.6152367;233;47;53
142;Thu Mar 14 23:27:47 2019;-23.6033780034802,-46.6147345882342;-23.6013352406393,-46.6151920792878;-23.6033784 -46.6147373;-23.6013375 -46.6152367;233;47;53
143;Thu Mar 14 23:28:47 2019;-23.6033780034802,-46.6147345882342;-23.6013352406393,-46.6151920792878;-23.6033784 -46.6147373;-23.6013375 -46.6152367;233;47;53
144;Thu Mar 14 23:29:47 2019;-23.6033780034802,-46.6147345882342;-23.6013352406393,-46.6151920792878;-23.6033784 -46.6147373;-23.6013375 -46.6152367;233;47;53
145;Thu Mar 14 23:30:47 2019;-23.6033780034802,-46.6147345882342;-23.6013352406393,-46.6151920792878;-23.6033784 -46.6147373;-23.6013375 -46.6152367;233;47;53
146;Thu Mar 14 23:31:47 2019;-23.6033780034802,-46.6147345882342;-23.6013352406393,-46.6151920792878;-23.6033784 -46.6147373;-23.6013375 -46.6152367;233;47;53
147;Thu Mar 14 23:32:48 2019;-23.6033780034802,-46.6147345882342;-23.6013352406393,-46.6151920792878;-23.6033784 -46.6147373;-23.6013375 -46.6152367;233;47;53
148;Thu Mar 14 23:33:47 2019;-23.6033780034802,-46.6147345882342;-23.6013352406393,-46.6151920792878;-23.6033784 -46.6147373;-23.6013375 -46.6152367;233;47;53
149;Thu Mar 14 23:34:47 2019;-23.6033780034802,-46.6147345882342;-23.6013352406393,-46.6151920792878;-23.6033784 -46.6147373;-23.6013375 -46.6152367;233;47;53
150;Thu Mar 14 23:35:47 2019;-23.6033780034802,-46.6147345882342;-23.6013352406393,-46.6151920792878;-23.6033784 -46.6147373;-23.6013375 -46.6152367;233;47;53
151;Thu Mar 14 23:36:48 2019;-23.6033780034802,-46.6147345882342;-23.6013352406393,-46.6151920792878;-23.6033784 -46.6147373;-23.6013375 -46.6152367;233;47;52
152;Thu Mar 14 23:37:48 2019;-23.6033780034802,-46.6147345882342;-23.6013352406393,-46.6151920792878;-23.6033784 -46.6147373;-23.6013375 -46.6152367;233;47;47
153;Thu Mar 14 23:38:47 2019;-23.6033780034802,-46.6147345882342;-23.6013352406393,-46.6151920792878;-23.6033784 -46.6147373;-23.6013375 -46.6152367;233;47;47
154;Thu Mar 14 23:39:47 2019;-23.6033780034802,-46.6147345882342;-23.6013352406393,-46.6151920792878;-23.6033784 -46.6147373;-23.6013375 -46.6152367;233;47;47
155;Thu Mar 14 23:40:47 2019;-23.6033780034802,-46.6147345882342;-23.6013352406393,-46.6151920792878;-23.6033784 -46.6147373;-23.6013375 -46.6152367;233;47;47
156;Thu Mar 14 23:41:47 2019;-23.6033780034802,-46.6147345882342;-23.6013352406393,-46.6151920792878;-23.6033784 -46.6147373;-23.6013375 -46.6152367;233;47;47
157;Thu Mar 14 23:42:48 2019;-23.6033780034802,-46.6147345882342;-23.6013352406393,-46.6151920792878;-23.6033784 -46.6147373;-23.6013375 -46.6152367;233;47;47
158;Thu Mar 14 23:43:47 2019;-23.6033780034802,-46.6147345882342;-23.6013352406393,-46.6151920792878;-23.6033784 -46.6147373;-23.6013375 -46.6152367;233;47;47
159;Thu Mar 14 23:44:47 2019;-23.6033780034802,-46.6147345882342;-23.6013352406393,-46.6151920792878;-23.6033784 -46.6147373;-23.6013375 -46.6152367;233;47;47
160;Thu Mar 14 23:45:47 2019;-23.6033780034802,-46.6147345882342;-23.6013352406393,-46.6151920792878;-23.6033784 -46.6147373;-23.6013375 -46.6152367;233;47;47
161;Thu Mar 14 23:46:48 2019;-23.6033780034802,-46.6147345882342;-23.6013352406393,-46.6151920792878;-23.6033784 -46.6147373;-23.6013375 -46.6152367;233;47;47
162;Thu Mar 14 23:47:47 2019;-23.6033780034802,-46.6147345882342;-23.6013352406393,-46.6151920792878;-23.6033784 -46.6147373;-23.6013375 -46.6152367;233;47;47
163;Thu Mar 14 23:48:47 2019;-23.6033780034802,-46.6147345882342;-23.6013352406393,-46.6151920792878;-23.6033784 -46.6147373;-23.6013375 -46.6152367;233;47;47
164;Thu Mar 14 23:49:47 2019;-23.6033780034802,-46.6147345882342;-23.6013352406393,-46.6151920792878;-23.6033784 -46.6147373;-23.6013375 -46.6152367;233;47;47
165;Thu Mar 14 23:50:47 2019;-23.6033780034802,-46.6147345882342;-23.6013352406393,-46.6151920792878;-23.6033784 -46.6147373;-23.6013375 -46.6152367;233;47;47
166;Thu Mar 14 23:51:47 2019;-23.6033780034802,-46.6147345882342;-23.6013352406393,-46.6151920792878;-23.6033784 -46.6147373;-23.6013375 -46.6152367;233;47;47
167;Thu Mar 14 23:52:48 2019;-23.6033780034802,-46.6147345882342;-23.6013352406393,-46.6151920792878;-23.6033784 -46.6147373;-23.6013375 -46.6152367;233;47;48
168;Thu Mar 14 23:53:47 2019;-23.6033780034802,-46.6147345882342;-23.6013352406393,-46.6151920792878;-23.6033784 -46.6147373;-23.6013375 -46.6152367;233;47;48
169;Thu Mar 14 23:54:47 2019;-23.6033780034802,-46.6147345882342;-23.6013352406393,-46.6151920792878;-23.6033784 -46.6147373;-23.6013375 -46.6152367;233;47;48
170;Thu Mar 14 23:55:47 2019;-23.6033780034802,-46.6147345882342;-23.6013352406393,-46.6151920792878;-23.6033784 -46.6147373;-23.6013375 -46.6152367;233;47;48
171;Thu Mar 14 23:56:47 2019;-23.6033780034802,-46.6147345882342;-23.6013352406393,-46.6151920792878;-23.6033784 -46.6147373;-23.6013375 -46.6152367;233;47;48
172;Thu Mar 14 23:57:47 2019;-23.6033780034802,-46.6147345882342;-23.6013352406393,-46.6151920792878;-23.6033784 -46.6147373;-23.6013375 -46.6152367;233;47;48
173;Thu Mar 14 23:58:47 2019;-23.6033780034802,-46.6147345882342;-23.6013352406393,-46.6151920792878;-23.6033784 -46.6147373;-23.6013375 -46.6152367;233;47;48
174;Thu Mar 14 23:59:47 2019;-23.6033780034802,-46.6147345882342;-23.6013352406393,-46.6151920792878;-23.6033784 -46.6147373;-23.6013375 -46.6152367;233;47;48
