38972;Thu Mar 14 00:00:33 2019;-23.6370503433708,-46.6071614565125;-23.6352490309203,-46.6060593591848;-23.6370451 -46.6071616;-23.6352449 -46.6060678;260;54;41
39213;Thu Mar 14 04:01:33 2019;-23.6370503433708,-46.6071614565125;-23.6352490309203,-46.6060593591848;-23.6370451 -46.6071616;-23.6352449 -46.6060678;260;54;29
39214;Thu Mar 14 04:02:33 2019;-23.6370503433708,-46.6071614565125;-23.6352490309203,-46.6060593591848;-23.6370451 -46.6071616;-23.6352449 -46.6060678;260;54;29
39215;Thu Mar 14 04:03:33 2019;-23.6370503433708,-46.6071614565125;-23.6352490309203,-46.6060593591848;-23.6370451 -46.6071616;-23.6352449 -46.6060678;260;54;29
39216;Thu Mar 14 04:04:33 2019;-23.6370503433708,-46.6071614565125;-23.6352490309203,-46.6060593591848;-23.6370451 -46.6071616;-23.6352449 -46.6060678;260;54;29
39217;Thu Mar 14 04:05:33 2019;-23.6370503433708,-46.6071614565125;-23.6352490309203,-46.6060593591848;-23.6370451 -46.6071616;-23.6352449 -46.6060678;260;54;29
39218;Thu Mar 14 04:06:33 2019;-23.6370503433708,-46.6071614565125;-23.6352490309203,-46.6060593591848;-23.6370451 -46.6071616;-23.6352449 -46.6060678;260;54;29
39219;Thu Mar 14 04:07:33 2019;-23.6370503433708,-46.6071614565125;-23.6352490309203,-46.6060593591848;-23.6370451 -46.6071616;-23.6352449 -46.6060678;260;54;32
39220;Thu Mar 14 04:08:33 2019;-23.6370503433708,-46.6071614565125;-23.6352490309203,-46.6060593591848;-23.6370451 -46.6071616;-23.6352449 -46.6060678;260;54;32
39221;Thu Mar 14 04:09:33 2019;-23.6370503433708,-46.6071614565125;-23.6352490309203,-46.6060593591848;-23.6370451 -46.6071616;-23.6352449 -46.6060678;260;54;32
1;Thu Mar 14 21:06:50 2019;-23.6370503433708,-46.6071614565125;-23.6352490309203,-46.6060593591848;-23.6370451 -46.6071616;-23.6352449 -46.6060678;260;54;66
2;Thu Mar 14 21:07:46 2019;-23.6370503433708,-46.6071614565125;-23.6352490309203,-46.6060593591848;-23.6370451 -46.6071616;-23.6352449 -46.6060678;260;54;63
3;Thu Mar 14 21:08:49 2019;-23.6370503433708,-46.6071614565125;-23.6352490309203,-46.6060593591848;-23.6370451 -46.6071616;-23.6352449 -46.6060678;260;54;63
4;Thu Mar 14 21:09:46 2019;-23.6370503433708,-46.6071614565125;-23.6352490309203,-46.6060593591848;-23.6370451 -46.6071616;-23.6352449 -46.6060678;260;54;63
5;Thu Mar 14 21:10:46 2019;-23.6370503433708,-46.6071614565125;-23.6352490309203,-46.6060593591848;-23.6370451 -46.6071616;-23.6352449 -46.6060678;260;54;63
6;Thu Mar 14 21:11:46 2019;-23.6370503433708,-46.6071614565125;-23.6352490309203,-46.6060593591848;-23.6370451 -46.6071616;-23.6352449 -46.6060678;260;54;63
7;Thu Mar 14 21:12:45 2019;-23.6370503433708,-46.6071614565125;-23.6352490309203,-46.6060593591848;-23.6370451 -46.6071616;-23.6352449 -46.6060678;260;54;63
8;Thu Mar 14 21:13:46 2019;-23.6370503433708,-46.6071614565125;-23.6352490309203,-46.6060593591848;-23.6370451 -46.6071616;-23.6352449 -46.6060678;260;54;63
9;Thu Mar 14 21:14:46 2019;-23.6370503433708,-46.6071614565125;-23.6352490309203,-46.6060593591848;-23.6370451 -46.6071616;-23.6352449 -46.6060678;260;54;63
10;Thu Mar 14 21:15:46 2019;-23.6370503433708,-46.6071614565125;-23.6352490309203,-46.6060593591848;-23.6370451 -46.6071616;-23.6352449 -46.6060678;260;54;63
11;Thu Mar 14 21:16:46 2019;-23.6370503433708,-46.6071614565125;-23.6352490309203,-46.6060593591848;-23.6370451 -46.6071616;-23.6352449 -46.6060678;260;54;63
12;Thu Mar 14 21:17:46 2019;-23.6370503433708,-46.6071614565125;-23.6352490309203,-46.6060593591848;-23.6370451 -46.6071616;-23.6352449 -46.6060678;260;54;63
13;Thu Mar 14 21:18:46 2019;-23.6370503433708,-46.6071614565125;-23.6352490309203,-46.6060593591848;-23.6370451 -46.6071616;-23.6352449 -46.6060678;260;54;63
14;Thu Mar 14 21:19:46 2019;-23.6370503433708,-46.6071614565125;-23.6352490309203,-46.6060593591848;-23.6370451 -46.6071616;-23.6352449 -46.6060678;260;54;63
15;Thu Mar 14 21:20:46 2019;-23.6370503433708,-46.6071614565125;-23.6352490309203,-46.6060593591848;-23.6370451 -46.6071616;-23.6352449 -46.6060678;260;54;63
16;Thu Mar 14 21:21:47 2019;-23.6370503433708,-46.6071614565125;-23.6352490309203,-46.6060593591848;-23.6370451 -46.6071616;-23.6352449 -46.6060678;260;54;61
17;Thu Mar 14 21:22:46 2019;-23.6370503433708,-46.6071614565125;-23.6352490309203,-46.6060593591848;-23.6370451 -46.6071616;-23.6352449 -46.6060678;260;54;62
18;Thu Mar 14 21:23:46 2019;-23.6370503433708,-46.6071614565125;-23.6352490309203,-46.6060593591848;-23.6370451 -46.6071616;-23.6352449 -46.6060678;260;54;62
19;Thu Mar 14 21:24:46 2019;-23.6370503433708,-46.6071614565125;-23.6352490309203,-46.6060593591848;-23.6370451 -46.6071616;-23.6352449 -46.6060678;260;54;62
20;Thu Mar 14 21:25:45 2019;-23.6370503433708,-46.6071614565125;-23.6352490309203,-46.6060593591848;-23.6370451 -46.6071616;-23.6352449 -46.6060678;260;54;62
21;Thu Mar 14 21:26:46 2019;-23.6370503433708,-46.6071614565125;-23.6352490309203,-46.6060593591848;-23.6370451 -46.6071616;-23.6352449 -46.6060678;260;54;62
22;Thu Mar 14 21:27:46 2019;-23.6370503433708,-46.6071614565125;-23.6352490309203,-46.6060593591848;-23.6370451 -46.6071616;-23.6352449 -46.6060678;260;54;62
23;Thu Mar 14 21:28:46 2019;-23.6370503433708,-46.6071614565125;-23.6352490309203,-46.6060593591848;-23.6370451 -46.6071616;-23.6352449 -46.6060678;260;54;62
24;Thu Mar 14 21:29:46 2019;-23.6370503433708,-46.6071614565125;-23.6352490309203,-46.6060593591848;-23.6370451 -46.6071616;-23.6352449 -46.6060678;260;54;62
25;Thu Mar 14 21:30:46 2019;-23.6370503433708,-46.6071614565125;-23.6352490309203,-46.6060593591848;-23.6370451 -46.6071616;-23.6352449 -46.6060678;260;54;62
26;Thu Mar 14 21:31:46 2019;-23.6370503433708,-46.6071614565125;-23.6352490309203,-46.6060593591848;-23.6370451 -46.6071616;-23.6352449 -46.6060678;260;54;62
27;Thu Mar 14 21:32:45 2019;-23.6370503433708,-46.6071614565125;-23.6352490309203,-46.6060593591848;-23.6370451 -46.6071616;-23.6352449 -46.6060678;260;54;62
28;Thu Mar 14 21:33:46 2019;-23.6370503433708,-46.6071614565125;-23.6352490309203,-46.6060593591848;-23.6370451 -46.6071616;-23.6352449 -46.6060678;260;54;62
29;Thu Mar 14 21:34:46 2019;-23.6370503433708,-46.6071614565125;-23.6352490309203,-46.6060593591848;-23.6370451 -46.6071616;-23.6352449 -46.6060678;260;54;62
30;Thu Mar 14 21:35:46 2019;-23.6370503433708,-46.6071614565125;-23.6352490309203,-46.6060593591848;-23.6370451 -46.6071616;-23.6352449 -46.6060678;260;54;62
31;Thu Mar 14 21:36:46 2019;-23.6370503433708,-46.6071614565125;-23.6352490309203,-46.6060593591848;-23.6370451 -46.6071616;-23.6352449 -46.6060678;260;54;62
32;Thu Mar 14 21:37:45 2019;-23.6370503433708,-46.6071614565125;-23.6352490309203,-46.6060593591848;-23.6370451 -46.6071616;-23.6352449 -46.6060678;260;54;58
33;Thu Mar 14 21:38:46 2019;-23.6370503433708,-46.6071614565125;-23.6352490309203,-46.6060593591848;-23.6370451 -46.6071616;-23.6352449 -46.6060678;260;54;58
34;Thu Mar 14 21:39:46 2019;-23.6370503433708,-46.6071614565125;-23.6352490309203,-46.6060593591848;-23.6370451 -46.6071616;-23.6352449 -46.6060678;260;54;58
35;Thu Mar 14 21:40:45 2019;-23.6370503433708,-46.6071614565125;-23.6352490309203,-46.6060593591848;-23.6370451 -46.6071616;-23.6352449 -46.6060678;260;54;58
36;Thu Mar 14 21:41:46 2019;-23.6370503433708,-46.6071614565125;-23.6352490309203,-46.6060593591848;-23.6370451 -46.6071616;-23.6352449 -46.6060678;260;54;58
37;Thu Mar 14 21:42:46 2019;-23.6370503433708,-46.6071614565125;-23.6352490309203,-46.6060593591848;-23.6370451 -46.6071616;-23.6352449 -46.6060678;260;54;58
38;Thu Mar 14 21:43:45 2019;-23.6370503433708,-46.6071614565125;-23.6352490309203,-46.6060593591848;-23.6370451 -46.6071616;-23.6352449 -46.6060678;260;54;58
39;Thu Mar 14 21:44:46 2019;-23.6370503433708,-46.6071614565125;-23.6352490309203,-46.6060593591848;-23.6370451 -46.6071616;-23.6352449 -46.6060678;260;54;58
40;Thu Mar 14 21:45:45 2019;-23.6370503433708,-46.6071614565125;-23.6352490309203,-46.6060593591848;-23.6370451 -46.6071616;-23.6352449 -46.6060678;260;54;58
41;Thu Mar 14 21:46:46 2019;-23.6370503433708,-46.6071614565125;-23.6352490309203,-46.6060593591848;-23.6370451 -46.6071616;-23.6352449 -46.6060678;260;54;58
42;Thu Mar 14 21:47:46 2019;-23.6370503433708,-46.6071614565125;-23.6352490309203,-46.6060593591848;-23.6370451 -46.6071616;-23.6352449 -46.6060678;260;54;58
43;Thu Mar 14 21:48:46 2019;-23.6370503433708,-46.6071614565125;-23.6352490309203,-46.6060593591848;-23.6370451 -46.6071616;-23.6352449 -46.6060678;260;54;58
44;Thu Mar 14 21:49:46 2019;-23.6370503433708,-46.6071614565125;-23.6352490309203,-46.6060593591848;-23.6370451 -46.6071616;-23.6352449 -46.6060678;260;54;58
45;Thu Mar 14 21:50:46 2019;-23.6370503433708,-46.6071614565125;-23.6352490309203,-46.6060593591848;-23.6370451 -46.6071616;-23.6352449 -46.6060678;260;54;58
46;Thu Mar 14 21:51:45 2019;-23.6370503433708,-46.6071614565125;-23.6352490309203,-46.6060593591848;-23.6370451 -46.6071616;-23.6352449 -46.6060678;260;54;58
47;Thu Mar 14 21:52:45 2019;-23.6370503433708,-46.6071614565125;-23.6352490309203,-46.6060593591848;-23.6370451 -46.6071616;-23.6352449 -46.6060678;260;54;50
48;Thu Mar 14 21:53:46 2019;-23.6370503433708,-46.6071614565125;-23.6352490309203,-46.6060593591848;-23.6370451 -46.6071616;-23.6352449 -46.6060678;260;54;50
49;Thu Mar 14 21:54:46 2019;-23.6370503433708,-46.6071614565125;-23.6352490309203,-46.6060593591848;-23.6370451 -46.6071616;-23.6352449 -46.6060678;260;54;50
50;Thu Mar 14 21:55:46 2019;-23.6370503433708,-46.6071614565125;-23.6352490309203,-46.6060593591848;-23.6370451 -46.6071616;-23.6352449 -46.6060678;260;54;50
51;Thu Mar 14 21:56:46 2019;-23.6370503433708,-46.6071614565125;-23.6352490309203,-46.6060593591848;-23.6370451 -46.6071616;-23.6352449 -46.6060678;260;54;50
52;Thu Mar 14 21:57:45 2019;-23.6370503433708,-46.6071614565125;-23.6352490309203,-46.6060593591848;-23.6370451 -46.6071616;-23.6352449 -46.6060678;260;54;50
53;Thu Mar 14 21:58:46 2019;-23.6370503433708,-46.6071614565125;-23.6352490309203,-46.6060593591848;-23.6370451 -46.6071616;-23.6352449 -46.6060678;260;54;50
54;Thu Mar 14 21:59:46 2019;-23.6370503433708,-46.6071614565125;-23.6352490309203,-46.6060593591848;-23.6370451 -46.6071616;-23.6352449 -46.6060678;260;54;50
55;Thu Mar 14 22:00:46 2019;-23.6370503433708,-46.6071614565125;-23.6352490309203,-46.6060593591848;-23.6370451 -46.6071616;-23.6352449 -46.6060678;260;54;50
56;Thu Mar 14 22:01:46 2019;-23.6370503433708,-46.6071614565125;-23.6352490309203,-46.6060593591848;-23.6370451 -46.6071616;-23.6352449 -46.6060678;260;54;50
57;Thu Mar 14 22:02:45 2019;-23.6370503433708,-46.6071614565125;-23.6352490309203,-46.6060593591848;-23.6370451 -46.6071616;-23.6352449 -46.6060678;260;54;50
58;Thu Mar 14 22:03:46 2019;-23.6370503433708,-46.6071614565125;-23.6352490309203,-46.6060593591848;-23.6370451 -46.6071616;-23.6352449 -46.6060678;260;54;50
59;Thu Mar 14 22:04:46 2019;-23.6370503433708,-46.6071614565125;-23.6352490309203,-46.6060593591848;-23.6370451 -46.6071616;-23.6352449 -46.6060678;260;54;50
60;Thu Mar 14 22:05:46 2019;-23.6370503433708,-46.6071614565125;-23.6352490309203,-46.6060593591848;-23.6370451 -46.6071616;-23.6352449 -46.6060678;260;54;50
61;Thu Mar 14 22:06:46 2019;-23.6370503433708,-46.6071614565125;-23.6352490309203,-46.6060593591848;-23.6370451 -46.6071616;-23.6352449 -46.6060678;260;54;50
62;Thu Mar 14 22:07:46 2019;-23.6370503433708,-46.6071614565125;-23.6352490309203,-46.6060593591848;-23.6370451 -46.6071616;-23.6352449 -46.6060678;260;54;50
63;Thu Mar 14 22:08:46 2019;-23.6370503433708,-46.6071614565125;-23.6352490309203,-46.6060593591848;-23.6370451 -46.6071616;-23.6352449 -46.6060678;260;54;50
64;Thu Mar 14 22:09:45 2019;-23.6370503433708,-46.6071614565125;-23.6352490309203,-46.6060593591848;-23.6370451 -46.6071616;-23.6352449 -46.6060678;260;54;50
65;Thu Mar 14 22:10:46 2019;-23.6370503433708,-46.6071614565125;-23.6352490309203,-46.6060593591848;-23.6370451 -46.6071616;-23.6352449 -46.6060678;260;54;50
66;Thu Mar 14 22:11:46 2019;-23.6370503433708,-46.6071614565125;-23.6352490309203,-46.6060593591848;-23.6370451 -46.6071616;-23.6352449 -46.6060678;260;54;50
67;Thu Mar 14 22:12:45 2019;-23.6370503433708,-46.6071614565125;-23.6352490309203,-46.6060593591848;-23.6370451 -46.6071616;-23.6352449 -46.6060678;260;54;50
68;Thu Mar 14 22:13:46 2019;-23.6370503433708,-46.6071614565125;-23.6352490309203,-46.6060593591848;-23.6370451 -46.6071616;-23.6352449 -46.6060678;260;54;50
69;Thu Mar 14 22:14:45 2019;-23.6370503433708,-46.6071614565125;-23.6352490309203,-46.6060593591848;-23.6370451 -46.6071616;-23.6352449 -46.6060678;260;54;50
70;Thu Mar 14 22:15:46 2019;-23.6370503433708,-46.6071614565125;-23.6352490309203,-46.6060593591848;-23.6370451 -46.6071616;-23.6352449 -46.6060678;260;54;50
71;Thu Mar 14 22:16:45 2019;-23.6370503433708,-46.6071614565125;-23.6352490309203,-46.6060593591848;-23.6370451 -46.6071616;-23.6352449 -46.6060678;260;54;50
72;Thu Mar 14 22:17:46 2019;-23.6370503433708,-46.6071614565125;-23.6352490309203,-46.6060593591848;-23.6370451 -46.6071616;-23.6352449 -46.6060678;260;54;50
73;Thu Mar 14 22:18:46 2019;-23.6370503433708,-46.6071614565125;-23.6352490309203,-46.6060593591848;-23.6370451 -46.6071616;-23.6352449 -46.6060678;260;54;50
74;Thu Mar 14 22:19:46 2019;-23.6370503433708,-46.6071614565125;-23.6352490309203,-46.6060593591848;-23.6370451 -46.6071616;-23.6352449 -46.6060678;260;54;50
75;Thu Mar 14 22:20:45 2019;-23.6370503433708,-46.6071614565125;-23.6352490309203,-46.6060593591848;-23.6370451 -46.6071616;-23.6352449 -46.6060678;260;54;50
76;Thu Mar 14 22:21:46 2019;-23.6370503433708,-46.6071614565125;-23.6352490309203,-46.6060593591848;-23.6370451 -46.6071616;-23.6352449 -46.6060678;260;54;50
77;Thu Mar 14 22:22:46 2019;-23.6370503433708,-46.6071614565125;-23.6352490309203,-46.6060593591848;-23.6370451 -46.6071616;-23.6352449 -46.6060678;260;54;46
78;Thu Mar 14 22:23:46 2019;-23.6370503433708,-46.6071614565125;-23.6352490309203,-46.6060593591848;-23.6370451 -46.6071616;-23.6352449 -46.6060678;260;54;46
79;Thu Mar 14 22:24:46 2019;-23.6370503433708,-46.6071614565125;-23.6352490309203,-46.6060593591848;-23.6370451 -46.6071616;-23.6352449 -46.6060678;260;54;46
80;Thu Mar 14 22:25:46 2019;-23.6370503433708,-46.6071614565125;-23.6352490309203,-46.6060593591848;-23.6370451 -46.6071616;-23.6352449 -46.6060678;260;54;46
81;Thu Mar 14 22:26:45 2019;-23.6370503433708,-46.6071614565125;-23.6352490309203,-46.6060593591848;-23.6370451 -46.6071616;-23.6352449 -46.6060678;260;54;46
82;Thu Mar 14 22:27:46 2019;-23.6370503433708,-46.6071614565125;-23.6352490309203,-46.6060593591848;-23.6370451 -46.6071616;-23.6352449 -46.6060678;260;54;46
83;Thu Mar 14 22:28:45 2019;-23.6370503433708,-46.6071614565125;-23.6352490309203,-46.6060593591848;-23.6370451 -46.6071616;-23.6352449 -46.6060678;260;54;46
84;Thu Mar 14 22:29:46 2019;-23.6370503433708,-46.6071614565125;-23.6352490309203,-46.6060593591848;-23.6370451 -46.6071616;-23.6352449 -46.6060678;260;54;46
85;Thu Mar 14 22:30:46 2019;-23.6370503433708,-46.6071614565125;-23.6352490309203,-46.6060593591848;-23.6370451 -46.6071616;-23.6352449 -46.6060678;260;54;46
86;Thu Mar 14 22:31:45 2019;-23.6370503433708,-46.6071614565125;-23.6352490309203,-46.6060593591848;-23.6370451 -46.6071616;-23.6352449 -46.6060678;260;54;46
87;Thu Mar 14 22:32:46 2019;-23.6370503433708,-46.6071614565125;-23.6352490309203,-46.6060593591848;-23.6370451 -46.6071616;-23.6352449 -46.6060678;260;54;46
88;Thu Mar 14 22:33:46 2019;-23.6370503433708,-46.6071614565125;-23.6352490309203,-46.6060593591848;-23.6370451 -46.6071616;-23.6352449 -46.6060678;260;54;46
89;Thu Mar 14 22:34:45 2019;-23.6370503433708,-46.6071614565125;-23.6352490309203,-46.6060593591848;-23.6370451 -46.6071616;-23.6352449 -46.6060678;260;54;46
90;Thu Mar 14 22:35:46 2019;-23.6370503433708,-46.6071614565125;-23.6352490309203,-46.6060593591848;-23.6370451 -46.6071616;-23.6352449 -46.6060678;260;54;46
91;Thu Mar 14 22:36:45 2019;-23.6370503433708,-46.6071614565125;-23.6352490309203,-46.6060593591848;-23.6370451 -46.6071616;-23.6352449 -46.6060678;260;54;46
92;Thu Mar 14 22:37:45 2019;-23.6370503433708,-46.6071614565125;-23.6352490309203,-46.6060593591848;-23.6370451 -46.6071616;-23.6352449 -46.6060678;260;54;50
93;Thu Mar 14 22:38:46 2019;-23.6370503433708,-46.6071614565125;-23.6352490309203,-46.6060593591848;-23.6370451 -46.6071616;-23.6352449 -46.6060678;260;54;50
94;Thu Mar 14 22:39:46 2019;-23.6370503433708,-46.6071614565125;-23.6352490309203,-46.6060593591848;-23.6370451 -46.6071616;-23.6352449 -46.6060678;260;54;50
95;Thu Mar 14 22:40:46 2019;-23.6370503433708,-46.6071614565125;-23.6352490309203,-46.6060593591848;-23.6370451 -46.6071616;-23.6352449 -46.6060678;260;54;50
96;Thu Mar 14 22:41:45 2019;-23.6370503433708,-46.6071614565125;-23.6352490309203,-46.6060593591848;-23.6370451 -46.6071616;-23.6352449 -46.6060678;260;54;50
97;Thu Mar 14 22:42:46 2019;-23.6370503433708,-46.6071614565125;-23.6352490309203,-46.6060593591848;-23.6370451 -46.6071616;-23.6352449 -46.6060678;260;54;50
98;Thu Mar 14 22:43:46 2019;-23.6370503433708,-46.6071614565125;-23.6352490309203,-46.6060593591848;-23.6370451 -46.6071616;-23.6352449 -46.6060678;260;54;50
99;Thu Mar 14 22:44:46 2019;-23.6370503433708,-46.6071614565125;-23.6352490309203,-46.6060593591848;-23.6370451 -46.6071616;-23.6352449 -46.6060678;260;54;50
100;Thu Mar 14 22:45:46 2019;-23.6370503433708,-46.6071614565125;-23.6352490309203,-46.6060593591848;-23.6370451 -46.6071616;-23.6352449 -46.6060678;260;54;50
101;Thu Mar 14 22:46:46 2019;-23.6370503433708,-46.6071614565125;-23.6352490309203,-46.6060593591848;-23.6370451 -46.6071616;-23.6352449 -46.6060678;260;54;50
102;Thu Mar 14 22:47:46 2019;-23.6370503433708,-46.6071614565125;-23.6352490309203,-46.6060593591848;-23.6370451 -46.6071616;-23.6352449 -46.6060678;260;54;50
103;Thu Mar 14 22:48:46 2019;-23.6370503433708,-46.6071614565125;-23.6352490309203,-46.6060593591848;-23.6370451 -46.6071616;-23.6352449 -46.6060678;260;54;50
104;Thu Mar 14 22:49:46 2019;-23.6370503433708,-46.6071614565125;-23.6352490309203,-46.6060593591848;-23.6370451 -46.6071616;-23.6352449 -46.6060678;260;54;50
105;Thu Mar 14 22:50:46 2019;-23.6370503433708,-46.6071614565125;-23.6352490309203,-46.6060593591848;-23.6370451 -46.6071616;-23.6352449 -46.6060678;260;54;50
106;Thu Mar 14 22:51:46 2019;-23.6370503433708,-46.6071614565125;-23.6352490309203,-46.6060593591848;-23.6370451 -46.6071616;-23.6352449 -46.6060678;260;54;50
107;Thu Mar 14 22:52:45 2019;-23.6370503433708,-46.6071614565125;-23.6352490309203,-46.6060593591848;-23.6370451 -46.6071616;-23.6352449 -46.6060678;260;54;44
108;Thu Mar 14 22:53:46 2019;-23.6370503433708,-46.6071614565125;-23.6352490309203,-46.6060593591848;-23.6370451 -46.6071616;-23.6352449 -46.6060678;260;54;44
109;Thu Mar 14 22:54:46 2019;-23.6370503433708,-46.6071614565125;-23.6352490309203,-46.6060593591848;-23.6370451 -46.6071616;-23.6352449 -46.6060678;260;54;44
110;Thu Mar 14 22:55:46 2019;-23.6370503433708,-46.6071614565125;-23.6352490309203,-46.6060593591848;-23.6370451 -46.6071616;-23.6352449 -46.6060678;260;54;44
111;Thu Mar 14 22:56:46 2019;-23.6370503433708,-46.6071614565125;-23.6352490309203,-46.6060593591848;-23.6370451 -46.6071616;-23.6352449 -46.6060678;260;54;44
112;Thu Mar 14 22:57:46 2019;-23.6370503433708,-46.6071614565125;-23.6352490309203,-46.6060593591848;-23.6370451 -46.6071616;-23.6352449 -46.6060678;260;54;44
113;Thu Mar 14 22:58:46 2019;-23.6370503433708,-46.6071614565125;-23.6352490309203,-46.6060593591848;-23.6370451 -46.6071616;-23.6352449 -46.6060678;260;54;44
114;Thu Mar 14 22:59:46 2019;-23.6370503433708,-46.6071614565125;-23.6352490309203,-46.6060593591848;-23.6370451 -46.6071616;-23.6352449 -46.6060678;260;54;44
115;Thu Mar 14 23:00:45 2019;-23.6370503433708,-46.6071614565125;-23.6352490309203,-46.6060593591848;-23.6370451 -46.6071616;-23.6352449 -46.6060678;260;54;44
116;Thu Mar 14 23:01:45 2019;-23.6370503433708,-46.6071614565125;-23.6352490309203,-46.6060593591848;-23.6370451 -46.6071616;-23.6352449 -46.6060678;260;54;44
117;Thu Mar 14 23:02:45 2019;-23.6370503433708,-46.6071614565125;-23.6352490309203,-46.6060593591848;-23.6370451 -46.6071616;-23.6352449 -46.6060678;260;54;44
118;Thu Mar 14 23:03:46 2019;-23.6370503433708,-46.6071614565125;-23.6352490309203,-46.6060593591848;-23.6370451 -46.6071616;-23.6352449 -46.6060678;260;54;44
119;Thu Mar 14 23:04:46 2019;-23.6370503433708,-46.6071614565125;-23.6352490309203,-46.6060593591848;-23.6370451 -46.6071616;-23.6352449 -46.6060678;260;54;44
120;Thu Mar 14 23:05:45 2019;-23.6370503433708,-46.6071614565125;-23.6352490309203,-46.6060593591848;-23.6370451 -46.6071616;-23.6352449 -46.6060678;260;54;44
121;Thu Mar 14 23:06:46 2019;-23.6370503433708,-46.6071614565125;-23.6352490309203,-46.6060593591848;-23.6370451 -46.6071616;-23.6352449 -46.6060678;260;54;44
122;Thu Mar 14 23:07:45 2019;-23.6370503433708,-46.6071614565125;-23.6352490309203,-46.6060593591848;-23.6370451 -46.6071616;-23.6352449 -46.6060678;260;54;44
123;Thu Mar 14 23:08:46 2019;-23.6370503433708,-46.6071614565125;-23.6352490309203,-46.6060593591848;-23.6370451 -46.6071616;-23.6352449 -46.6060678;260;54;44
124;Thu Mar 14 23:09:46 2019;-23.6370503433708,-46.6071614565125;-23.6352490309203,-46.6060593591848;-23.6370451 -46.6071616;-23.6352449 -46.6060678;260;54;44
125;Thu Mar 14 23:10:45 2019;-23.6370503433708,-46.6071614565125;-23.6352490309203,-46.6060593591848;-23.6370451 -46.6071616;-23.6352449 -46.6060678;260;54;44
126;Thu Mar 14 23:11:46 2019;-23.6370503433708,-46.6071614565125;-23.6352490309203,-46.6060593591848;-23.6370451 -46.6071616;-23.6352449 -46.6060678;260;54;44
127;Thu Mar 14 23:12:45 2019;-23.6370503433708,-46.6071614565125;-23.6352490309203,-46.6060593591848;-23.6370451 -46.6071616;-23.6352449 -46.6060678;260;54;44
128;Thu Mar 14 23:13:45 2019;-23.6370503433708,-46.6071614565125;-23.6352490309203,-46.6060593591848;-23.6370451 -46.6071616;-23.6352449 -46.6060678;260;54;44
129;Thu Mar 14 23:14:46 2019;-23.6370503433708,-46.6071614565125;-23.6352490309203,-46.6060593591848;-23.6370451 -46.6071616;-23.6352449 -46.6060678;260;54;44
130;Thu Mar 14 23:15:45 2019;-23.6370503433708,-46.6071614565125;-23.6352490309203,-46.6060593591848;-23.6370451 -46.6071616;-23.6352449 -46.6060678;260;54;44
131;Thu Mar 14 23:16:45 2019;-23.6370503433708,-46.6071614565125;-23.6352490309203,-46.6060593591848;-23.6370451 -46.6071616;-23.6352449 -46.6060678;260;54;44
132;Thu Mar 14 23:17:46 2019;-23.6370503433708,-46.6071614565125;-23.6352490309203,-46.6060593591848;-23.6370451 -46.6071616;-23.6352449 -46.6060678;260;54;44
133;Thu Mar 14 23:18:45 2019;-23.6370503433708,-46.6071614565125;-23.6352490309203,-46.6060593591848;-23.6370451 -46.6071616;-23.6352449 -46.6060678;260;54;44
134;Thu Mar 14 23:19:45 2019;-23.6370503433708,-46.6071614565125;-23.6352490309203,-46.6060593591848;-23.6370451 -46.6071616;-23.6352449 -46.6060678;260;54;44
135;Thu Mar 14 23:20:45 2019;-23.6370503433708,-46.6071614565125;-23.6352490309203,-46.6060593591848;-23.6370451 -46.6071616;-23.6352449 -46.6060678;260;54;44
136;Thu Mar 14 23:21:46 2019;-23.6370503433708,-46.6071614565125;-23.6352490309203,-46.6060593591848;-23.6370451 -46.6071616;-23.6352449 -46.6060678;260;54;44
137;Thu Mar 14 23:22:45 2019;-23.6370503433708,-46.6071614565125;-23.6352490309203,-46.6060593591848;-23.6370451 -46.6071616;-23.6352449 -46.6060678;260;54;52
138;Thu Mar 14 23:23:46 2019;-23.6370503433708,-46.6071614565125;-23.6352490309203,-46.6060593591848;-23.6370451 -46.6071616;-23.6352449 -46.6060678;260;54;52
139;Thu Mar 14 23:24:46 2019;-23.6370503433708,-46.6071614565125;-23.6352490309203,-46.6060593591848;-23.6370451 -46.6071616;-23.6352449 -46.6060678;260;54;52
140;Thu Mar 14 23:25:45 2019;-23.6370503433708,-46.6071614565125;-23.6352490309203,-46.6060593591848;-23.6370451 -46.6071616;-23.6352449 -46.6060678;260;54;52
141;Thu Mar 14 23:26:46 2019;-23.6370503433708,-46.6071614565125;-23.6352490309203,-46.6060593591848;-23.6370451 -46.6071616;-23.6352449 -46.6060678;260;54;52
142;Thu Mar 14 23:27:45 2019;-23.6370503433708,-46.6071614565125;-23.6352490309203,-46.6060593591848;-23.6370451 -46.6071616;-23.6352449 -46.6060678;260;54;52
143;Thu Mar 14 23:28:46 2019;-23.6370503433708,-46.6071614565125;-23.6352490309203,-46.6060593591848;-23.6370451 -46.6071616;-23.6352449 -46.6060678;260;54;52
144;Thu Mar 14 23:29:45 2019;-23.6370503433708,-46.6071614565125;-23.6352490309203,-46.6060593591848;-23.6370451 -46.6071616;-23.6352449 -46.6060678;260;54;52
145;Thu Mar 14 23:30:46 2019;-23.6370503433708,-46.6071614565125;-23.6352490309203,-46.6060593591848;-23.6370451 -46.6071616;-23.6352449 -46.6060678;260;54;52
146;Thu Mar 14 23:31:46 2019;-23.6370503433708,-46.6071614565125;-23.6352490309203,-46.6060593591848;-23.6370451 -46.6071616;-23.6352449 -46.6060678;260;54;52
147;Thu Mar 14 23:32:46 2019;-23.6370503433708,-46.6071614565125;-23.6352490309203,-46.6060593591848;-23.6370451 -46.6071616;-23.6352449 -46.6060678;260;54;52
148;Thu Mar 14 23:33:46 2019;-23.6370503433708,-46.6071614565125;-23.6352490309203,-46.6060593591848;-23.6370451 -46.6071616;-23.6352449 -46.6060678;260;54;52
149;Thu Mar 14 23:34:46 2019;-23.6370503433708,-46.6071614565125;-23.6352490309203,-46.6060593591848;-23.6370451 -46.6071616;-23.6352449 -46.6060678;260;54;52
150;Thu Mar 14 23:35:46 2019;-23.6370503433708,-46.6071614565125;-23.6352490309203,-46.6060593591848;-23.6370451 -46.6071616;-23.6352449 -46.6060678;260;54;52
151;Thu Mar 14 23:36:46 2019;-23.6370503433708,-46.6071614565125;-23.6352490309203,-46.6060593591848;-23.6370451 -46.6071616;-23.6352449 -46.6060678;260;54;52
152;Thu Mar 14 23:37:45 2019;-23.6370503433708,-46.6071614565125;-23.6352490309203,-46.6060593591848;-23.6370451 -46.6071616;-23.6352449 -46.6060678;260;54;42
153;Thu Mar 14 23:38:46 2019;-23.6370503433708,-46.6071614565125;-23.6352490309203,-46.6060593591848;-23.6370451 -46.6071616;-23.6352449 -46.6060678;260;54;42
154;Thu Mar 14 23:39:45 2019;-23.6370503433708,-46.6071614565125;-23.6352490309203,-46.6060593591848;-23.6370451 -46.6071616;-23.6352449 -46.6060678;260;54;42
155;Thu Mar 14 23:40:45 2019;-23.6370503433708,-46.6071614565125;-23.6352490309203,-46.6060593591848;-23.6370451 -46.6071616;-23.6352449 -46.6060678;260;54;42
156;Thu Mar 14 23:41:46 2019;-23.6370503433708,-46.6071614565125;-23.6352490309203,-46.6060593591848;-23.6370451 -46.6071616;-23.6352449 -46.6060678;260;54;42
157;Thu Mar 14 23:42:46 2019;-23.6370503433708,-46.6071614565125;-23.6352490309203,-46.6060593591848;-23.6370451 -46.6071616;-23.6352449 -46.6060678;260;54;42
158;Thu Mar 14 23:43:45 2019;-23.6370503433708,-46.6071614565125;-23.6352490309203,-46.6060593591848;-23.6370451 -46.6071616;-23.6352449 -46.6060678;260;54;42
159;Thu Mar 14 23:44:46 2019;-23.6370503433708,-46.6071614565125;-23.6352490309203,-46.6060593591848;-23.6370451 -46.6071616;-23.6352449 -46.6060678;260;54;42
160;Thu Mar 14 23:45:45 2019;-23.6370503433708,-46.6071614565125;-23.6352490309203,-46.6060593591848;-23.6370451 -46.6071616;-23.6352449 -46.6060678;260;54;42
161;Thu Mar 14 23:46:46 2019;-23.6370503433708,-46.6071614565125;-23.6352490309203,-46.6060593591848;-23.6370451 -46.6071616;-23.6352449 -46.6060678;260;54;42
162;Thu Mar 14 23:47:46 2019;-23.6370503433708,-46.6071614565125;-23.6352490309203,-46.6060593591848;-23.6370451 -46.6071616;-23.6352449 -46.6060678;260;54;42
163;Thu Mar 14 23:48:46 2019;-23.6370503433708,-46.6071614565125;-23.6352490309203,-46.6060593591848;-23.6370451 -46.6071616;-23.6352449 -46.6060678;260;54;42
164;Thu Mar 14 23:49:45 2019;-23.6370503433708,-46.6071614565125;-23.6352490309203,-46.6060593591848;-23.6370451 -46.6071616;-23.6352449 -46.6060678;260;54;42
165;Thu Mar 14 23:50:46 2019;-23.6370503433708,-46.6071614565125;-23.6352490309203,-46.6060593591848;-23.6370451 -46.6071616;-23.6352449 -46.6060678;260;54;42
166;Thu Mar 14 23:51:46 2019;-23.6370503433708,-46.6071614565125;-23.6352490309203,-46.6060593591848;-23.6370451 -46.6071616;-23.6352449 -46.6060678;260;54;42
167;Thu Mar 14 23:52:45 2019;-23.6370503433708,-46.6071614565125;-23.6352490309203,-46.6060593591848;-23.6370451 -46.6071616;-23.6352449 -46.6060678;260;54;42
168;Thu Mar 14 23:53:46 2019;-23.6370503433708,-46.6071614565125;-23.6352490309203,-46.6060593591848;-23.6370451 -46.6071616;-23.6352449 -46.6060678;260;54;42
169;Thu Mar 14 23:54:45 2019;-23.6370503433708,-46.6071614565125;-23.6352490309203,-46.6060593591848;-23.6370451 -46.6071616;-23.6352449 -46.6060678;260;54;42
170;Thu Mar 14 23:55:46 2019;-23.6370503433708,-46.6071614565125;-23.6352490309203,-46.6060593591848;-23.6370451 -46.6071616;-23.6352449 -46.6060678;260;54;42
171;Thu Mar 14 23:56:45 2019;-23.6370503433708,-46.6071614565125;-23.6352490309203,-46.6060593591848;-23.6370451 -46.6071616;-23.6352449 -46.6060678;260;54;42
172;Thu Mar 14 23:57:46 2019;-23.6370503433708,-46.6071614565125;-23.6352490309203,-46.6060593591848;-23.6370451 -46.6071616;-23.6352449 -46.6060678;260;54;42
173;Thu Mar 14 23:58:46 2019;-23.6370503433708,-46.6071614565125;-23.6352490309203,-46.6060593591848;-23.6370451 -46.6071616;-23.6352449 -46.6060678;260;54;42
174;Thu Mar 14 23:59:46 2019;-23.6370503433708,-46.6071614565125;-23.6352490309203,-46.6060593591848;-23.6370451 -46.6071616;-23.6352449 -46.6060678;260;54;42
