38972;Thu Mar 14 00:00:34 2019;-23.6102606030973,-46.6120476310923;-23.6085093702536,-46.6134921187606;-23.6102862 -46.6120838;-23.6085157 -46.6134971;248;45;42
39213;Thu Mar 14 04:01:34 2019;-23.6102606030973,-46.6120476310923;-23.6085093702536,-46.6134921187606;-23.6102862 -46.6120838;-23.6085157 -46.6134971;248;45;35
39214;Thu Mar 14 04:02:33 2019;-23.6102606030973,-46.6120476310923;-23.6085093702536,-46.6134921187606;-23.6102862 -46.6120838;-23.6085157 -46.6134971;248;45;35
39215;Thu Mar 14 04:03:34 2019;-23.6102606030973,-46.6120476310923;-23.6085093702536,-46.6134921187606;-23.6102862 -46.6120838;-23.6085157 -46.6134971;248;45;35
39216;Thu Mar 14 04:04:34 2019;-23.6102606030973,-46.6120476310923;-23.6085093702536,-46.6134921187606;-23.6102862 -46.6120838;-23.6085157 -46.6134971;248;45;35
39217;Thu Mar 14 04:05:34 2019;-23.6102606030973,-46.6120476310923;-23.6085093702536,-46.6134921187606;-23.6102862 -46.6120838;-23.6085157 -46.6134971;248;45;35
39218;Thu Mar 14 04:06:34 2019;-23.6102606030973,-46.6120476310923;-23.6085093702536,-46.6134921187606;-23.6102862 -46.6120838;-23.6085157 -46.6134971;248;45;35
39219;Thu Mar 14 04:07:34 2019;-23.6102606030973,-46.6120476310923;-23.6085093702536,-46.6134921187606;-23.6102862 -46.6120838;-23.6085157 -46.6134971;248;45;29
39220;Thu Mar 14 04:08:34 2019;-23.6102606030973,-46.6120476310923;-23.6085093702536,-46.6134921187606;-23.6102862 -46.6120838;-23.6085157 -46.6134971;248;45;29
39221;Thu Mar 14 04:09:34 2019;-23.6102606030973,-46.6120476310923;-23.6085093702536,-46.6134921187606;-23.6102862 -46.6120838;-23.6085157 -46.6134971;248;45;29
1;Thu Mar 14 21:06:53 2019;-23.6102606030973,-46.6120476310923;-23.6085093702536,-46.6134921187606;-23.6102862 -46.6120838;-23.6085157 -46.6134971;248;45;59
2;Thu Mar 14 21:07:48 2019;-23.6102606030973,-46.6120476310923;-23.6085093702536,-46.6134921187606;-23.6102862 -46.6120838;-23.6085157 -46.6134971;248;45;54
3;Thu Mar 14 21:08:50 2019;-23.6102606030973,-46.6120476310923;-23.6085093702536,-46.6134921187606;-23.6102862 -46.6120838;-23.6085157 -46.6134971;248;45;54
4;Thu Mar 14 21:09:47 2019;-23.6102606030973,-46.6120476310923;-23.6085093702536,-46.6134921187606;-23.6102862 -46.6120838;-23.6085157 -46.6134971;248;45;54
5;Thu Mar 14 21:10:47 2019;-23.6102606030973,-46.6120476310923;-23.6085093702536,-46.6134921187606;-23.6102862 -46.6120838;-23.6085157 -46.6134971;248;45;54
6;Thu Mar 14 21:11:47 2019;-23.6102606030973,-46.6120476310923;-23.6085093702536,-46.6134921187606;-23.6102862 -46.6120838;-23.6085157 -46.6134971;248;45;54
7;Thu Mar 14 21:12:46 2019;-23.6102606030973,-46.6120476310923;-23.6085093702536,-46.6134921187606;-23.6102862 -46.6120838;-23.6085157 -46.6134971;248;45;54
8;Thu Mar 14 21:13:47 2019;-23.6102606030973,-46.6120476310923;-23.6085093702536,-46.6134921187606;-23.6102862 -46.6120838;-23.6085157 -46.6134971;248;45;54
9;Thu Mar 14 21:14:47 2019;-23.6102606030973,-46.6120476310923;-23.6085093702536,-46.6134921187606;-23.6102862 -46.6120838;-23.6085157 -46.6134971;248;45;54
10;Thu Mar 14 21:15:48 2019;-23.6102606030973,-46.6120476310923;-23.6085093702536,-46.6134921187606;-23.6102862 -46.6120838;-23.6085157 -46.6134971;248;45;54
11;Thu Mar 14 21:16:48 2019;-23.6102606030973,-46.6120476310923;-23.6085093702536,-46.6134921187606;-23.6102862 -46.6120838;-23.6085157 -46.6134971;248;45;54
12;Thu Mar 14 21:17:47 2019;-23.6102606030973,-46.6120476310923;-23.6085093702536,-46.6134921187606;-23.6102862 -46.6120838;-23.6085157 -46.6134971;248;45;54
13;Thu Mar 14 21:18:47 2019;-23.6102606030973,-46.6120476310923;-23.6085093702536,-46.6134921187606;-23.6102862 -46.6120838;-23.6085157 -46.6134971;248;45;54
14;Thu Mar 14 21:19:47 2019;-23.6102606030973,-46.6120476310923;-23.6085093702536,-46.6134921187606;-23.6102862 -46.6120838;-23.6085157 -46.6134971;248;45;54
15;Thu Mar 14 21:20:47 2019;-23.6102606030973,-46.6120476310923;-23.6085093702536,-46.6134921187606;-23.6102862 -46.6120838;-23.6085157 -46.6134971;248;45;54
16;Thu Mar 14 21:21:49 2019;-23.6102606030973,-46.6120476310923;-23.6085093702536,-46.6134921187606;-23.6102862 -46.6120838;-23.6085157 -46.6134971;248;45;55
17;Thu Mar 14 21:22:47 2019;-23.6102606030973,-46.6120476310923;-23.6085093702536,-46.6134921187606;-23.6102862 -46.6120838;-23.6085157 -46.6134971;248;45;58
18;Thu Mar 14 21:23:47 2019;-23.6102606030973,-46.6120476310923;-23.6085093702536,-46.6134921187606;-23.6102862 -46.6120838;-23.6085157 -46.6134971;248;45;58
19;Thu Mar 14 21:24:47 2019;-23.6102606030973,-46.6120476310923;-23.6085093702536,-46.6134921187606;-23.6102862 -46.6120838;-23.6085157 -46.6134971;248;45;58
20;Thu Mar 14 21:25:47 2019;-23.6102606030973,-46.6120476310923;-23.6085093702536,-46.6134921187606;-23.6102862 -46.6120838;-23.6085157 -46.6134971;248;45;58
21;Thu Mar 14 21:26:48 2019;-23.6102606030973,-46.6120476310923;-23.6085093702536,-46.6134921187606;-23.6102862 -46.6120838;-23.6085157 -46.6134971;248;45;58
22;Thu Mar 14 21:27:47 2019;-23.6102606030973,-46.6120476310923;-23.6085093702536,-46.6134921187606;-23.6102862 -46.6120838;-23.6085157 -46.6134971;248;45;58
23;Thu Mar 14 21:28:47 2019;-23.6102606030973,-46.6120476310923;-23.6085093702536,-46.6134921187606;-23.6102862 -46.6120838;-23.6085157 -46.6134971;248;45;58
24;Thu Mar 14 21:29:47 2019;-23.6102606030973,-46.6120476310923;-23.6085093702536,-46.6134921187606;-23.6102862 -46.6120838;-23.6085157 -46.6134971;248;45;58
25;Thu Mar 14 21:30:47 2019;-23.6102606030973,-46.6120476310923;-23.6085093702536,-46.6134921187606;-23.6102862 -46.6120838;-23.6085157 -46.6134971;248;45;58
26;Thu Mar 14 21:31:47 2019;-23.6102606030973,-46.6120476310923;-23.6085093702536,-46.6134921187606;-23.6102862 -46.6120838;-23.6085157 -46.6134971;248;45;58
27;Thu Mar 14 21:32:47 2019;-23.6102606030973,-46.6120476310923;-23.6085093702536,-46.6134921187606;-23.6102862 -46.6120838;-23.6085157 -46.6134971;248;45;58
28;Thu Mar 14 21:33:47 2019;-23.6102606030973,-46.6120476310923;-23.6085093702536,-46.6134921187606;-23.6102862 -46.6120838;-23.6085157 -46.6134971;248;45;58
29;Thu Mar 14 21:34:47 2019;-23.6102606030973,-46.6120476310923;-23.6085093702536,-46.6134921187606;-23.6102862 -46.6120838;-23.6085157 -46.6134971;248;45;58
30;Thu Mar 14 21:35:47 2019;-23.6102606030973,-46.6120476310923;-23.6085093702536,-46.6134921187606;-23.6102862 -46.6120838;-23.6085157 -46.6134971;248;45;58
31;Thu Mar 14 21:36:47 2019;-23.6102606030973,-46.6120476310923;-23.6085093702536,-46.6134921187606;-23.6102862 -46.6120838;-23.6085157 -46.6134971;248;45;59
32;Thu Mar 14 21:37:47 2019;-23.6102606030973,-46.6120476310923;-23.6085093702536,-46.6134921187606;-23.6102862 -46.6120838;-23.6085157 -46.6134971;248;45;54
33;Thu Mar 14 21:38:47 2019;-23.6102606030973,-46.6120476310923;-23.6085093702536,-46.6134921187606;-23.6102862 -46.6120838;-23.6085157 -46.6134971;248;45;54
34;Thu Mar 14 21:39:47 2019;-23.6102606030973,-46.6120476310923;-23.6085093702536,-46.6134921187606;-23.6102862 -46.6120838;-23.6085157 -46.6134971;248;45;54
35;Thu Mar 14 21:40:47 2019;-23.6102606030973,-46.6120476310923;-23.6085093702536,-46.6134921187606;-23.6102862 -46.6120838;-23.6085157 -46.6134971;248;45;54
36;Thu Mar 14 21:41:47 2019;-23.6102606030973,-46.6120476310923;-23.6085093702536,-46.6134921187606;-23.6102862 -46.6120838;-23.6085157 -46.6134971;248;45;54
37;Thu Mar 14 21:42:47 2019;-23.6102606030973,-46.6120476310923;-23.6085093702536,-46.6134921187606;-23.6102862 -46.6120838;-23.6085157 -46.6134971;248;45;54
38;Thu Mar 14 21:43:46 2019;-23.6102606030973,-46.6120476310923;-23.6085093702536,-46.6134921187606;-23.6102862 -46.6120838;-23.6085157 -46.6134971;248;45;54
39;Thu Mar 14 21:44:47 2019;-23.6102606030973,-46.6120476310923;-23.6085093702536,-46.6134921187606;-23.6102862 -46.6120838;-23.6085157 -46.6134971;248;45;54
40;Thu Mar 14 21:45:47 2019;-23.6102606030973,-46.6120476310923;-23.6085093702536,-46.6134921187606;-23.6102862 -46.6120838;-23.6085157 -46.6134971;248;45;54
41;Thu Mar 14 21:46:47 2019;-23.6102606030973,-46.6120476310923;-23.6085093702536,-46.6134921187606;-23.6102862 -46.6120838;-23.6085157 -46.6134971;248;45;54
42;Thu Mar 14 21:47:47 2019;-23.6102606030973,-46.6120476310923;-23.6085093702536,-46.6134921187606;-23.6102862 -46.6120838;-23.6085157 -46.6134971;248;45;54
43;Thu Mar 14 21:48:47 2019;-23.6102606030973,-46.6120476310923;-23.6085093702536,-46.6134921187606;-23.6102862 -46.6120838;-23.6085157 -46.6134971;248;45;54
44;Thu Mar 14 21:49:47 2019;-23.6102606030973,-46.6120476310923;-23.6085093702536,-46.6134921187606;-23.6102862 -46.6120838;-23.6085157 -46.6134971;248;45;54
45;Thu Mar 14 21:50:47 2019;-23.6102606030973,-46.6120476310923;-23.6085093702536,-46.6134921187606;-23.6102862 -46.6120838;-23.6085157 -46.6134971;248;45;54
46;Thu Mar 14 21:51:47 2019;-23.6102606030973,-46.6120476310923;-23.6085093702536,-46.6134921187606;-23.6102862 -46.6120838;-23.6085157 -46.6134971;248;45;54
47;Thu Mar 14 21:52:47 2019;-23.6102606030973,-46.6120476310923;-23.6085093702536,-46.6134921187606;-23.6102862 -46.6120838;-23.6085157 -46.6134971;248;45;47
48;Thu Mar 14 21:53:47 2019;-23.6102606030973,-46.6120476310923;-23.6085093702536,-46.6134921187606;-23.6102862 -46.6120838;-23.6085157 -46.6134971;248;45;47
49;Thu Mar 14 21:54:48 2019;-23.6102606030973,-46.6120476310923;-23.6085093702536,-46.6134921187606;-23.6102862 -46.6120838;-23.6085157 -46.6134971;248;45;47
50;Thu Mar 14 21:55:47 2019;-23.6102606030973,-46.6120476310923;-23.6085093702536,-46.6134921187606;-23.6102862 -46.6120838;-23.6085157 -46.6134971;248;45;47
51;Thu Mar 14 21:56:48 2019;-23.6102606030973,-46.6120476310923;-23.6085093702536,-46.6134921187606;-23.6102862 -46.6120838;-23.6085157 -46.6134971;248;45;47
52;Thu Mar 14 21:57:46 2019;-23.6102606030973,-46.6120476310923;-23.6085093702536,-46.6134921187606;-23.6102862 -46.6120838;-23.6085157 -46.6134971;248;45;47
53;Thu Mar 14 21:58:47 2019;-23.6102606030973,-46.6120476310923;-23.6085093702536,-46.6134921187606;-23.6102862 -46.6120838;-23.6085157 -46.6134971;248;45;47
54;Thu Mar 14 21:59:47 2019;-23.6102606030973,-46.6120476310923;-23.6085093702536,-46.6134921187606;-23.6102862 -46.6120838;-23.6085157 -46.6134971;248;45;47
55;Thu Mar 14 22:00:47 2019;-23.6102606030973,-46.6120476310923;-23.6085093702536,-46.6134921187606;-23.6102862 -46.6120838;-23.6085157 -46.6134971;248;45;47
56;Thu Mar 14 22:01:47 2019;-23.6102606030973,-46.6120476310923;-23.6085093702536,-46.6134921187606;-23.6102862 -46.6120838;-23.6085157 -46.6134971;248;45;47
57;Thu Mar 14 22:02:46 2019;-23.6102606030973,-46.6120476310923;-23.6085093702536,-46.6134921187606;-23.6102862 -46.6120838;-23.6085157 -46.6134971;248;45;47
58;Thu Mar 14 22:03:47 2019;-23.6102606030973,-46.6120476310923;-23.6085093702536,-46.6134921187606;-23.6102862 -46.6120838;-23.6085157 -46.6134971;248;45;47
59;Thu Mar 14 22:04:47 2019;-23.6102606030973,-46.6120476310923;-23.6085093702536,-46.6134921187606;-23.6102862 -46.6120838;-23.6085157 -46.6134971;248;45;47
60;Thu Mar 14 22:05:47 2019;-23.6102606030973,-46.6120476310923;-23.6085093702536,-46.6134921187606;-23.6102862 -46.6120838;-23.6085157 -46.6134971;248;45;47
61;Thu Mar 14 22:06:48 2019;-23.6102606030973,-46.6120476310923;-23.6085093702536,-46.6134921187606;-23.6102862 -46.6120838;-23.6085157 -46.6134971;248;45;47
62;Thu Mar 14 22:07:47 2019;-23.6102606030973,-46.6120476310923;-23.6085093702536,-46.6134921187606;-23.6102862 -46.6120838;-23.6085157 -46.6134971;248;45;48
63;Thu Mar 14 22:08:48 2019;-23.6102606030973,-46.6120476310923;-23.6085093702536,-46.6134921187606;-23.6102862 -46.6120838;-23.6085157 -46.6134971;248;45;48
64;Thu Mar 14 22:09:47 2019;-23.6102606030973,-46.6120476310923;-23.6085093702536,-46.6134921187606;-23.6102862 -46.6120838;-23.6085157 -46.6134971;248;45;48
65;Thu Mar 14 22:10:47 2019;-23.6102606030973,-46.6120476310923;-23.6085093702536,-46.6134921187606;-23.6102862 -46.6120838;-23.6085157 -46.6134971;248;45;48
66;Thu Mar 14 22:11:47 2019;-23.6102606030973,-46.6120476310923;-23.6085093702536,-46.6134921187606;-23.6102862 -46.6120838;-23.6085157 -46.6134971;248;45;48
67;Thu Mar 14 22:12:47 2019;-23.6102606030973,-46.6120476310923;-23.6085093702536,-46.6134921187606;-23.6102862 -46.6120838;-23.6085157 -46.6134971;248;45;48
68;Thu Mar 14 22:13:47 2019;-23.6102606030973,-46.6120476310923;-23.6085093702536,-46.6134921187606;-23.6102862 -46.6120838;-23.6085157 -46.6134971;248;45;48
69;Thu Mar 14 22:14:47 2019;-23.6102606030973,-46.6120476310923;-23.6085093702536,-46.6134921187606;-23.6102862 -46.6120838;-23.6085157 -46.6134971;248;45;48
70;Thu Mar 14 22:15:47 2019;-23.6102606030973,-46.6120476310923;-23.6085093702536,-46.6134921187606;-23.6102862 -46.6120838;-23.6085157 -46.6134971;248;45;48
71;Thu Mar 14 22:16:47 2019;-23.6102606030973,-46.6120476310923;-23.6085093702536,-46.6134921187606;-23.6102862 -46.6120838;-23.6085157 -46.6134971;248;45;48
72;Thu Mar 14 22:17:47 2019;-23.6102606030973,-46.6120476310923;-23.6085093702536,-46.6134921187606;-23.6102862 -46.6120838;-23.6085157 -46.6134971;248;45;48
73;Thu Mar 14 22:18:47 2019;-23.6102606030973,-46.6120476310923;-23.6085093702536,-46.6134921187606;-23.6102862 -46.6120838;-23.6085157 -46.6134971;248;45;48
74;Thu Mar 14 22:19:47 2019;-23.6102606030973,-46.6120476310923;-23.6085093702536,-46.6134921187606;-23.6102862 -46.6120838;-23.6085157 -46.6134971;248;45;48
75;Thu Mar 14 22:20:47 2019;-23.6102606030973,-46.6120476310923;-23.6085093702536,-46.6134921187606;-23.6102862 -46.6120838;-23.6085157 -46.6134971;248;45;48
76;Thu Mar 14 22:21:47 2019;-23.6102606030973,-46.6120476310923;-23.6085093702536,-46.6134921187606;-23.6102862 -46.6120838;-23.6085157 -46.6134971;248;45;48
77;Thu Mar 14 22:22:47 2019;-23.6102606030973,-46.6120476310923;-23.6085093702536,-46.6134921187606;-23.6102862 -46.6120838;-23.6085157 -46.6134971;248;45;46
78;Thu Mar 14 22:23:47 2019;-23.6102606030973,-46.6120476310923;-23.6085093702536,-46.6134921187606;-23.6102862 -46.6120838;-23.6085157 -46.6134971;248;45;46
79;Thu Mar 14 22:24:47 2019;-23.6102606030973,-46.6120476310923;-23.6085093702536,-46.6134921187606;-23.6102862 -46.6120838;-23.6085157 -46.6134971;248;45;46
80;Thu Mar 14 22:25:47 2019;-23.6102606030973,-46.6120476310923;-23.6085093702536,-46.6134921187606;-23.6102862 -46.6120838;-23.6085157 -46.6134971;248;45;46
81;Thu Mar 14 22:26:47 2019;-23.6102606030973,-46.6120476310923;-23.6085093702536,-46.6134921187606;-23.6102862 -46.6120838;-23.6085157 -46.6134971;248;45;46
82;Thu Mar 14 22:27:47 2019;-23.6102606030973,-46.6120476310923;-23.6085093702536,-46.6134921187606;-23.6102862 -46.6120838;-23.6085157 -46.6134971;248;45;46
83;Thu Mar 14 22:28:47 2019;-23.6102606030973,-46.6120476310923;-23.6085093702536,-46.6134921187606;-23.6102862 -46.6120838;-23.6085157 -46.6134971;248;45;46
84;Thu Mar 14 22:29:47 2019;-23.6102606030973,-46.6120476310923;-23.6085093702536,-46.6134921187606;-23.6102862 -46.6120838;-23.6085157 -46.6134971;248;45;46
85;Thu Mar 14 22:30:47 2019;-23.6102606030973,-46.6120476310923;-23.6085093702536,-46.6134921187606;-23.6102862 -46.6120838;-23.6085157 -46.6134971;248;45;46
86;Thu Mar 14 22:31:47 2019;-23.6102606030973,-46.6120476310923;-23.6085093702536,-46.6134921187606;-23.6102862 -46.6120838;-23.6085157 -46.6134971;248;45;46
87;Thu Mar 14 22:32:47 2019;-23.6102606030973,-46.6120476310923;-23.6085093702536,-46.6134921187606;-23.6102862 -46.6120838;-23.6085157 -46.6134971;248;45;46
88;Thu Mar 14 22:33:47 2019;-23.6102606030973,-46.6120476310923;-23.6085093702536,-46.6134921187606;-23.6102862 -46.6120838;-23.6085157 -46.6134971;248;45;46
89;Thu Mar 14 22:34:47 2019;-23.6102606030973,-46.6120476310923;-23.6085093702536,-46.6134921187606;-23.6102862 -46.6120838;-23.6085157 -46.6134971;248;45;46
90;Thu Mar 14 22:35:47 2019;-23.6102606030973,-46.6120476310923;-23.6085093702536,-46.6134921187606;-23.6102862 -46.6120838;-23.6085157 -46.6134971;248;45;46
91;Thu Mar 14 22:36:47 2019;-23.6102606030973,-46.6120476310923;-23.6085093702536,-46.6134921187606;-23.6102862 -46.6120838;-23.6085157 -46.6134971;248;45;46
92;Thu Mar 14 22:37:47 2019;-23.6102606030973,-46.6120476310923;-23.6085093702536,-46.6134921187606;-23.6102862 -46.6120838;-23.6085157 -46.6134971;248;45;47
93;Thu Mar 14 22:38:48 2019;-23.6102606030973,-46.6120476310923;-23.6085093702536,-46.6134921187606;-23.6102862 -46.6120838;-23.6085157 -46.6134971;248;45;47
94;Thu Mar 14 22:39:47 2019;-23.6102606030973,-46.6120476310923;-23.6085093702536,-46.6134921187606;-23.6102862 -46.6120838;-23.6085157 -46.6134971;248;45;47
95;Thu Mar 14 22:40:47 2019;-23.6102606030973,-46.6120476310923;-23.6085093702536,-46.6134921187606;-23.6102862 -46.6120838;-23.6085157 -46.6134971;248;45;47
96;Thu Mar 14 22:41:47 2019;-23.6102606030973,-46.6120476310923;-23.6085093702536,-46.6134921187606;-23.6102862 -46.6120838;-23.6085157 -46.6134971;248;45;47
97;Thu Mar 14 22:42:47 2019;-23.6102606030973,-46.6120476310923;-23.6085093702536,-46.6134921187606;-23.6102862 -46.6120838;-23.6085157 -46.6134971;248;45;47
98;Thu Mar 14 22:43:47 2019;-23.6102606030973,-46.6120476310923;-23.6085093702536,-46.6134921187606;-23.6102862 -46.6120838;-23.6085157 -46.6134971;248;45;47
99;Thu Mar 14 22:44:47 2019;-23.6102606030973,-46.6120476310923;-23.6085093702536,-46.6134921187606;-23.6102862 -46.6120838;-23.6085157 -46.6134971;248;45;47
100;Thu Mar 14 22:45:47 2019;-23.6102606030973,-46.6120476310923;-23.6085093702536,-46.6134921187606;-23.6102862 -46.6120838;-23.6085157 -46.6134971;248;45;47
101;Thu Mar 14 22:46:48 2019;-23.6102606030973,-46.6120476310923;-23.6085093702536,-46.6134921187606;-23.6102862 -46.6120838;-23.6085157 -46.6134971;248;45;47
102;Thu Mar 14 22:47:47 2019;-23.6102606030973,-46.6120476310923;-23.6085093702536,-46.6134921187606;-23.6102862 -46.6120838;-23.6085157 -46.6134971;248;45;47
103;Thu Mar 14 22:48:47 2019;-23.6102606030973,-46.6120476310923;-23.6085093702536,-46.6134921187606;-23.6102862 -46.6120838;-23.6085157 -46.6134971;248;45;47
104;Thu Mar 14 22:49:47 2019;-23.6102606030973,-46.6120476310923;-23.6085093702536,-46.6134921187606;-23.6102862 -46.6120838;-23.6085157 -46.6134971;248;45;47
105;Thu Mar 14 22:50:47 2019;-23.6102606030973,-46.6120476310923;-23.6085093702536,-46.6134921187606;-23.6102862 -46.6120838;-23.6085157 -46.6134971;248;45;47
106;Thu Mar 14 22:51:47 2019;-23.6102606030973,-46.6120476310923;-23.6085093702536,-46.6134921187606;-23.6102862 -46.6120838;-23.6085157 -46.6134971;248;45;47
107;Thu Mar 14 22:52:47 2019;-23.6102606030973,-46.6120476310923;-23.6085093702536,-46.6134921187606;-23.6102862 -46.6120838;-23.6085157 -46.6134971;248;45;44
108;Thu Mar 14 22:53:47 2019;-23.6102606030973,-46.6120476310923;-23.6085093702536,-46.6134921187606;-23.6102862 -46.6120838;-23.6085157 -46.6134971;248;45;44
109;Thu Mar 14 22:54:47 2019;-23.6102606030973,-46.6120476310923;-23.6085093702536,-46.6134921187606;-23.6102862 -46.6120838;-23.6085157 -46.6134971;248;45;44
110;Thu Mar 14 22:55:47 2019;-23.6102606030973,-46.6120476310923;-23.6085093702536,-46.6134921187606;-23.6102862 -46.6120838;-23.6085157 -46.6134971;248;45;44
111;Thu Mar 14 22:56:48 2019;-23.6102606030973,-46.6120476310923;-23.6085093702536,-46.6134921187606;-23.6102862 -46.6120838;-23.6085157 -46.6134971;248;45;44
112;Thu Mar 14 22:57:47 2019;-23.6102606030973,-46.6120476310923;-23.6085093702536,-46.6134921187606;-23.6102862 -46.6120838;-23.6085157 -46.6134971;248;45;44
113;Thu Mar 14 22:58:47 2019;-23.6102606030973,-46.6120476310923;-23.6085093702536,-46.6134921187606;-23.6102862 -46.6120838;-23.6085157 -46.6134971;248;45;44
114;Thu Mar 14 22:59:47 2019;-23.6102606030973,-46.6120476310923;-23.6085093702536,-46.6134921187606;-23.6102862 -46.6120838;-23.6085157 -46.6134971;248;45;44
115;Thu Mar 14 23:00:47 2019;-23.6102606030973,-46.6120476310923;-23.6085093702536,-46.6134921187606;-23.6102862 -46.6120838;-23.6085157 -46.6134971;248;45;44
116;Thu Mar 14 23:01:46 2019;-23.6102606030973,-46.6120476310923;-23.6085093702536,-46.6134921187606;-23.6102862 -46.6120838;-23.6085157 -46.6134971;248;45;44
117;Thu Mar 14 23:02:47 2019;-23.6102606030973,-46.6120476310923;-23.6085093702536,-46.6134921187606;-23.6102862 -46.6120838;-23.6085157 -46.6134971;248;45;44
118;Thu Mar 14 23:03:47 2019;-23.6102606030973,-46.6120476310923;-23.6085093702536,-46.6134921187606;-23.6102862 -46.6120838;-23.6085157 -46.6134971;248;45;44
119;Thu Mar 14 23:04:47 2019;-23.6102606030973,-46.6120476310923;-23.6085093702536,-46.6134921187606;-23.6102862 -46.6120838;-23.6085157 -46.6134971;248;45;44
120;Thu Mar 14 23:05:47 2019;-23.6102606030973,-46.6120476310923;-23.6085093702536,-46.6134921187606;-23.6102862 -46.6120838;-23.6085157 -46.6134971;248;45;44
121;Thu Mar 14 23:06:48 2019;-23.6102606030973,-46.6120476310923;-23.6085093702536,-46.6134921187606;-23.6102862 -46.6120838;-23.6085157 -46.6134971;248;45;44
122;Thu Mar 14 23:07:47 2019;-23.6102606030973,-46.6120476310923;-23.6085093702536,-46.6134921187606;-23.6102862 -46.6120838;-23.6085157 -46.6134971;248;45;51
123;Thu Mar 14 23:08:47 2019;-23.6102606030973,-46.6120476310923;-23.6085093702536,-46.6134921187606;-23.6102862 -46.6120838;-23.6085157 -46.6134971;248;45;51
124;Thu Mar 14 23:09:47 2019;-23.6102606030973,-46.6120476310923;-23.6085093702536,-46.6134921187606;-23.6102862 -46.6120838;-23.6085157 -46.6134971;248;45;51
125;Thu Mar 14 23:10:47 2019;-23.6102606030973,-46.6120476310923;-23.6085093702536,-46.6134921187606;-23.6102862 -46.6120838;-23.6085157 -46.6134971;248;45;51
126;Thu Mar 14 23:11:47 2019;-23.6102606030973,-46.6120476310923;-23.6085093702536,-46.6134921187606;-23.6102862 -46.6120838;-23.6085157 -46.6134971;248;45;51
127;Thu Mar 14 23:12:47 2019;-23.6102606030973,-46.6120476310923;-23.6085093702536,-46.6134921187606;-23.6102862 -46.6120838;-23.6085157 -46.6134971;248;45;51
128;Thu Mar 14 23:13:46 2019;-23.6102606030973,-46.6120476310923;-23.6085093702536,-46.6134921187606;-23.6102862 -46.6120838;-23.6085157 -46.6134971;248;45;51
129;Thu Mar 14 23:14:47 2019;-23.6102606030973,-46.6120476310923;-23.6085093702536,-46.6134921187606;-23.6102862 -46.6120838;-23.6085157 -46.6134971;248;45;51
130;Thu Mar 14 23:15:47 2019;-23.6102606030973,-46.6120476310923;-23.6085093702536,-46.6134921187606;-23.6102862 -46.6120838;-23.6085157 -46.6134971;248;45;51
131;Thu Mar 14 23:16:47 2019;-23.6102606030973,-46.6120476310923;-23.6085093702536,-46.6134921187606;-23.6102862 -46.6120838;-23.6085157 -46.6134971;248;45;51
132;Thu Mar 14 23:17:47 2019;-23.6102606030973,-46.6120476310923;-23.6085093702536,-46.6134921187606;-23.6102862 -46.6120838;-23.6085157 -46.6134971;248;45;51
133;Thu Mar 14 23:18:46 2019;-23.6102606030973,-46.6120476310923;-23.6085093702536,-46.6134921187606;-23.6102862 -46.6120838;-23.6085157 -46.6134971;248;45;51
134;Thu Mar 14 23:19:47 2019;-23.6102606030973,-46.6120476310923;-23.6085093702536,-46.6134921187606;-23.6102862 -46.6120838;-23.6085157 -46.6134971;248;45;51
135;Thu Mar 14 23:20:46 2019;-23.6102606030973,-46.6120476310923;-23.6085093702536,-46.6134921187606;-23.6102862 -46.6120838;-23.6085157 -46.6134971;248;45;51
136;Thu Mar 14 23:21:47 2019;-23.6102606030973,-46.6120476310923;-23.6085093702536,-46.6134921187606;-23.6102862 -46.6120838;-23.6085157 -46.6134971;248;45;51
137;Thu Mar 14 23:22:48 2019;-23.6102606030973,-46.6120476310923;-23.6085093702536,-46.6134921187606;-23.6102862 -46.6120838;-23.6085157 -46.6134971;248;45;46
138;Thu Mar 14 23:23:47 2019;-23.6102606030973,-46.6120476310923;-23.6085093702536,-46.6134921187606;-23.6102862 -46.6120838;-23.6085157 -46.6134971;248;45;46
139;Thu Mar 14 23:24:47 2019;-23.6102606030973,-46.6120476310923;-23.6085093702536,-46.6134921187606;-23.6102862 -46.6120838;-23.6085157 -46.6134971;248;45;46
140;Thu Mar 14 23:25:46 2019;-23.6102606030973,-46.6120476310923;-23.6085093702536,-46.6134921187606;-23.6102862 -46.6120838;-23.6085157 -46.6134971;248;45;46
141;Thu Mar 14 23:26:48 2019;-23.6102606030973,-46.6120476310923;-23.6085093702536,-46.6134921187606;-23.6102862 -46.6120838;-23.6085157 -46.6134971;248;45;46
142;Thu Mar 14 23:27:47 2019;-23.6102606030973,-46.6120476310923;-23.6085093702536,-46.6134921187606;-23.6102862 -46.6120838;-23.6085157 -46.6134971;248;45;46
143;Thu Mar 14 23:28:47 2019;-23.6102606030973,-46.6120476310923;-23.6085093702536,-46.6134921187606;-23.6102862 -46.6120838;-23.6085157 -46.6134971;248;45;46
144;Thu Mar 14 23:29:47 2019;-23.6102606030973,-46.6120476310923;-23.6085093702536,-46.6134921187606;-23.6102862 -46.6120838;-23.6085157 -46.6134971;248;45;46
145;Thu Mar 14 23:30:47 2019;-23.6102606030973,-46.6120476310923;-23.6085093702536,-46.6134921187606;-23.6102862 -46.6120838;-23.6085157 -46.6134971;248;45;46
146;Thu Mar 14 23:31:47 2019;-23.6102606030973,-46.6120476310923;-23.6085093702536,-46.6134921187606;-23.6102862 -46.6120838;-23.6085157 -46.6134971;248;45;46
147;Thu Mar 14 23:32:47 2019;-23.6102606030973,-46.6120476310923;-23.6085093702536,-46.6134921187606;-23.6102862 -46.6120838;-23.6085157 -46.6134971;248;45;46
148;Thu Mar 14 23:33:47 2019;-23.6102606030973,-46.6120476310923;-23.6085093702536,-46.6134921187606;-23.6102862 -46.6120838;-23.6085157 -46.6134971;248;45;46
149;Thu Mar 14 23:34:47 2019;-23.6102606030973,-46.6120476310923;-23.6085093702536,-46.6134921187606;-23.6102862 -46.6120838;-23.6085157 -46.6134971;248;45;46
150;Thu Mar 14 23:35:47 2019;-23.6102606030973,-46.6120476310923;-23.6085093702536,-46.6134921187606;-23.6102862 -46.6120838;-23.6085157 -46.6134971;248;45;46
151;Thu Mar 14 23:36:47 2019;-23.6102606030973,-46.6120476310923;-23.6085093702536,-46.6134921187606;-23.6102862 -46.6120838;-23.6085157 -46.6134971;248;45;46
152;Thu Mar 14 23:37:47 2019;-23.6102606030973,-46.6120476310923;-23.6085093702536,-46.6134921187606;-23.6102862 -46.6120838;-23.6085157 -46.6134971;248;45;47
153;Thu Mar 14 23:38:47 2019;-23.6102606030973,-46.6120476310923;-23.6085093702536,-46.6134921187606;-23.6102862 -46.6120838;-23.6085157 -46.6134971;248;45;47
154;Thu Mar 14 23:39:47 2019;-23.6102606030973,-46.6120476310923;-23.6085093702536,-46.6134921187606;-23.6102862 -46.6120838;-23.6085157 -46.6134971;248;45;47
155;Thu Mar 14 23:40:47 2019;-23.6102606030973,-46.6120476310923;-23.6085093702536,-46.6134921187606;-23.6102862 -46.6120838;-23.6085157 -46.6134971;248;45;47
156;Thu Mar 14 23:41:47 2019;-23.6102606030973,-46.6120476310923;-23.6085093702536,-46.6134921187606;-23.6102862 -46.6120838;-23.6085157 -46.6134971;248;45;47
157;Thu Mar 14 23:42:47 2019;-23.6102606030973,-46.6120476310923;-23.6085093702536,-46.6134921187606;-23.6102862 -46.6120838;-23.6085157 -46.6134971;248;45;47
158;Thu Mar 14 23:43:46 2019;-23.6102606030973,-46.6120476310923;-23.6085093702536,-46.6134921187606;-23.6102862 -46.6120838;-23.6085157 -46.6134971;248;45;47
159;Thu Mar 14 23:44:47 2019;-23.6102606030973,-46.6120476310923;-23.6085093702536,-46.6134921187606;-23.6102862 -46.6120838;-23.6085157 -46.6134971;248;45;47
160;Thu Mar 14 23:45:46 2019;-23.6102606030973,-46.6120476310923;-23.6085093702536,-46.6134921187606;-23.6102862 -46.6120838;-23.6085157 -46.6134971;248;45;47
161;Thu Mar 14 23:46:48 2019;-23.6102606030973,-46.6120476310923;-23.6085093702536,-46.6134921187606;-23.6102862 -46.6120838;-23.6085157 -46.6134971;248;45;47
162;Thu Mar 14 23:47:47 2019;-23.6102606030973,-46.6120476310923;-23.6085093702536,-46.6134921187606;-23.6102862 -46.6120838;-23.6085157 -46.6134971;248;45;47
163;Thu Mar 14 23:48:47 2019;-23.6102606030973,-46.6120476310923;-23.6085093702536,-46.6134921187606;-23.6102862 -46.6120838;-23.6085157 -46.6134971;248;45;47
164;Thu Mar 14 23:49:47 2019;-23.6102606030973,-46.6120476310923;-23.6085093702536,-46.6134921187606;-23.6102862 -46.6120838;-23.6085157 -46.6134971;248;45;47
165;Thu Mar 14 23:50:47 2019;-23.6102606030973,-46.6120476310923;-23.6085093702536,-46.6134921187606;-23.6102862 -46.6120838;-23.6085157 -46.6134971;248;45;47
166;Thu Mar 14 23:51:47 2019;-23.6102606030973,-46.6120476310923;-23.6085093702536,-46.6134921187606;-23.6102862 -46.6120838;-23.6085157 -46.6134971;248;45;47
167;Thu Mar 14 23:52:47 2019;-23.6102606030973,-46.6120476310923;-23.6085093702536,-46.6134921187606;-23.6102862 -46.6120838;-23.6085157 -46.6134971;248;45;41
168;Thu Mar 14 23:53:47 2019;-23.6102606030973,-46.6120476310923;-23.6085093702536,-46.6134921187606;-23.6102862 -46.6120838;-23.6085157 -46.6134971;248;45;41
169;Thu Mar 14 23:54:46 2019;-23.6102606030973,-46.6120476310923;-23.6085093702536,-46.6134921187606;-23.6102862 -46.6120838;-23.6085157 -46.6134971;248;45;41
170;Thu Mar 14 23:55:47 2019;-23.6102606030973,-46.6120476310923;-23.6085093702536,-46.6134921187606;-23.6102862 -46.6120838;-23.6085157 -46.6134971;248;45;41
171;Thu Mar 14 23:56:47 2019;-23.6102606030973,-46.6120476310923;-23.6085093702536,-46.6134921187606;-23.6102862 -46.6120838;-23.6085157 -46.6134971;248;45;41
172;Thu Mar 14 23:57:47 2019;-23.6102606030973,-46.6120476310923;-23.6085093702536,-46.6134921187606;-23.6102862 -46.6120838;-23.6085157 -46.6134971;248;45;41
173;Thu Mar 14 23:58:47 2019;-23.6102606030973,-46.6120476310923;-23.6085093702536,-46.6134921187606;-23.6102862 -46.6120838;-23.6085157 -46.6134971;248;45;41
174;Thu Mar 14 23:59:47 2019;-23.6102606030973,-46.6120476310923;-23.6085093702536,-46.6134921187606;-23.6102862 -46.6120838;-23.6085157 -46.6134971;248;45;41
