38972;Thu Mar 14 00:00:33 2019;-23.6209552785041,-46.6082185361581;-23.6183546829382,-46.6094826699595;-23.6209574 -46.608227;-23.6183648 -46.6094947;322;80;69
39213;Thu Mar 14 04:01:33 2019;-23.6209552785041,-46.6082185361581;-23.6183546829382,-46.6094826699595;-23.6209574 -46.608227;-23.6183648 -46.6094947;322;80;51
39214;Thu Mar 14 04:02:33 2019;-23.6209552785041,-46.6082185361581;-23.6183546829382,-46.6094826699595;-23.6209574 -46.608227;-23.6183648 -46.6094947;322;80;51
39215;Thu Mar 14 04:03:33 2019;-23.6209552785041,-46.6082185361581;-23.6183546829382,-46.6094826699595;-23.6209574 -46.608227;-23.6183648 -46.6094947;322;80;51
39216;Thu Mar 14 04:04:33 2019;-23.6209552785041,-46.6082185361581;-23.6183546829382,-46.6094826699595;-23.6209574 -46.608227;-23.6183648 -46.6094947;322;80;51
39217;Thu Mar 14 04:05:33 2019;-23.6209552785041,-46.6082185361581;-23.6183546829382,-46.6094826699595;-23.6209574 -46.608227;-23.6183648 -46.6094947;322;80;51
39218;Thu Mar 14 04:06:33 2019;-23.6209552785041,-46.6082185361581;-23.6183546829382,-46.6094826699595;-23.6209574 -46.608227;-23.6183648 -46.6094947;322;80;51
39219;Thu Mar 14 04:07:33 2019;-23.6209552785041,-46.6082185361581;-23.6183546829382,-46.6094826699595;-23.6209574 -46.608227;-23.6183648 -46.6094947;322;80;52
39220;Thu Mar 14 04:08:33 2019;-23.6209552785041,-46.6082185361581;-23.6183546829382,-46.6094826699595;-23.6209574 -46.608227;-23.6183648 -46.6094947;322;80;52
39221;Thu Mar 14 04:09:33 2019;-23.6209552785041,-46.6082185361581;-23.6183546829382,-46.6094826699595;-23.6209574 -46.608227;-23.6183648 -46.6094947;322;80;52
1;Thu Mar 14 21:06:52 2019;-23.6209552785041,-46.6082185361581;-23.6183546829382,-46.6094826699595;-23.6209574 -46.608227;-23.6183648 -46.6094947;322;80;121
2;Thu Mar 14 21:07:47 2019;-23.6209552785041,-46.6082185361581;-23.6183546829382,-46.6094826699595;-23.6209574 -46.608227;-23.6183648 -46.6094947;322;80;120
3;Thu Mar 14 21:08:50 2019;-23.6209552785041,-46.6082185361581;-23.6183546829382,-46.6094826699595;-23.6209574 -46.608227;-23.6183648 -46.6094947;322;80;120
4;Thu Mar 14 21:09:47 2019;-23.6209552785041,-46.6082185361581;-23.6183546829382,-46.6094826699595;-23.6209574 -46.608227;-23.6183648 -46.6094947;322;80;120
5;Thu Mar 14 21:10:46 2019;-23.6209552785041,-46.6082185361581;-23.6183546829382,-46.6094826699595;-23.6209574 -46.608227;-23.6183648 -46.6094947;322;80;120
6;Thu Mar 14 21:11:46 2019;-23.6209552785041,-46.6082185361581;-23.6183546829382,-46.6094826699595;-23.6209574 -46.608227;-23.6183648 -46.6094947;322;80;120
7;Thu Mar 14 21:12:46 2019;-23.6209552785041,-46.6082185361581;-23.6183546829382,-46.6094826699595;-23.6209574 -46.608227;-23.6183648 -46.6094947;322;80;120
8;Thu Mar 14 21:13:46 2019;-23.6209552785041,-46.6082185361581;-23.6183546829382,-46.6094826699595;-23.6209574 -46.608227;-23.6183648 -46.6094947;322;80;120
9;Thu Mar 14 21:14:47 2019;-23.6209552785041,-46.6082185361581;-23.6183546829382,-46.6094826699595;-23.6209574 -46.608227;-23.6183648 -46.6094947;322;80;120
10;Thu Mar 14 21:15:47 2019;-23.6209552785041,-46.6082185361581;-23.6183546829382,-46.6094826699595;-23.6209574 -46.608227;-23.6183648 -46.6094947;322;80;120
11;Thu Mar 14 21:16:46 2019;-23.6209552785041,-46.6082185361581;-23.6183546829382,-46.6094826699595;-23.6209574 -46.608227;-23.6183648 -46.6094947;322;80;120
12;Thu Mar 14 21:17:47 2019;-23.6209552785041,-46.6082185361581;-23.6183546829382,-46.6094826699595;-23.6209574 -46.608227;-23.6183648 -46.6094947;322;80;120
13;Thu Mar 14 21:18:47 2019;-23.6209552785041,-46.6082185361581;-23.6183546829382,-46.6094826699595;-23.6209574 -46.608227;-23.6183648 -46.6094947;322;80;120
14;Thu Mar 14 21:19:47 2019;-23.6209552785041,-46.6082185361581;-23.6183546829382,-46.6094826699595;-23.6209574 -46.608227;-23.6183648 -46.6094947;322;80;120
15;Thu Mar 14 21:20:47 2019;-23.6209552785041,-46.6082185361581;-23.6183546829382,-46.6094826699595;-23.6209574 -46.608227;-23.6183648 -46.6094947;322;80;120
16;Thu Mar 14 21:21:48 2019;-23.6209552785041,-46.6082185361581;-23.6183546829382,-46.6094826699595;-23.6209574 -46.608227;-23.6183648 -46.6094947;322;80;120
17;Thu Mar 14 21:22:46 2019;-23.6209552785041,-46.6082185361581;-23.6183546829382,-46.6094826699595;-23.6209574 -46.608227;-23.6183648 -46.6094947;322;80;115
18;Thu Mar 14 21:23:46 2019;-23.6209552785041,-46.6082185361581;-23.6183546829382,-46.6094826699595;-23.6209574 -46.608227;-23.6183648 -46.6094947;322;80;115
19;Thu Mar 14 21:24:47 2019;-23.6209552785041,-46.6082185361581;-23.6183546829382,-46.6094826699595;-23.6209574 -46.608227;-23.6183648 -46.6094947;322;80;115
20;Thu Mar 14 21:25:46 2019;-23.6209552785041,-46.6082185361581;-23.6183546829382,-46.6094826699595;-23.6209574 -46.608227;-23.6183648 -46.6094947;322;80;115
21;Thu Mar 14 21:26:47 2019;-23.6209552785041,-46.6082185361581;-23.6183546829382,-46.6094826699595;-23.6209574 -46.608227;-23.6183648 -46.6094947;322;80;115
22;Thu Mar 14 21:27:46 2019;-23.6209552785041,-46.6082185361581;-23.6183546829382,-46.6094826699595;-23.6209574 -46.608227;-23.6183648 -46.6094947;322;80;115
23;Thu Mar 14 21:28:46 2019;-23.6209552785041,-46.6082185361581;-23.6183546829382,-46.6094826699595;-23.6209574 -46.608227;-23.6183648 -46.6094947;322;80;115
24;Thu Mar 14 21:29:46 2019;-23.6209552785041,-46.6082185361581;-23.6183546829382,-46.6094826699595;-23.6209574 -46.608227;-23.6183648 -46.6094947;322;80;115
25;Thu Mar 14 21:30:46 2019;-23.6209552785041,-46.6082185361581;-23.6183546829382,-46.6094826699595;-23.6209574 -46.608227;-23.6183648 -46.6094947;322;80;115
26;Thu Mar 14 21:31:46 2019;-23.6209552785041,-46.6082185361581;-23.6183546829382,-46.6094826699595;-23.6209574 -46.608227;-23.6183648 -46.6094947;322;80;115
27;Thu Mar 14 21:32:46 2019;-23.6209552785041,-46.6082185361581;-23.6183546829382,-46.6094826699595;-23.6209574 -46.608227;-23.6183648 -46.6094947;322;80;115
28;Thu Mar 14 21:33:46 2019;-23.6209552785041,-46.6082185361581;-23.6183546829382,-46.6094826699595;-23.6209574 -46.608227;-23.6183648 -46.6094947;322;80;115
29;Thu Mar 14 21:34:46 2019;-23.6209552785041,-46.6082185361581;-23.6183546829382,-46.6094826699595;-23.6209574 -46.608227;-23.6183648 -46.6094947;322;80;115
30;Thu Mar 14 21:35:46 2019;-23.6209552785041,-46.6082185361581;-23.6183546829382,-46.6094826699595;-23.6209574 -46.608227;-23.6183648 -46.6094947;322;80;115
31;Thu Mar 14 21:36:46 2019;-23.6209552785041,-46.6082185361581;-23.6183546829382,-46.6094826699595;-23.6209574 -46.608227;-23.6183648 -46.6094947;322;80;113
32;Thu Mar 14 21:37:46 2019;-23.6209552785041,-46.6082185361581;-23.6183546829382,-46.6094826699595;-23.6209574 -46.608227;-23.6183648 -46.6094947;322;80;115
33;Thu Mar 14 21:38:46 2019;-23.6209552785041,-46.6082185361581;-23.6183546829382,-46.6094826699595;-23.6209574 -46.608227;-23.6183648 -46.6094947;322;80;115
34;Thu Mar 14 21:39:46 2019;-23.6209552785041,-46.6082185361581;-23.6183546829382,-46.6094826699595;-23.6209574 -46.608227;-23.6183648 -46.6094947;322;80;115
35;Thu Mar 14 21:40:46 2019;-23.6209552785041,-46.6082185361581;-23.6183546829382,-46.6094826699595;-23.6209574 -46.608227;-23.6183648 -46.6094947;322;80;115
36;Thu Mar 14 21:41:46 2019;-23.6209552785041,-46.6082185361581;-23.6183546829382,-46.6094826699595;-23.6209574 -46.608227;-23.6183648 -46.6094947;322;80;115
37;Thu Mar 14 21:42:46 2019;-23.6209552785041,-46.6082185361581;-23.6183546829382,-46.6094826699595;-23.6209574 -46.608227;-23.6183648 -46.6094947;322;80;115
38;Thu Mar 14 21:43:46 2019;-23.6209552785041,-46.6082185361581;-23.6183546829382,-46.6094826699595;-23.6209574 -46.608227;-23.6183648 -46.6094947;322;80;115
39;Thu Mar 14 21:44:46 2019;-23.6209552785041,-46.6082185361581;-23.6183546829382,-46.6094826699595;-23.6209574 -46.608227;-23.6183648 -46.6094947;322;80;115
40;Thu Mar 14 21:45:46 2019;-23.6209552785041,-46.6082185361581;-23.6183546829382,-46.6094826699595;-23.6209574 -46.608227;-23.6183648 -46.6094947;322;80;115
41;Thu Mar 14 21:46:46 2019;-23.6209552785041,-46.6082185361581;-23.6183546829382,-46.6094826699595;-23.6209574 -46.608227;-23.6183648 -46.6094947;322;80;115
42;Thu Mar 14 21:47:46 2019;-23.6209552785041,-46.6082185361581;-23.6183546829382,-46.6094826699595;-23.6209574 -46.608227;-23.6183648 -46.6094947;322;80;115
43;Thu Mar 14 21:48:47 2019;-23.6209552785041,-46.6082185361581;-23.6183546829382,-46.6094826699595;-23.6209574 -46.608227;-23.6183648 -46.6094947;322;80;115
44;Thu Mar 14 21:49:46 2019;-23.6209552785041,-46.6082185361581;-23.6183546829382,-46.6094826699595;-23.6209574 -46.608227;-23.6183648 -46.6094947;322;80;115
45;Thu Mar 14 21:50:46 2019;-23.6209552785041,-46.6082185361581;-23.6183546829382,-46.6094826699595;-23.6209574 -46.608227;-23.6183648 -46.6094947;322;80;115
46;Thu Mar 14 21:51:46 2019;-23.6209552785041,-46.6082185361581;-23.6183546829382,-46.6094826699595;-23.6209574 -46.608227;-23.6183648 -46.6094947;322;80;118
47;Thu Mar 14 21:52:46 2019;-23.6209552785041,-46.6082185361581;-23.6183546829382,-46.6094826699595;-23.6209574 -46.608227;-23.6183648 -46.6094947;322;80;111
48;Thu Mar 14 21:53:46 2019;-23.6209552785041,-46.6082185361581;-23.6183546829382,-46.6094826699595;-23.6209574 -46.608227;-23.6183648 -46.6094947;322;80;111
49;Thu Mar 14 21:54:47 2019;-23.6209552785041,-46.6082185361581;-23.6183546829382,-46.6094826699595;-23.6209574 -46.608227;-23.6183648 -46.6094947;322;80;111
50;Thu Mar 14 21:55:46 2019;-23.6209552785041,-46.6082185361581;-23.6183546829382,-46.6094826699595;-23.6209574 -46.608227;-23.6183648 -46.6094947;322;80;111
51;Thu Mar 14 21:56:47 2019;-23.6209552785041,-46.6082185361581;-23.6183546829382,-46.6094826699595;-23.6209574 -46.608227;-23.6183648 -46.6094947;322;80;111
52;Thu Mar 14 21:57:46 2019;-23.6209552785041,-46.6082185361581;-23.6183546829382,-46.6094826699595;-23.6209574 -46.608227;-23.6183648 -46.6094947;322;80;111
53;Thu Mar 14 21:58:46 2019;-23.6209552785041,-46.6082185361581;-23.6183546829382,-46.6094826699595;-23.6209574 -46.608227;-23.6183648 -46.6094947;322;80;111
54;Thu Mar 14 21:59:46 2019;-23.6209552785041,-46.6082185361581;-23.6183546829382,-46.6094826699595;-23.6209574 -46.608227;-23.6183648 -46.6094947;322;80;111
55;Thu Mar 14 22:00:46 2019;-23.6209552785041,-46.6082185361581;-23.6183546829382,-46.6094826699595;-23.6209574 -46.608227;-23.6183648 -46.6094947;322;80;111
56;Thu Mar 14 22:01:46 2019;-23.6209552785041,-46.6082185361581;-23.6183546829382,-46.6094826699595;-23.6209574 -46.608227;-23.6183648 -46.6094947;322;80;111
57;Thu Mar 14 22:02:46 2019;-23.6209552785041,-46.6082185361581;-23.6183546829382,-46.6094826699595;-23.6209574 -46.608227;-23.6183648 -46.6094947;322;80;111
58;Thu Mar 14 22:03:46 2019;-23.6209552785041,-46.6082185361581;-23.6183546829382,-46.6094826699595;-23.6209574 -46.608227;-23.6183648 -46.6094947;322;80;111
59;Thu Mar 14 22:04:47 2019;-23.6209552785041,-46.6082185361581;-23.6183546829382,-46.6094826699595;-23.6209574 -46.608227;-23.6183648 -46.6094947;322;80;111
60;Thu Mar 14 22:05:47 2019;-23.6209552785041,-46.6082185361581;-23.6183546829382,-46.6094826699595;-23.6209574 -46.608227;-23.6183648 -46.6094947;322;80;111
61;Thu Mar 14 22:06:47 2019;-23.6209552785041,-46.6082185361581;-23.6183546829382,-46.6094826699595;-23.6209574 -46.608227;-23.6183648 -46.6094947;322;80;100
62;Thu Mar 14 22:07:46 2019;-23.6209552785041,-46.6082185361581;-23.6183546829382,-46.6094826699595;-23.6209574 -46.608227;-23.6183648 -46.6094947;322;80;97
63;Thu Mar 14 22:08:47 2019;-23.6209552785041,-46.6082185361581;-23.6183546829382,-46.6094826699595;-23.6209574 -46.608227;-23.6183648 -46.6094947;322;80;97
64;Thu Mar 14 22:09:46 2019;-23.6209552785041,-46.6082185361581;-23.6183546829382,-46.6094826699595;-23.6209574 -46.608227;-23.6183648 -46.6094947;322;80;97
65;Thu Mar 14 22:10:46 2019;-23.6209552785041,-46.6082185361581;-23.6183546829382,-46.6094826699595;-23.6209574 -46.608227;-23.6183648 -46.6094947;322;80;97
66;Thu Mar 14 22:11:47 2019;-23.6209552785041,-46.6082185361581;-23.6183546829382,-46.6094826699595;-23.6209574 -46.608227;-23.6183648 -46.6094947;322;80;97
67;Thu Mar 14 22:12:46 2019;-23.6209552785041,-46.6082185361581;-23.6183546829382,-46.6094826699595;-23.6209574 -46.608227;-23.6183648 -46.6094947;322;80;97
68;Thu Mar 14 22:13:46 2019;-23.6209552785041,-46.6082185361581;-23.6183546829382,-46.6094826699595;-23.6209574 -46.608227;-23.6183648 -46.6094947;322;80;97
69;Thu Mar 14 22:14:46 2019;-23.6209552785041,-46.6082185361581;-23.6183546829382,-46.6094826699595;-23.6209574 -46.608227;-23.6183648 -46.6094947;322;80;97
70;Thu Mar 14 22:15:46 2019;-23.6209552785041,-46.6082185361581;-23.6183546829382,-46.6094826699595;-23.6209574 -46.608227;-23.6183648 -46.6094947;322;80;97
71;Thu Mar 14 22:16:46 2019;-23.6209552785041,-46.6082185361581;-23.6183546829382,-46.6094826699595;-23.6209574 -46.608227;-23.6183648 -46.6094947;322;80;97
72;Thu Mar 14 22:17:46 2019;-23.6209552785041,-46.6082185361581;-23.6183546829382,-46.6094826699595;-23.6209574 -46.608227;-23.6183648 -46.6094947;322;80;97
73;Thu Mar 14 22:18:46 2019;-23.6209552785041,-46.6082185361581;-23.6183546829382,-46.6094826699595;-23.6209574 -46.608227;-23.6183648 -46.6094947;322;80;97
74;Thu Mar 14 22:19:47 2019;-23.6209552785041,-46.6082185361581;-23.6183546829382,-46.6094826699595;-23.6209574 -46.608227;-23.6183648 -46.6094947;322;80;97
75;Thu Mar 14 22:20:46 2019;-23.6209552785041,-46.6082185361581;-23.6183546829382,-46.6094826699595;-23.6209574 -46.608227;-23.6183648 -46.6094947;322;80;97
76;Thu Mar 14 22:21:46 2019;-23.6209552785041,-46.6082185361581;-23.6183546829382,-46.6094826699595;-23.6209574 -46.608227;-23.6183648 -46.6094947;322;80;96
77;Thu Mar 14 22:22:46 2019;-23.6209552785041,-46.6082185361581;-23.6183546829382,-46.6094826699595;-23.6209574 -46.608227;-23.6183648 -46.6094947;322;80;96
78;Thu Mar 14 22:23:46 2019;-23.6209552785041,-46.6082185361581;-23.6183546829382,-46.6094826699595;-23.6209574 -46.608227;-23.6183648 -46.6094947;322;80;96
79;Thu Mar 14 22:24:47 2019;-23.6209552785041,-46.6082185361581;-23.6183546829382,-46.6094826699595;-23.6209574 -46.608227;-23.6183648 -46.6094947;322;80;96
80;Thu Mar 14 22:25:46 2019;-23.6209552785041,-46.6082185361581;-23.6183546829382,-46.6094826699595;-23.6209574 -46.608227;-23.6183648 -46.6094947;322;80;96
81;Thu Mar 14 22:26:46 2019;-23.6209552785041,-46.6082185361581;-23.6183546829382,-46.6094826699595;-23.6209574 -46.608227;-23.6183648 -46.6094947;322;80;96
82;Thu Mar 14 22:27:46 2019;-23.6209552785041,-46.6082185361581;-23.6183546829382,-46.6094826699595;-23.6209574 -46.608227;-23.6183648 -46.6094947;322;80;96
83;Thu Mar 14 22:28:46 2019;-23.6209552785041,-46.6082185361581;-23.6183546829382,-46.6094826699595;-23.6209574 -46.608227;-23.6183648 -46.6094947;322;80;96
84;Thu Mar 14 22:29:46 2019;-23.6209552785041,-46.6082185361581;-23.6183546829382,-46.6094826699595;-23.6209574 -46.608227;-23.6183648 -46.6094947;322;80;96
85;Thu Mar 14 22:30:46 2019;-23.6209552785041,-46.6082185361581;-23.6183546829382,-46.6094826699595;-23.6209574 -46.608227;-23.6183648 -46.6094947;322;80;96
86;Thu Mar 14 22:31:46 2019;-23.6209552785041,-46.6082185361581;-23.6183546829382,-46.6094826699595;-23.6209574 -46.608227;-23.6183648 -46.6094947;322;80;96
87;Thu Mar 14 22:32:46 2019;-23.6209552785041,-46.6082185361581;-23.6183546829382,-46.6094826699595;-23.6209574 -46.608227;-23.6183648 -46.6094947;322;80;96
88;Thu Mar 14 22:33:46 2019;-23.6209552785041,-46.6082185361581;-23.6183546829382,-46.6094826699595;-23.6209574 -46.608227;-23.6183648 -46.6094947;322;80;96
89;Thu Mar 14 22:34:46 2019;-23.6209552785041,-46.6082185361581;-23.6183546829382,-46.6094826699595;-23.6209574 -46.608227;-23.6183648 -46.6094947;322;80;96
90;Thu Mar 14 22:35:46 2019;-23.6209552785041,-46.6082185361581;-23.6183546829382,-46.6094826699595;-23.6209574 -46.608227;-23.6183648 -46.6094947;322;80;96
91;Thu Mar 14 22:36:46 2019;-23.6209552785041,-46.6082185361581;-23.6183546829382,-46.6094826699595;-23.6209574 -46.608227;-23.6183648 -46.6094947;322;80;100
92;Thu Mar 14 22:37:46 2019;-23.6209552785041,-46.6082185361581;-23.6183546829382,-46.6094826699595;-23.6209574 -46.608227;-23.6183648 -46.6094947;322;80;106
93;Thu Mar 14 22:38:47 2019;-23.6209552785041,-46.6082185361581;-23.6183546829382,-46.6094826699595;-23.6209574 -46.608227;-23.6183648 -46.6094947;322;80;106
94;Thu Mar 14 22:39:46 2019;-23.6209552785041,-46.6082185361581;-23.6183546829382,-46.6094826699595;-23.6209574 -46.608227;-23.6183648 -46.6094947;322;80;106
95;Thu Mar 14 22:40:47 2019;-23.6209552785041,-46.6082185361581;-23.6183546829382,-46.6094826699595;-23.6209574 -46.608227;-23.6183648 -46.6094947;322;80;106
96;Thu Mar 14 22:41:46 2019;-23.6209552785041,-46.6082185361581;-23.6183546829382,-46.6094826699595;-23.6209574 -46.608227;-23.6183648 -46.6094947;322;80;106
97;Thu Mar 14 22:42:46 2019;-23.6209552785041,-46.6082185361581;-23.6183546829382,-46.6094826699595;-23.6209574 -46.608227;-23.6183648 -46.6094947;322;80;106
98;Thu Mar 14 22:43:46 2019;-23.6209552785041,-46.6082185361581;-23.6183546829382,-46.6094826699595;-23.6209574 -46.608227;-23.6183648 -46.6094947;322;80;106
99;Thu Mar 14 22:44:47 2019;-23.6209552785041,-46.6082185361581;-23.6183546829382,-46.6094826699595;-23.6209574 -46.608227;-23.6183648 -46.6094947;322;80;106
100;Thu Mar 14 22:45:46 2019;-23.6209552785041,-46.6082185361581;-23.6183546829382,-46.6094826699595;-23.6209574 -46.608227;-23.6183648 -46.6094947;322;80;106
101;Thu Mar 14 22:46:47 2019;-23.6209552785041,-46.6082185361581;-23.6183546829382,-46.6094826699595;-23.6209574 -46.608227;-23.6183648 -46.6094947;322;80;106
102;Thu Mar 14 22:47:46 2019;-23.6209552785041,-46.6082185361581;-23.6183546829382,-46.6094826699595;-23.6209574 -46.608227;-23.6183648 -46.6094947;322;80;106
103;Thu Mar 14 22:48:46 2019;-23.6209552785041,-46.6082185361581;-23.6183546829382,-46.6094826699595;-23.6209574 -46.608227;-23.6183648 -46.6094947;322;80;106
104;Thu Mar 14 22:49:46 2019;-23.6209552785041,-46.6082185361581;-23.6183546829382,-46.6094826699595;-23.6209574 -46.608227;-23.6183648 -46.6094947;322;80;106
105;Thu Mar 14 22:50:47 2019;-23.6209552785041,-46.6082185361581;-23.6183546829382,-46.6094826699595;-23.6209574 -46.608227;-23.6183648 -46.6094947;322;80;106
106;Thu Mar 14 22:51:46 2019;-23.6209552785041,-46.6082185361581;-23.6183546829382,-46.6094826699595;-23.6209574 -46.608227;-23.6183648 -46.6094947;322;80;100
107;Thu Mar 14 22:52:46 2019;-23.6209552785041,-46.6082185361581;-23.6183546829382,-46.6094826699595;-23.6209574 -46.608227;-23.6183648 -46.6094947;322;80;85
108;Thu Mar 14 22:53:47 2019;-23.6209552785041,-46.6082185361581;-23.6183546829382,-46.6094826699595;-23.6209574 -46.608227;-23.6183648 -46.6094947;322;80;85
109;Thu Mar 14 22:54:46 2019;-23.6209552785041,-46.6082185361581;-23.6183546829382,-46.6094826699595;-23.6209574 -46.608227;-23.6183648 -46.6094947;322;80;85
110;Thu Mar 14 22:55:46 2019;-23.6209552785041,-46.6082185361581;-23.6183546829382,-46.6094826699595;-23.6209574 -46.608227;-23.6183648 -46.6094947;322;80;85
111;Thu Mar 14 22:56:47 2019;-23.6209552785041,-46.6082185361581;-23.6183546829382,-46.6094826699595;-23.6209574 -46.608227;-23.6183648 -46.6094947;322;80;85
112;Thu Mar 14 22:57:46 2019;-23.6209552785041,-46.6082185361581;-23.6183546829382,-46.6094826699595;-23.6209574 -46.608227;-23.6183648 -46.6094947;322;80;85
113;Thu Mar 14 22:58:46 2019;-23.6209552785041,-46.6082185361581;-23.6183546829382,-46.6094826699595;-23.6209574 -46.608227;-23.6183648 -46.6094947;322;80;85
114;Thu Mar 14 22:59:46 2019;-23.6209552785041,-46.6082185361581;-23.6183546829382,-46.6094826699595;-23.6209574 -46.608227;-23.6183648 -46.6094947;322;80;85
115;Thu Mar 14 23:00:46 2019;-23.6209552785041,-46.6082185361581;-23.6183546829382,-46.6094826699595;-23.6209574 -46.608227;-23.6183648 -46.6094947;322;80;85
116;Thu Mar 14 23:01:46 2019;-23.6209552785041,-46.6082185361581;-23.6183546829382,-46.6094826699595;-23.6209574 -46.608227;-23.6183648 -46.6094947;322;80;85
117;Thu Mar 14 23:02:46 2019;-23.6209552785041,-46.6082185361581;-23.6183546829382,-46.6094826699595;-23.6209574 -46.608227;-23.6183648 -46.6094947;322;80;85
118;Thu Mar 14 23:03:47 2019;-23.6209552785041,-46.6082185361581;-23.6183546829382,-46.6094826699595;-23.6209574 -46.608227;-23.6183648 -46.6094947;322;80;85
119;Thu Mar 14 23:04:46 2019;-23.6209552785041,-46.6082185361581;-23.6183546829382,-46.6094826699595;-23.6209574 -46.608227;-23.6183648 -46.6094947;322;80;85
120;Thu Mar 14 23:05:46 2019;-23.6209552785041,-46.6082185361581;-23.6183546829382,-46.6094826699595;-23.6209574 -46.608227;-23.6183648 -46.6094947;322;80;85
121;Thu Mar 14 23:06:47 2019;-23.6209552785041,-46.6082185361581;-23.6183546829382,-46.6094826699595;-23.6209574 -46.608227;-23.6183648 -46.6094947;322;80;84
122;Thu Mar 14 23:07:46 2019;-23.6209552785041,-46.6082185361581;-23.6183546829382,-46.6094826699595;-23.6209574 -46.608227;-23.6183648 -46.6094947;322;80;89
123;Thu Mar 14 23:08:46 2019;-23.6209552785041,-46.6082185361581;-23.6183546829382,-46.6094826699595;-23.6209574 -46.608227;-23.6183648 -46.6094947;322;80;89
124;Thu Mar 14 23:09:46 2019;-23.6209552785041,-46.6082185361581;-23.6183546829382,-46.6094826699595;-23.6209574 -46.608227;-23.6183648 -46.6094947;322;80;89
125;Thu Mar 14 23:10:46 2019;-23.6209552785041,-46.6082185361581;-23.6183546829382,-46.6094826699595;-23.6209574 -46.608227;-23.6183648 -46.6094947;322;80;89
126;Thu Mar 14 23:11:47 2019;-23.6209552785041,-46.6082185361581;-23.6183546829382,-46.6094826699595;-23.6209574 -46.608227;-23.6183648 -46.6094947;322;80;89
127;Thu Mar 14 23:12:46 2019;-23.6209552785041,-46.6082185361581;-23.6183546829382,-46.6094826699595;-23.6209574 -46.608227;-23.6183648 -46.6094947;322;80;89
128;Thu Mar 14 23:13:46 2019;-23.6209552785041,-46.6082185361581;-23.6183546829382,-46.6094826699595;-23.6209574 -46.608227;-23.6183648 -46.6094947;322;80;89
129;Thu Mar 14 23:14:46 2019;-23.6209552785041,-46.6082185361581;-23.6183546829382,-46.6094826699595;-23.6209574 -46.608227;-23.6183648 -46.6094947;322;80;89
130;Thu Mar 14 23:15:46 2019;-23.6209552785041,-46.6082185361581;-23.6183546829382,-46.6094826699595;-23.6209574 -46.608227;-23.6183648 -46.6094947;322;80;89
131;Thu Mar 14 23:16:46 2019;-23.6209552785041,-46.6082185361581;-23.6183546829382,-46.6094826699595;-23.6209574 -46.608227;-23.6183648 -46.6094947;322;80;89
132;Thu Mar 14 23:17:46 2019;-23.6209552785041,-46.6082185361581;-23.6183546829382,-46.6094826699595;-23.6209574 -46.608227;-23.6183648 -46.6094947;322;80;89
133;Thu Mar 14 23:18:46 2019;-23.6209552785041,-46.6082185361581;-23.6183546829382,-46.6094826699595;-23.6209574 -46.608227;-23.6183648 -46.6094947;322;80;89
134;Thu Mar 14 23:19:46 2019;-23.6209552785041,-46.6082185361581;-23.6183546829382,-46.6094826699595;-23.6209574 -46.608227;-23.6183648 -46.6094947;322;80;89
135;Thu Mar 14 23:20:46 2019;-23.6209552785041,-46.6082185361581;-23.6183546829382,-46.6094826699595;-23.6209574 -46.608227;-23.6183648 -46.6094947;322;80;89
136;Thu Mar 14 23:21:46 2019;-23.6209552785041,-46.6082185361581;-23.6183546829382,-46.6094826699595;-23.6209574 -46.608227;-23.6183648 -46.6094947;322;80;90
137;Thu Mar 14 23:22:46 2019;-23.6209552785041,-46.6082185361581;-23.6183546829382,-46.6094826699595;-23.6209574 -46.608227;-23.6183648 -46.6094947;322;80;84
138;Thu Mar 14 23:23:46 2019;-23.6209552785041,-46.6082185361581;-23.6183546829382,-46.6094826699595;-23.6209574 -46.608227;-23.6183648 -46.6094947;322;80;84
139;Thu Mar 14 23:24:46 2019;-23.6209552785041,-46.6082185361581;-23.6183546829382,-46.6094826699595;-23.6209574 -46.608227;-23.6183648 -46.6094947;322;80;84
140;Thu Mar 14 23:25:46 2019;-23.6209552785041,-46.6082185361581;-23.6183546829382,-46.6094826699595;-23.6209574 -46.608227;-23.6183648 -46.6094947;322;80;84
141;Thu Mar 14 23:26:47 2019;-23.6209552785041,-46.6082185361581;-23.6183546829382,-46.6094826699595;-23.6209574 -46.608227;-23.6183648 -46.6094947;322;80;84
142;Thu Mar 14 23:27:46 2019;-23.6209552785041,-46.6082185361581;-23.6183546829382,-46.6094826699595;-23.6209574 -46.608227;-23.6183648 -46.6094947;322;80;84
143;Thu Mar 14 23:28:46 2019;-23.6209552785041,-46.6082185361581;-23.6183546829382,-46.6094826699595;-23.6209574 -46.608227;-23.6183648 -46.6094947;322;80;84
144;Thu Mar 14 23:29:46 2019;-23.6209552785041,-46.6082185361581;-23.6183546829382,-46.6094826699595;-23.6209574 -46.608227;-23.6183648 -46.6094947;322;80;84
145;Thu Mar 14 23:30:46 2019;-23.6209552785041,-46.6082185361581;-23.6183546829382,-46.6094826699595;-23.6209574 -46.608227;-23.6183648 -46.6094947;322;80;84
146;Thu Mar 14 23:31:46 2019;-23.6209552785041,-46.6082185361581;-23.6183546829382,-46.6094826699595;-23.6209574 -46.608227;-23.6183648 -46.6094947;322;80;84
147;Thu Mar 14 23:32:47 2019;-23.6209552785041,-46.6082185361581;-23.6183546829382,-46.6094826699595;-23.6209574 -46.608227;-23.6183648 -46.6094947;322;80;84
148;Thu Mar 14 23:33:46 2019;-23.6209552785041,-46.6082185361581;-23.6183546829382,-46.6094826699595;-23.6209574 -46.608227;-23.6183648 -46.6094947;322;80;84
149;Thu Mar 14 23:34:46 2019;-23.6209552785041,-46.6082185361581;-23.6183546829382,-46.6094826699595;-23.6209574 -46.608227;-23.6183648 -46.6094947;322;80;84
150;Thu Mar 14 23:35:46 2019;-23.6209552785041,-46.6082185361581;-23.6183546829382,-46.6094826699595;-23.6209574 -46.608227;-23.6183648 -46.6094947;322;80;84
151;Thu Mar 14 23:36:46 2019;-23.6209552785041,-46.6082185361581;-23.6183546829382,-46.6094826699595;-23.6209574 -46.608227;-23.6183648 -46.6094947;322;80;79
152;Thu Mar 14 23:37:46 2019;-23.6209552785041,-46.6082185361581;-23.6183546829382,-46.6094826699595;-23.6209574 -46.608227;-23.6183648 -46.6094947;322;80;81
153;Thu Mar 14 23:38:46 2019;-23.6209552785041,-46.6082185361581;-23.6183546829382,-46.6094826699595;-23.6209574 -46.608227;-23.6183648 -46.6094947;322;80;81
154;Thu Mar 14 23:39:46 2019;-23.6209552785041,-46.6082185361581;-23.6183546829382,-46.6094826699595;-23.6209574 -46.608227;-23.6183648 -46.6094947;322;80;81
155;Thu Mar 14 23:40:46 2019;-23.6209552785041,-46.6082185361581;-23.6183546829382,-46.6094826699595;-23.6209574 -46.608227;-23.6183648 -46.6094947;322;80;81
156;Thu Mar 14 23:41:46 2019;-23.6209552785041,-46.6082185361581;-23.6183546829382,-46.6094826699595;-23.6209574 -46.608227;-23.6183648 -46.6094947;322;80;81
157;Thu Mar 14 23:42:47 2019;-23.6209552785041,-46.6082185361581;-23.6183546829382,-46.6094826699595;-23.6209574 -46.608227;-23.6183648 -46.6094947;322;80;81
158;Thu Mar 14 23:43:46 2019;-23.6209552785041,-46.6082185361581;-23.6183546829382,-46.6094826699595;-23.6209574 -46.608227;-23.6183648 -46.6094947;322;80;81
159;Thu Mar 14 23:44:46 2019;-23.6209552785041,-46.6082185361581;-23.6183546829382,-46.6094826699595;-23.6209574 -46.608227;-23.6183648 -46.6094947;322;80;81
160;Thu Mar 14 23:45:46 2019;-23.6209552785041,-46.6082185361581;-23.6183546829382,-46.6094826699595;-23.6209574 -46.608227;-23.6183648 -46.6094947;322;80;81
161;Thu Mar 14 23:46:47 2019;-23.6209552785041,-46.6082185361581;-23.6183546829382,-46.6094826699595;-23.6209574 -46.608227;-23.6183648 -46.6094947;322;80;81
162;Thu Mar 14 23:47:47 2019;-23.6209552785041,-46.6082185361581;-23.6183546829382,-46.6094826699595;-23.6209574 -46.608227;-23.6183648 -46.6094947;322;80;81
163;Thu Mar 14 23:48:46 2019;-23.6209552785041,-46.6082185361581;-23.6183546829382,-46.6094826699595;-23.6209574 -46.608227;-23.6183648 -46.6094947;322;80;81
164;Thu Mar 14 23:49:46 2019;-23.6209552785041,-46.6082185361581;-23.6183546829382,-46.6094826699595;-23.6209574 -46.608227;-23.6183648 -46.6094947;322;80;81
165;Thu Mar 14 23:50:46 2019;-23.6209552785041,-46.6082185361581;-23.6183546829382,-46.6094826699595;-23.6209574 -46.608227;-23.6183648 -46.6094947;322;80;81
166;Thu Mar 14 23:51:46 2019;-23.6209552785041,-46.6082185361581;-23.6183546829382,-46.6094826699595;-23.6209574 -46.608227;-23.6183648 -46.6094947;322;80;83
167;Thu Mar 14 23:52:46 2019;-23.6209552785041,-46.6082185361581;-23.6183546829382,-46.6094826699595;-23.6209574 -46.608227;-23.6183648 -46.6094947;322;80;76
168;Thu Mar 14 23:53:46 2019;-23.6209552785041,-46.6082185361581;-23.6183546829382,-46.6094826699595;-23.6209574 -46.608227;-23.6183648 -46.6094947;322;80;76
169;Thu Mar 14 23:54:46 2019;-23.6209552785041,-46.6082185361581;-23.6183546829382,-46.6094826699595;-23.6209574 -46.608227;-23.6183648 -46.6094947;322;80;76
170;Thu Mar 14 23:55:47 2019;-23.6209552785041,-46.6082185361581;-23.6183546829382,-46.6094826699595;-23.6209574 -46.608227;-23.6183648 -46.6094947;322;80;76
171;Thu Mar 14 23:56:46 2019;-23.6209552785041,-46.6082185361581;-23.6183546829382,-46.6094826699595;-23.6209574 -46.608227;-23.6183648 -46.6094947;322;80;76
172;Thu Mar 14 23:57:46 2019;-23.6209552785041,-46.6082185361581;-23.6183546829382,-46.6094826699595;-23.6209574 -46.608227;-23.6183648 -46.6094947;322;80;76
173;Thu Mar 14 23:58:46 2019;-23.6209552785041,-46.6082185361581;-23.6183546829382,-46.6094826699595;-23.6209574 -46.608227;-23.6183648 -46.6094947;322;80;76
174;Thu Mar 14 23:59:46 2019;-23.6209552785041,-46.6082185361581;-23.6183546829382,-46.6094826699595;-23.6209574 -46.608227;-23.6183648 -46.6094947;322;80;76
