38972;Thu Mar 14 00:00:33 2019;-23.6294293937468,-46.6047248879112;-23.6272805616842,-46.6063075256665;-23.6294585 -46.6047459;-23.6272832 -46.6063177;301;63;51
39213;Thu Mar 14 04:01:33 2019;-23.6294293937468,-46.6047248879112;-23.6272805616842,-46.6063075256665;-23.6294585 -46.6047459;-23.6272832 -46.6063177;301;63;40
39214;Thu Mar 14 04:02:33 2019;-23.6294293937468,-46.6047248879112;-23.6272805616842,-46.6063075256665;-23.6294585 -46.6047459;-23.6272832 -46.6063177;301;63;40
39215;Thu Mar 14 04:03:33 2019;-23.6294293937468,-46.6047248879112;-23.6272805616842,-46.6063075256665;-23.6294585 -46.6047459;-23.6272832 -46.6063177;301;63;40
39216;Thu Mar 14 04:04:33 2019;-23.6294293937468,-46.6047248879112;-23.6272805616842,-46.6063075256665;-23.6294585 -46.6047459;-23.6272832 -46.6063177;301;63;40
39217;Thu Mar 14 04:05:33 2019;-23.6294293937468,-46.6047248879112;-23.6272805616842,-46.6063075256665;-23.6294585 -46.6047459;-23.6272832 -46.6063177;301;63;40
39218;Thu Mar 14 04:06:33 2019;-23.6294293937468,-46.6047248879112;-23.6272805616842,-46.6063075256665;-23.6294585 -46.6047459;-23.6272832 -46.6063177;301;63;40
39219;Thu Mar 14 04:07:33 2019;-23.6294293937468,-46.6047248879112;-23.6272805616842,-46.6063075256665;-23.6294585 -46.6047459;-23.6272832 -46.6063177;301;63;40
39220;Thu Mar 14 04:08:33 2019;-23.6294293937468,-46.6047248879112;-23.6272805616842,-46.6063075256665;-23.6294585 -46.6047459;-23.6272832 -46.6063177;301;63;40
39221;Thu Mar 14 04:09:33 2019;-23.6294293937468,-46.6047248879112;-23.6272805616842,-46.6063075256665;-23.6294585 -46.6047459;-23.6272832 -46.6063177;301;63;40
1;Thu Mar 14 21:06:51 2019;-23.6294293937468,-46.6047248879112;-23.6272805616842,-46.6063075256665;-23.6294585 -46.6047459;-23.6272832 -46.6063177;301;63;94
2;Thu Mar 14 21:07:47 2019;-23.6294293937468,-46.6047248879112;-23.6272805616842,-46.6063075256665;-23.6294585 -46.6047459;-23.6272832 -46.6063177;301;63;88
3;Thu Mar 14 21:08:49 2019;-23.6294293937468,-46.6047248879112;-23.6272805616842,-46.6063075256665;-23.6294585 -46.6047459;-23.6272832 -46.6063177;301;63;88
4;Thu Mar 14 21:09:46 2019;-23.6294293937468,-46.6047248879112;-23.6272805616842,-46.6063075256665;-23.6294585 -46.6047459;-23.6272832 -46.6063177;301;63;88
5;Thu Mar 14 21:10:46 2019;-23.6294293937468,-46.6047248879112;-23.6272805616842,-46.6063075256665;-23.6294585 -46.6047459;-23.6272832 -46.6063177;301;63;88
6;Thu Mar 14 21:11:46 2019;-23.6294293937468,-46.6047248879112;-23.6272805616842,-46.6063075256665;-23.6294585 -46.6047459;-23.6272832 -46.6063177;301;63;88
7;Thu Mar 14 21:12:45 2019;-23.6294293937468,-46.6047248879112;-23.6272805616842,-46.6063075256665;-23.6294585 -46.6047459;-23.6272832 -46.6063177;301;63;88
8;Thu Mar 14 21:13:46 2019;-23.6294293937468,-46.6047248879112;-23.6272805616842,-46.6063075256665;-23.6294585 -46.6047459;-23.6272832 -46.6063177;301;63;88
9;Thu Mar 14 21:14:46 2019;-23.6294293937468,-46.6047248879112;-23.6272805616842,-46.6063075256665;-23.6294585 -46.6047459;-23.6272832 -46.6063177;301;63;88
10;Thu Mar 14 21:15:47 2019;-23.6294293937468,-46.6047248879112;-23.6272805616842,-46.6063075256665;-23.6294585 -46.6047459;-23.6272832 -46.6063177;301;63;88
11;Thu Mar 14 21:16:46 2019;-23.6294293937468,-46.6047248879112;-23.6272805616842,-46.6063075256665;-23.6294585 -46.6047459;-23.6272832 -46.6063177;301;63;88
12;Thu Mar 14 21:17:46 2019;-23.6294293937468,-46.6047248879112;-23.6272805616842,-46.6063075256665;-23.6294585 -46.6047459;-23.6272832 -46.6063177;301;63;88
13;Thu Mar 14 21:18:46 2019;-23.6294293937468,-46.6047248879112;-23.6272805616842,-46.6063075256665;-23.6294585 -46.6047459;-23.6272832 -46.6063177;301;63;88
14;Thu Mar 14 21:19:46 2019;-23.6294293937468,-46.6047248879112;-23.6272805616842,-46.6063075256665;-23.6294585 -46.6047459;-23.6272832 -46.6063177;301;63;88
15;Thu Mar 14 21:20:47 2019;-23.6294293937468,-46.6047248879112;-23.6272805616842,-46.6063075256665;-23.6294585 -46.6047459;-23.6272832 -46.6063177;301;63;88
16;Thu Mar 14 21:21:47 2019;-23.6294293937468,-46.6047248879112;-23.6272805616842,-46.6063075256665;-23.6294585 -46.6047459;-23.6272832 -46.6063177;301;63;87
17;Thu Mar 14 21:22:46 2019;-23.6294293937468,-46.6047248879112;-23.6272805616842,-46.6063075256665;-23.6294585 -46.6047459;-23.6272832 -46.6063177;301;63;86
18;Thu Mar 14 21:23:46 2019;-23.6294293937468,-46.6047248879112;-23.6272805616842,-46.6063075256665;-23.6294585 -46.6047459;-23.6272832 -46.6063177;301;63;86
19;Thu Mar 14 21:24:46 2019;-23.6294293937468,-46.6047248879112;-23.6272805616842,-46.6063075256665;-23.6294585 -46.6047459;-23.6272832 -46.6063177;301;63;86
20;Thu Mar 14 21:25:46 2019;-23.6294293937468,-46.6047248879112;-23.6272805616842,-46.6063075256665;-23.6294585 -46.6047459;-23.6272832 -46.6063177;301;63;86
21;Thu Mar 14 21:26:46 2019;-23.6294293937468,-46.6047248879112;-23.6272805616842,-46.6063075256665;-23.6294585 -46.6047459;-23.6272832 -46.6063177;301;63;86
22;Thu Mar 14 21:27:46 2019;-23.6294293937468,-46.6047248879112;-23.6272805616842,-46.6063075256665;-23.6294585 -46.6047459;-23.6272832 -46.6063177;301;63;86
23;Thu Mar 14 21:28:46 2019;-23.6294293937468,-46.6047248879112;-23.6272805616842,-46.6063075256665;-23.6294585 -46.6047459;-23.6272832 -46.6063177;301;63;86
24;Thu Mar 14 21:29:46 2019;-23.6294293937468,-46.6047248879112;-23.6272805616842,-46.6063075256665;-23.6294585 -46.6047459;-23.6272832 -46.6063177;301;63;86
25;Thu Mar 14 21:30:46 2019;-23.6294293937468,-46.6047248879112;-23.6272805616842,-46.6063075256665;-23.6294585 -46.6047459;-23.6272832 -46.6063177;301;63;86
26;Thu Mar 14 21:31:46 2019;-23.6294293937468,-46.6047248879112;-23.6272805616842,-46.6063075256665;-23.6294585 -46.6047459;-23.6272832 -46.6063177;301;63;86
27;Thu Mar 14 21:32:46 2019;-23.6294293937468,-46.6047248879112;-23.6272805616842,-46.6063075256665;-23.6294585 -46.6047459;-23.6272832 -46.6063177;301;63;86
28;Thu Mar 14 21:33:46 2019;-23.6294293937468,-46.6047248879112;-23.6272805616842,-46.6063075256665;-23.6294585 -46.6047459;-23.6272832 -46.6063177;301;63;86
29;Thu Mar 14 21:34:46 2019;-23.6294293937468,-46.6047248879112;-23.6272805616842,-46.6063075256665;-23.6294585 -46.6047459;-23.6272832 -46.6063177;301;63;86
30;Thu Mar 14 21:35:46 2019;-23.6294293937468,-46.6047248879112;-23.6272805616842,-46.6063075256665;-23.6294585 -46.6047459;-23.6272832 -46.6063177;301;63;86
31;Thu Mar 14 21:36:46 2019;-23.6294293937468,-46.6047248879112;-23.6272805616842,-46.6063075256665;-23.6294585 -46.6047459;-23.6272832 -46.6063177;301;63;80
32;Thu Mar 14 21:37:46 2019;-23.6294293937468,-46.6047248879112;-23.6272805616842,-46.6063075256665;-23.6294585 -46.6047459;-23.6272832 -46.6063177;301;63;76
33;Thu Mar 14 21:38:46 2019;-23.6294293937468,-46.6047248879112;-23.6272805616842,-46.6063075256665;-23.6294585 -46.6047459;-23.6272832 -46.6063177;301;63;76
34;Thu Mar 14 21:39:46 2019;-23.6294293937468,-46.6047248879112;-23.6272805616842,-46.6063075256665;-23.6294585 -46.6047459;-23.6272832 -46.6063177;301;63;76
35;Thu Mar 14 21:40:46 2019;-23.6294293937468,-46.6047248879112;-23.6272805616842,-46.6063075256665;-23.6294585 -46.6047459;-23.6272832 -46.6063177;301;63;76
36;Thu Mar 14 21:41:46 2019;-23.6294293937468,-46.6047248879112;-23.6272805616842,-46.6063075256665;-23.6294585 -46.6047459;-23.6272832 -46.6063177;301;63;76
37;Thu Mar 14 21:42:46 2019;-23.6294293937468,-46.6047248879112;-23.6272805616842,-46.6063075256665;-23.6294585 -46.6047459;-23.6272832 -46.6063177;301;63;76
38;Thu Mar 14 21:43:46 2019;-23.6294293937468,-46.6047248879112;-23.6272805616842,-46.6063075256665;-23.6294585 -46.6047459;-23.6272832 -46.6063177;301;63;76
39;Thu Mar 14 21:44:46 2019;-23.6294293937468,-46.6047248879112;-23.6272805616842,-46.6063075256665;-23.6294585 -46.6047459;-23.6272832 -46.6063177;301;63;76
40;Thu Mar 14 21:45:46 2019;-23.6294293937468,-46.6047248879112;-23.6272805616842,-46.6063075256665;-23.6294585 -46.6047459;-23.6272832 -46.6063177;301;63;76
41;Thu Mar 14 21:46:46 2019;-23.6294293937468,-46.6047248879112;-23.6272805616842,-46.6063075256665;-23.6294585 -46.6047459;-23.6272832 -46.6063177;301;63;76
42;Thu Mar 14 21:47:46 2019;-23.6294293937468,-46.6047248879112;-23.6272805616842,-46.6063075256665;-23.6294585 -46.6047459;-23.6272832 -46.6063177;301;63;76
43;Thu Mar 14 21:48:46 2019;-23.6294293937468,-46.6047248879112;-23.6272805616842,-46.6063075256665;-23.6294585 -46.6047459;-23.6272832 -46.6063177;301;63;76
44;Thu Mar 14 21:49:46 2019;-23.6294293937468,-46.6047248879112;-23.6272805616842,-46.6063075256665;-23.6294585 -46.6047459;-23.6272832 -46.6063177;301;63;76
45;Thu Mar 14 21:50:46 2019;-23.6294293937468,-46.6047248879112;-23.6272805616842,-46.6063075256665;-23.6294585 -46.6047459;-23.6272832 -46.6063177;301;63;76
46;Thu Mar 14 21:51:46 2019;-23.6294293937468,-46.6047248879112;-23.6272805616842,-46.6063075256665;-23.6294585 -46.6047459;-23.6272832 -46.6063177;301;63;71
47;Thu Mar 14 21:52:46 2019;-23.6294293937468,-46.6047248879112;-23.6272805616842,-46.6063075256665;-23.6294585 -46.6047459;-23.6272832 -46.6063177;301;63;64
48;Thu Mar 14 21:53:46 2019;-23.6294293937468,-46.6047248879112;-23.6272805616842,-46.6063075256665;-23.6294585 -46.6047459;-23.6272832 -46.6063177;301;63;64
49;Thu Mar 14 21:54:46 2019;-23.6294293937468,-46.6047248879112;-23.6272805616842,-46.6063075256665;-23.6294585 -46.6047459;-23.6272832 -46.6063177;301;63;64
50;Thu Mar 14 21:55:46 2019;-23.6294293937468,-46.6047248879112;-23.6272805616842,-46.6063075256665;-23.6294585 -46.6047459;-23.6272832 -46.6063177;301;63;64
51;Thu Mar 14 21:56:47 2019;-23.6294293937468,-46.6047248879112;-23.6272805616842,-46.6063075256665;-23.6294585 -46.6047459;-23.6272832 -46.6063177;301;63;64
52;Thu Mar 14 21:57:46 2019;-23.6294293937468,-46.6047248879112;-23.6272805616842,-46.6063075256665;-23.6294585 -46.6047459;-23.6272832 -46.6063177;301;63;64
53;Thu Mar 14 21:58:46 2019;-23.6294293937468,-46.6047248879112;-23.6272805616842,-46.6063075256665;-23.6294585 -46.6047459;-23.6272832 -46.6063177;301;63;64
54;Thu Mar 14 21:59:46 2019;-23.6294293937468,-46.6047248879112;-23.6272805616842,-46.6063075256665;-23.6294585 -46.6047459;-23.6272832 -46.6063177;301;63;64
55;Thu Mar 14 22:00:46 2019;-23.6294293937468,-46.6047248879112;-23.6272805616842,-46.6063075256665;-23.6294585 -46.6047459;-23.6272832 -46.6063177;301;63;64
56;Thu Mar 14 22:01:46 2019;-23.6294293937468,-46.6047248879112;-23.6272805616842,-46.6063075256665;-23.6294585 -46.6047459;-23.6272832 -46.6063177;301;63;64
57;Thu Mar 14 22:02:46 2019;-23.6294293937468,-46.6047248879112;-23.6272805616842,-46.6063075256665;-23.6294585 -46.6047459;-23.6272832 -46.6063177;301;63;64
58;Thu Mar 14 22:03:46 2019;-23.6294293937468,-46.6047248879112;-23.6272805616842,-46.6063075256665;-23.6294585 -46.6047459;-23.6272832 -46.6063177;301;63;64
59;Thu Mar 14 22:04:46 2019;-23.6294293937468,-46.6047248879112;-23.6272805616842,-46.6063075256665;-23.6294585 -46.6047459;-23.6272832 -46.6063177;301;63;64
60;Thu Mar 14 22:05:46 2019;-23.6294293937468,-46.6047248879112;-23.6272805616842,-46.6063075256665;-23.6294585 -46.6047459;-23.6272832 -46.6063177;301;63;64
61;Thu Mar 14 22:06:47 2019;-23.6294293937468,-46.6047248879112;-23.6272805616842,-46.6063075256665;-23.6294585 -46.6047459;-23.6272832 -46.6063177;301;63;66
62;Thu Mar 14 22:07:46 2019;-23.6294293937468,-46.6047248879112;-23.6272805616842,-46.6063075256665;-23.6294585 -46.6047459;-23.6272832 -46.6063177;301;63;71
63;Thu Mar 14 22:08:46 2019;-23.6294293937468,-46.6047248879112;-23.6272805616842,-46.6063075256665;-23.6294585 -46.6047459;-23.6272832 -46.6063177;301;63;71
64;Thu Mar 14 22:09:46 2019;-23.6294293937468,-46.6047248879112;-23.6272805616842,-46.6063075256665;-23.6294585 -46.6047459;-23.6272832 -46.6063177;301;63;71
65;Thu Mar 14 22:10:46 2019;-23.6294293937468,-46.6047248879112;-23.6272805616842,-46.6063075256665;-23.6294585 -46.6047459;-23.6272832 -46.6063177;301;63;71
66;Thu Mar 14 22:11:46 2019;-23.6294293937468,-46.6047248879112;-23.6272805616842,-46.6063075256665;-23.6294585 -46.6047459;-23.6272832 -46.6063177;301;63;71
67;Thu Mar 14 22:12:46 2019;-23.6294293937468,-46.6047248879112;-23.6272805616842,-46.6063075256665;-23.6294585 -46.6047459;-23.6272832 -46.6063177;301;63;71
68;Thu Mar 14 22:13:46 2019;-23.6294293937468,-46.6047248879112;-23.6272805616842,-46.6063075256665;-23.6294585 -46.6047459;-23.6272832 -46.6063177;301;63;71
69;Thu Mar 14 22:14:46 2019;-23.6294293937468,-46.6047248879112;-23.6272805616842,-46.6063075256665;-23.6294585 -46.6047459;-23.6272832 -46.6063177;301;63;71
70;Thu Mar 14 22:15:46 2019;-23.6294293937468,-46.6047248879112;-23.6272805616842,-46.6063075256665;-23.6294585 -46.6047459;-23.6272832 -46.6063177;301;63;71
71;Thu Mar 14 22:16:46 2019;-23.6294293937468,-46.6047248879112;-23.6272805616842,-46.6063075256665;-23.6294585 -46.6047459;-23.6272832 -46.6063177;301;63;71
72;Thu Mar 14 22:17:46 2019;-23.6294293937468,-46.6047248879112;-23.6272805616842,-46.6063075256665;-23.6294585 -46.6047459;-23.6272832 -46.6063177;301;63;71
73;Thu Mar 14 22:18:46 2019;-23.6294293937468,-46.6047248879112;-23.6272805616842,-46.6063075256665;-23.6294585 -46.6047459;-23.6272832 -46.6063177;301;63;71
74;Thu Mar 14 22:19:46 2019;-23.6294293937468,-46.6047248879112;-23.6272805616842,-46.6063075256665;-23.6294585 -46.6047459;-23.6272832 -46.6063177;301;63;71
75;Thu Mar 14 22:20:46 2019;-23.6294293937468,-46.6047248879112;-23.6272805616842,-46.6063075256665;-23.6294585 -46.6047459;-23.6272832 -46.6063177;301;63;71
76;Thu Mar 14 22:21:46 2019;-23.6294293937468,-46.6047248879112;-23.6272805616842,-46.6063075256665;-23.6294585 -46.6047459;-23.6272832 -46.6063177;301;63;71
77;Thu Mar 14 22:22:46 2019;-23.6294293937468,-46.6047248879112;-23.6272805616842,-46.6063075256665;-23.6294585 -46.6047459;-23.6272832 -46.6063177;301;63;68
78;Thu Mar 14 22:23:46 2019;-23.6294293937468,-46.6047248879112;-23.6272805616842,-46.6063075256665;-23.6294585 -46.6047459;-23.6272832 -46.6063177;301;63;68
79;Thu Mar 14 22:24:46 2019;-23.6294293937468,-46.6047248879112;-23.6272805616842,-46.6063075256665;-23.6294585 -46.6047459;-23.6272832 -46.6063177;301;63;68
80;Thu Mar 14 22:25:46 2019;-23.6294293937468,-46.6047248879112;-23.6272805616842,-46.6063075256665;-23.6294585 -46.6047459;-23.6272832 -46.6063177;301;63;68
81;Thu Mar 14 22:26:46 2019;-23.6294293937468,-46.6047248879112;-23.6272805616842,-46.6063075256665;-23.6294585 -46.6047459;-23.6272832 -46.6063177;301;63;68
82;Thu Mar 14 22:27:46 2019;-23.6294293937468,-46.6047248879112;-23.6272805616842,-46.6063075256665;-23.6294585 -46.6047459;-23.6272832 -46.6063177;301;63;68
83;Thu Mar 14 22:28:46 2019;-23.6294293937468,-46.6047248879112;-23.6272805616842,-46.6063075256665;-23.6294585 -46.6047459;-23.6272832 -46.6063177;301;63;68
84;Thu Mar 14 22:29:46 2019;-23.6294293937468,-46.6047248879112;-23.6272805616842,-46.6063075256665;-23.6294585 -46.6047459;-23.6272832 -46.6063177;301;63;68
85;Thu Mar 14 22:30:46 2019;-23.6294293937468,-46.6047248879112;-23.6272805616842,-46.6063075256665;-23.6294585 -46.6047459;-23.6272832 -46.6063177;301;63;68
86;Thu Mar 14 22:31:46 2019;-23.6294293937468,-46.6047248879112;-23.6272805616842,-46.6063075256665;-23.6294585 -46.6047459;-23.6272832 -46.6063177;301;63;68
87;Thu Mar 14 22:32:46 2019;-23.6294293937468,-46.6047248879112;-23.6272805616842,-46.6063075256665;-23.6294585 -46.6047459;-23.6272832 -46.6063177;301;63;68
88;Thu Mar 14 22:33:46 2019;-23.6294293937468,-46.6047248879112;-23.6272805616842,-46.6063075256665;-23.6294585 -46.6047459;-23.6272832 -46.6063177;301;63;68
89;Thu Mar 14 22:34:46 2019;-23.6294293937468,-46.6047248879112;-23.6272805616842,-46.6063075256665;-23.6294585 -46.6047459;-23.6272832 -46.6063177;301;63;68
90;Thu Mar 14 22:35:46 2019;-23.6294293937468,-46.6047248879112;-23.6272805616842,-46.6063075256665;-23.6294585 -46.6047459;-23.6272832 -46.6063177;301;63;68
91;Thu Mar 14 22:36:46 2019;-23.6294293937468,-46.6047248879112;-23.6272805616842,-46.6063075256665;-23.6294585 -46.6047459;-23.6272832 -46.6063177;301;63;68
92;Thu Mar 14 22:37:46 2019;-23.6294293937468,-46.6047248879112;-23.6272805616842,-46.6063075256665;-23.6294585 -46.6047459;-23.6272832 -46.6063177;301;63;66
93;Thu Mar 14 22:38:47 2019;-23.6294293937468,-46.6047248879112;-23.6272805616842,-46.6063075256665;-23.6294585 -46.6047459;-23.6272832 -46.6063177;301;63;66
94;Thu Mar 14 22:39:46 2019;-23.6294293937468,-46.6047248879112;-23.6272805616842,-46.6063075256665;-23.6294585 -46.6047459;-23.6272832 -46.6063177;301;63;66
95;Thu Mar 14 22:40:46 2019;-23.6294293937468,-46.6047248879112;-23.6272805616842,-46.6063075256665;-23.6294585 -46.6047459;-23.6272832 -46.6063177;301;63;66
96;Thu Mar 14 22:41:46 2019;-23.6294293937468,-46.6047248879112;-23.6272805616842,-46.6063075256665;-23.6294585 -46.6047459;-23.6272832 -46.6063177;301;63;66
97;Thu Mar 14 22:42:46 2019;-23.6294293937468,-46.6047248879112;-23.6272805616842,-46.6063075256665;-23.6294585 -46.6047459;-23.6272832 -46.6063177;301;63;66
98;Thu Mar 14 22:43:46 2019;-23.6294293937468,-46.6047248879112;-23.6272805616842,-46.6063075256665;-23.6294585 -46.6047459;-23.6272832 -46.6063177;301;63;66
99;Thu Mar 14 22:44:46 2019;-23.6294293937468,-46.6047248879112;-23.6272805616842,-46.6063075256665;-23.6294585 -46.6047459;-23.6272832 -46.6063177;301;63;66
100;Thu Mar 14 22:45:46 2019;-23.6294293937468,-46.6047248879112;-23.6272805616842,-46.6063075256665;-23.6294585 -46.6047459;-23.6272832 -46.6063177;301;63;66
101;Thu Mar 14 22:46:46 2019;-23.6294293937468,-46.6047248879112;-23.6272805616842,-46.6063075256665;-23.6294585 -46.6047459;-23.6272832 -46.6063177;301;63;66
102;Thu Mar 14 22:47:46 2019;-23.6294293937468,-46.6047248879112;-23.6272805616842,-46.6063075256665;-23.6294585 -46.6047459;-23.6272832 -46.6063177;301;63;66
103;Thu Mar 14 22:48:46 2019;-23.6294293937468,-46.6047248879112;-23.6272805616842,-46.6063075256665;-23.6294585 -46.6047459;-23.6272832 -46.6063177;301;63;66
104;Thu Mar 14 22:49:46 2019;-23.6294293937468,-46.6047248879112;-23.6272805616842,-46.6063075256665;-23.6294585 -46.6047459;-23.6272832 -46.6063177;301;63;66
105;Thu Mar 14 22:50:46 2019;-23.6294293937468,-46.6047248879112;-23.6272805616842,-46.6063075256665;-23.6294585 -46.6047459;-23.6272832 -46.6063177;301;63;66
106;Thu Mar 14 22:51:46 2019;-23.6294293937468,-46.6047248879112;-23.6272805616842,-46.6063075256665;-23.6294585 -46.6047459;-23.6272832 -46.6063177;301;63;65
107;Thu Mar 14 22:52:46 2019;-23.6294293937468,-46.6047248879112;-23.6272805616842,-46.6063075256665;-23.6294585 -46.6047459;-23.6272832 -46.6063177;301;63;61
108;Thu Mar 14 22:53:46 2019;-23.6294293937468,-46.6047248879112;-23.6272805616842,-46.6063075256665;-23.6294585 -46.6047459;-23.6272832 -46.6063177;301;63;61
109;Thu Mar 14 22:54:46 2019;-23.6294293937468,-46.6047248879112;-23.6272805616842,-46.6063075256665;-23.6294585 -46.6047459;-23.6272832 -46.6063177;301;63;61
110;Thu Mar 14 22:55:46 2019;-23.6294293937468,-46.6047248879112;-23.6272805616842,-46.6063075256665;-23.6294585 -46.6047459;-23.6272832 -46.6063177;301;63;61
111;Thu Mar 14 22:56:47 2019;-23.6294293937468,-46.6047248879112;-23.6272805616842,-46.6063075256665;-23.6294585 -46.6047459;-23.6272832 -46.6063177;301;63;61
112;Thu Mar 14 22:57:46 2019;-23.6294293937468,-46.6047248879112;-23.6272805616842,-46.6063075256665;-23.6294585 -46.6047459;-23.6272832 -46.6063177;301;63;61
113;Thu Mar 14 22:58:46 2019;-23.6294293937468,-46.6047248879112;-23.6272805616842,-46.6063075256665;-23.6294585 -46.6047459;-23.6272832 -46.6063177;301;63;61
114;Thu Mar 14 22:59:46 2019;-23.6294293937468,-46.6047248879112;-23.6272805616842,-46.6063075256665;-23.6294585 -46.6047459;-23.6272832 -46.6063177;301;63;61
115;Thu Mar 14 23:00:46 2019;-23.6294293937468,-46.6047248879112;-23.6272805616842,-46.6063075256665;-23.6294585 -46.6047459;-23.6272832 -46.6063177;301;63;61
116;Thu Mar 14 23:01:46 2019;-23.6294293937468,-46.6047248879112;-23.6272805616842,-46.6063075256665;-23.6294585 -46.6047459;-23.6272832 -46.6063177;301;63;61
117;Thu Mar 14 23:02:46 2019;-23.6294293937468,-46.6047248879112;-23.6272805616842,-46.6063075256665;-23.6294585 -46.6047459;-23.6272832 -46.6063177;301;63;61
118;Thu Mar 14 23:03:46 2019;-23.6294293937468,-46.6047248879112;-23.6272805616842,-46.6063075256665;-23.6294585 -46.6047459;-23.6272832 -46.6063177;301;63;61
119;Thu Mar 14 23:04:46 2019;-23.6294293937468,-46.6047248879112;-23.6272805616842,-46.6063075256665;-23.6294585 -46.6047459;-23.6272832 -46.6063177;301;63;61
120;Thu Mar 14 23:05:46 2019;-23.6294293937468,-46.6047248879112;-23.6272805616842,-46.6063075256665;-23.6294585 -46.6047459;-23.6272832 -46.6063177;301;63;61
121;Thu Mar 14 23:06:46 2019;-23.6294293937468,-46.6047248879112;-23.6272805616842,-46.6063075256665;-23.6294585 -46.6047459;-23.6272832 -46.6063177;301;63;61
122;Thu Mar 14 23:07:46 2019;-23.6294293937468,-46.6047248879112;-23.6272805616842,-46.6063075256665;-23.6294585 -46.6047459;-23.6272832 -46.6063177;301;63;56
123;Thu Mar 14 23:08:46 2019;-23.6294293937468,-46.6047248879112;-23.6272805616842,-46.6063075256665;-23.6294585 -46.6047459;-23.6272832 -46.6063177;301;63;56
124;Thu Mar 14 23:09:46 2019;-23.6294293937468,-46.6047248879112;-23.6272805616842,-46.6063075256665;-23.6294585 -46.6047459;-23.6272832 -46.6063177;301;63;56
125;Thu Mar 14 23:10:46 2019;-23.6294293937468,-46.6047248879112;-23.6272805616842,-46.6063075256665;-23.6294585 -46.6047459;-23.6272832 -46.6063177;301;63;56
126;Thu Mar 14 23:11:46 2019;-23.6294293937468,-46.6047248879112;-23.6272805616842,-46.6063075256665;-23.6294585 -46.6047459;-23.6272832 -46.6063177;301;63;56
127;Thu Mar 14 23:12:46 2019;-23.6294293937468,-46.6047248879112;-23.6272805616842,-46.6063075256665;-23.6294585 -46.6047459;-23.6272832 -46.6063177;301;63;56
128;Thu Mar 14 23:13:45 2019;-23.6294293937468,-46.6047248879112;-23.6272805616842,-46.6063075256665;-23.6294585 -46.6047459;-23.6272832 -46.6063177;301;63;56
129;Thu Mar 14 23:14:46 2019;-23.6294293937468,-46.6047248879112;-23.6272805616842,-46.6063075256665;-23.6294585 -46.6047459;-23.6272832 -46.6063177;301;63;56
130;Thu Mar 14 23:15:46 2019;-23.6294293937468,-46.6047248879112;-23.6272805616842,-46.6063075256665;-23.6294585 -46.6047459;-23.6272832 -46.6063177;301;63;56
131;Thu Mar 14 23:16:46 2019;-23.6294293937468,-46.6047248879112;-23.6272805616842,-46.6063075256665;-23.6294585 -46.6047459;-23.6272832 -46.6063177;301;63;56
132;Thu Mar 14 23:17:46 2019;-23.6294293937468,-46.6047248879112;-23.6272805616842,-46.6063075256665;-23.6294585 -46.6047459;-23.6272832 -46.6063177;301;63;56
133;Thu Mar 14 23:18:46 2019;-23.6294293937468,-46.6047248879112;-23.6272805616842,-46.6063075256665;-23.6294585 -46.6047459;-23.6272832 -46.6063177;301;63;56
134;Thu Mar 14 23:19:46 2019;-23.6294293937468,-46.6047248879112;-23.6272805616842,-46.6063075256665;-23.6294585 -46.6047459;-23.6272832 -46.6063177;301;63;56
135;Thu Mar 14 23:20:46 2019;-23.6294293937468,-46.6047248879112;-23.6272805616842,-46.6063075256665;-23.6294585 -46.6047459;-23.6272832 -46.6063177;301;63;56
136;Thu Mar 14 23:21:46 2019;-23.6294293937468,-46.6047248879112;-23.6272805616842,-46.6063075256665;-23.6294585 -46.6047459;-23.6272832 -46.6063177;301;63;54
137;Thu Mar 14 23:22:46 2019;-23.6294293937468,-46.6047248879112;-23.6272805616842,-46.6063075256665;-23.6294585 -46.6047459;-23.6272832 -46.6063177;301;63;58
138;Thu Mar 14 23:23:46 2019;-23.6294293937468,-46.6047248879112;-23.6272805616842,-46.6063075256665;-23.6294585 -46.6047459;-23.6272832 -46.6063177;301;63;58
139;Thu Mar 14 23:24:46 2019;-23.6294293937468,-46.6047248879112;-23.6272805616842,-46.6063075256665;-23.6294585 -46.6047459;-23.6272832 -46.6063177;301;63;58
140;Thu Mar 14 23:25:46 2019;-23.6294293937468,-46.6047248879112;-23.6272805616842,-46.6063075256665;-23.6294585 -46.6047459;-23.6272832 -46.6063177;301;63;58
141;Thu Mar 14 23:26:47 2019;-23.6294293937468,-46.6047248879112;-23.6272805616842,-46.6063075256665;-23.6294585 -46.6047459;-23.6272832 -46.6063177;301;63;58
142;Thu Mar 14 23:27:46 2019;-23.6294293937468,-46.6047248879112;-23.6272805616842,-46.6063075256665;-23.6294585 -46.6047459;-23.6272832 -46.6063177;301;63;58
143;Thu Mar 14 23:28:46 2019;-23.6294293937468,-46.6047248879112;-23.6272805616842,-46.6063075256665;-23.6294585 -46.6047459;-23.6272832 -46.6063177;301;63;58
144;Thu Mar 14 23:29:46 2019;-23.6294293937468,-46.6047248879112;-23.6272805616842,-46.6063075256665;-23.6294585 -46.6047459;-23.6272832 -46.6063177;301;63;58
145;Thu Mar 14 23:30:46 2019;-23.6294293937468,-46.6047248879112;-23.6272805616842,-46.6063075256665;-23.6294585 -46.6047459;-23.6272832 -46.6063177;301;63;58
146;Thu Mar 14 23:31:46 2019;-23.6294293937468,-46.6047248879112;-23.6272805616842,-46.6063075256665;-23.6294585 -46.6047459;-23.6272832 -46.6063177;301;63;58
147;Thu Mar 14 23:32:46 2019;-23.6294293937468,-46.6047248879112;-23.6272805616842,-46.6063075256665;-23.6294585 -46.6047459;-23.6272832 -46.6063177;301;63;58
148;Thu Mar 14 23:33:46 2019;-23.6294293937468,-46.6047248879112;-23.6272805616842,-46.6063075256665;-23.6294585 -46.6047459;-23.6272832 -46.6063177;301;63;58
149;Thu Mar 14 23:34:46 2019;-23.6294293937468,-46.6047248879112;-23.6272805616842,-46.6063075256665;-23.6294585 -46.6047459;-23.6272832 -46.6063177;301;63;58
150;Thu Mar 14 23:35:46 2019;-23.6294293937468,-46.6047248879112;-23.6272805616842,-46.6063075256665;-23.6294585 -46.6047459;-23.6272832 -46.6063177;301;63;58
151;Thu Mar 14 23:36:46 2019;-23.6294293937468,-46.6047248879112;-23.6272805616842,-46.6063075256665;-23.6294585 -46.6047459;-23.6272832 -46.6063177;301;63;58
152;Thu Mar 14 23:37:46 2019;-23.6294293937468,-46.6047248879112;-23.6272805616842,-46.6063075256665;-23.6294585 -46.6047459;-23.6272832 -46.6063177;301;63;52
153;Thu Mar 14 23:38:46 2019;-23.6294293937468,-46.6047248879112;-23.6272805616842,-46.6063075256665;-23.6294585 -46.6047459;-23.6272832 -46.6063177;301;63;52
154;Thu Mar 14 23:39:46 2019;-23.6294293937468,-46.6047248879112;-23.6272805616842,-46.6063075256665;-23.6294585 -46.6047459;-23.6272832 -46.6063177;301;63;52
155;Thu Mar 14 23:40:46 2019;-23.6294293937468,-46.6047248879112;-23.6272805616842,-46.6063075256665;-23.6294585 -46.6047459;-23.6272832 -46.6063177;301;63;52
156;Thu Mar 14 23:41:46 2019;-23.6294293937468,-46.6047248879112;-23.6272805616842,-46.6063075256665;-23.6294585 -46.6047459;-23.6272832 -46.6063177;301;63;52
157;Thu Mar 14 23:42:46 2019;-23.6294293937468,-46.6047248879112;-23.6272805616842,-46.6063075256665;-23.6294585 -46.6047459;-23.6272832 -46.6063177;301;63;52
158;Thu Mar 14 23:43:46 2019;-23.6294293937468,-46.6047248879112;-23.6272805616842,-46.6063075256665;-23.6294585 -46.6047459;-23.6272832 -46.6063177;301;63;52
159;Thu Mar 14 23:44:46 2019;-23.6294293937468,-46.6047248879112;-23.6272805616842,-46.6063075256665;-23.6294585 -46.6047459;-23.6272832 -46.6063177;301;63;52
160;Thu Mar 14 23:45:46 2019;-23.6294293937468,-46.6047248879112;-23.6272805616842,-46.6063075256665;-23.6294585 -46.6047459;-23.6272832 -46.6063177;301;63;52
161;Thu Mar 14 23:46:46 2019;-23.6294293937468,-46.6047248879112;-23.6272805616842,-46.6063075256665;-23.6294585 -46.6047459;-23.6272832 -46.6063177;301;63;52
162;Thu Mar 14 23:47:46 2019;-23.6294293937468,-46.6047248879112;-23.6272805616842,-46.6063075256665;-23.6294585 -46.6047459;-23.6272832 -46.6063177;301;63;52
163;Thu Mar 14 23:48:46 2019;-23.6294293937468,-46.6047248879112;-23.6272805616842,-46.6063075256665;-23.6294585 -46.6047459;-23.6272832 -46.6063177;301;63;52
164;Thu Mar 14 23:49:46 2019;-23.6294293937468,-46.6047248879112;-23.6272805616842,-46.6063075256665;-23.6294585 -46.6047459;-23.6272832 -46.6063177;301;63;52
165;Thu Mar 14 23:50:46 2019;-23.6294293937468,-46.6047248879112;-23.6272805616842,-46.6063075256665;-23.6294585 -46.6047459;-23.6272832 -46.6063177;301;63;52
166;Thu Mar 14 23:51:46 2019;-23.6294293937468,-46.6047248879112;-23.6272805616842,-46.6063075256665;-23.6294585 -46.6047459;-23.6272832 -46.6063177;301;63;52
167;Thu Mar 14 23:52:46 2019;-23.6294293937468,-46.6047248879112;-23.6272805616842,-46.6063075256665;-23.6294585 -46.6047459;-23.6272832 -46.6063177;301;63;54
168;Thu Mar 14 23:53:46 2019;-23.6294293937468,-46.6047248879112;-23.6272805616842,-46.6063075256665;-23.6294585 -46.6047459;-23.6272832 -46.6063177;301;63;54
169;Thu Mar 14 23:54:46 2019;-23.6294293937468,-46.6047248879112;-23.6272805616842,-46.6063075256665;-23.6294585 -46.6047459;-23.6272832 -46.6063177;301;63;54
170;Thu Mar 14 23:55:46 2019;-23.6294293937468,-46.6047248879112;-23.6272805616842,-46.6063075256665;-23.6294585 -46.6047459;-23.6272832 -46.6063177;301;63;54
171;Thu Mar 14 23:56:46 2019;-23.6294293937468,-46.6047248879112;-23.6272805616842,-46.6063075256665;-23.6294585 -46.6047459;-23.6272832 -46.6063177;301;63;54
172;Thu Mar 14 23:57:46 2019;-23.6294293937468,-46.6047248879112;-23.6272805616842,-46.6063075256665;-23.6294585 -46.6047459;-23.6272832 -46.6063177;301;63;54
173;Thu Mar 14 23:58:46 2019;-23.6294293937468,-46.6047248879112;-23.6272805616842,-46.6063075256665;-23.6294585 -46.6047459;-23.6272832 -46.6063177;301;63;54
174;Thu Mar 14 23:59:46 2019;-23.6294293937468,-46.6047248879112;-23.6272805616842,-46.6063075256665;-23.6294585 -46.6047459;-23.6272832 -46.6063177;301;63;54
