38972;Thu Mar 14 00:00:33 2019;-23.6230255317148,-46.6076101830839;-23.6209552785041,-46.6082185361581;-23.6230217 -46.6075951;-23.6209574 -46.608227;238;59;57
39213;Thu Mar 14 04:01:33 2019;-23.6230255317148,-46.6076101830839;-23.6209552785041,-46.6082185361581;-23.6230217 -46.6075951;-23.6209574 -46.608227;238;59;38
39214;Thu Mar 14 04:02:33 2019;-23.6230255317148,-46.6076101830839;-23.6209552785041,-46.6082185361581;-23.6230217 -46.6075951;-23.6209574 -46.608227;238;59;38
39215;Thu Mar 14 04:03:33 2019;-23.6230255317148,-46.6076101830839;-23.6209552785041,-46.6082185361581;-23.6230217 -46.6075951;-23.6209574 -46.608227;238;59;38
39216;Thu Mar 14 04:04:33 2019;-23.6230255317148,-46.6076101830839;-23.6209552785041,-46.6082185361581;-23.6230217 -46.6075951;-23.6209574 -46.608227;238;59;38
39217;Thu Mar 14 04:05:33 2019;-23.6230255317148,-46.6076101830839;-23.6209552785041,-46.6082185361581;-23.6230217 -46.6075951;-23.6209574 -46.608227;238;59;38
39218;Thu Mar 14 04:06:33 2019;-23.6230255317148,-46.6076101830839;-23.6209552785041,-46.6082185361581;-23.6230217 -46.6075951;-23.6209574 -46.608227;238;59;38
39219;Thu Mar 14 04:07:33 2019;-23.6230255317148,-46.6076101830839;-23.6209552785041,-46.6082185361581;-23.6230217 -46.6075951;-23.6209574 -46.608227;238;59;35
39220;Thu Mar 14 04:08:33 2019;-23.6230255317148,-46.6076101830839;-23.6209552785041,-46.6082185361581;-23.6230217 -46.6075951;-23.6209574 -46.608227;238;59;35
39221;Thu Mar 14 04:09:33 2019;-23.6230255317148,-46.6076101830839;-23.6209552785041,-46.6082185361581;-23.6230217 -46.6075951;-23.6209574 -46.608227;238;59;35
1;Thu Mar 14 21:06:51 2019;-23.6230255317148,-46.6076101830839;-23.6209552785041,-46.6082185361581;-23.6230217 -46.6075951;-23.6209574 -46.608227;238;59;76
2;Thu Mar 14 21:07:47 2019;-23.6230255317148,-46.6076101830839;-23.6209552785041,-46.6082185361581;-23.6230217 -46.6075951;-23.6209574 -46.608227;238;59;84
3;Thu Mar 14 21:08:50 2019;-23.6230255317148,-46.6076101830839;-23.6209552785041,-46.6082185361581;-23.6230217 -46.6075951;-23.6209574 -46.608227;238;59;84
4;Thu Mar 14 21:09:47 2019;-23.6230255317148,-46.6076101830839;-23.6209552785041,-46.6082185361581;-23.6230217 -46.6075951;-23.6209574 -46.608227;238;59;84
5;Thu Mar 14 21:10:46 2019;-23.6230255317148,-46.6076101830839;-23.6209552785041,-46.6082185361581;-23.6230217 -46.6075951;-23.6209574 -46.608227;238;59;84
6;Thu Mar 14 21:11:46 2019;-23.6230255317148,-46.6076101830839;-23.6209552785041,-46.6082185361581;-23.6230217 -46.6075951;-23.6209574 -46.608227;238;59;84
7;Thu Mar 14 21:12:46 2019;-23.6230255317148,-46.6076101830839;-23.6209552785041,-46.6082185361581;-23.6230217 -46.6075951;-23.6209574 -46.608227;238;59;84
8;Thu Mar 14 21:13:46 2019;-23.6230255317148,-46.6076101830839;-23.6209552785041,-46.6082185361581;-23.6230217 -46.6075951;-23.6209574 -46.608227;238;59;84
9;Thu Mar 14 21:14:47 2019;-23.6230255317148,-46.6076101830839;-23.6209552785041,-46.6082185361581;-23.6230217 -46.6075951;-23.6209574 -46.608227;238;59;84
10;Thu Mar 14 21:15:47 2019;-23.6230255317148,-46.6076101830839;-23.6209552785041,-46.6082185361581;-23.6230217 -46.6075951;-23.6209574 -46.608227;238;59;84
11;Thu Mar 14 21:16:46 2019;-23.6230255317148,-46.6076101830839;-23.6209552785041,-46.6082185361581;-23.6230217 -46.6075951;-23.6209574 -46.608227;238;59;84
12;Thu Mar 14 21:17:47 2019;-23.6230255317148,-46.6076101830839;-23.6209552785041,-46.6082185361581;-23.6230217 -46.6075951;-23.6209574 -46.608227;238;59;84
13;Thu Mar 14 21:18:47 2019;-23.6230255317148,-46.6076101830839;-23.6209552785041,-46.6082185361581;-23.6230217 -46.6075951;-23.6209574 -46.608227;238;59;84
14;Thu Mar 14 21:19:47 2019;-23.6230255317148,-46.6076101830839;-23.6209552785041,-46.6082185361581;-23.6230217 -46.6075951;-23.6209574 -46.608227;238;59;84
15;Thu Mar 14 21:20:47 2019;-23.6230255317148,-46.6076101830839;-23.6209552785041,-46.6082185361581;-23.6230217 -46.6075951;-23.6209574 -46.608227;238;59;84
16;Thu Mar 14 21:21:48 2019;-23.6230255317148,-46.6076101830839;-23.6209552785041,-46.6082185361581;-23.6230217 -46.6075951;-23.6209574 -46.608227;238;59;84
17;Thu Mar 14 21:22:46 2019;-23.6230255317148,-46.6076101830839;-23.6209552785041,-46.6082185361581;-23.6230217 -46.6075951;-23.6209574 -46.608227;238;59;81
18;Thu Mar 14 21:23:46 2019;-23.6230255317148,-46.6076101830839;-23.6209552785041,-46.6082185361581;-23.6230217 -46.6075951;-23.6209574 -46.608227;238;59;81
19;Thu Mar 14 21:24:46 2019;-23.6230255317148,-46.6076101830839;-23.6209552785041,-46.6082185361581;-23.6230217 -46.6075951;-23.6209574 -46.608227;238;59;81
20;Thu Mar 14 21:25:46 2019;-23.6230255317148,-46.6076101830839;-23.6209552785041,-46.6082185361581;-23.6230217 -46.6075951;-23.6209574 -46.608227;238;59;81
21;Thu Mar 14 21:26:47 2019;-23.6230255317148,-46.6076101830839;-23.6209552785041,-46.6082185361581;-23.6230217 -46.6075951;-23.6209574 -46.608227;238;59;81
22;Thu Mar 14 21:27:46 2019;-23.6230255317148,-46.6076101830839;-23.6209552785041,-46.6082185361581;-23.6230217 -46.6075951;-23.6209574 -46.608227;238;59;81
23;Thu Mar 14 21:28:46 2019;-23.6230255317148,-46.6076101830839;-23.6209552785041,-46.6082185361581;-23.6230217 -46.6075951;-23.6209574 -46.608227;238;59;81
24;Thu Mar 14 21:29:46 2019;-23.6230255317148,-46.6076101830839;-23.6209552785041,-46.6082185361581;-23.6230217 -46.6075951;-23.6209574 -46.608227;238;59;81
25;Thu Mar 14 21:30:46 2019;-23.6230255317148,-46.6076101830839;-23.6209552785041,-46.6082185361581;-23.6230217 -46.6075951;-23.6209574 -46.608227;238;59;81
26;Thu Mar 14 21:31:46 2019;-23.6230255317148,-46.6076101830839;-23.6209552785041,-46.6082185361581;-23.6230217 -46.6075951;-23.6209574 -46.608227;238;59;81
27;Thu Mar 14 21:32:46 2019;-23.6230255317148,-46.6076101830839;-23.6209552785041,-46.6082185361581;-23.6230217 -46.6075951;-23.6209574 -46.608227;238;59;81
28;Thu Mar 14 21:33:46 2019;-23.6230255317148,-46.6076101830839;-23.6209552785041,-46.6082185361581;-23.6230217 -46.6075951;-23.6209574 -46.608227;238;59;81
29;Thu Mar 14 21:34:46 2019;-23.6230255317148,-46.6076101830839;-23.6209552785041,-46.6082185361581;-23.6230217 -46.6075951;-23.6209574 -46.608227;238;59;81
30;Thu Mar 14 21:35:46 2019;-23.6230255317148,-46.6076101830839;-23.6209552785041,-46.6082185361581;-23.6230217 -46.6075951;-23.6209574 -46.608227;238;59;81
31;Thu Mar 14 21:36:46 2019;-23.6230255317148,-46.6076101830839;-23.6209552785041,-46.6082185361581;-23.6230217 -46.6075951;-23.6209574 -46.608227;238;59;79
32;Thu Mar 14 21:37:46 2019;-23.6230255317148,-46.6076101830839;-23.6209552785041,-46.6082185361581;-23.6230217 -46.6075951;-23.6209574 -46.608227;238;59;68
33;Thu Mar 14 21:38:46 2019;-23.6230255317148,-46.6076101830839;-23.6209552785041,-46.6082185361581;-23.6230217 -46.6075951;-23.6209574 -46.608227;238;59;68
34;Thu Mar 14 21:39:46 2019;-23.6230255317148,-46.6076101830839;-23.6209552785041,-46.6082185361581;-23.6230217 -46.6075951;-23.6209574 -46.608227;238;59;68
35;Thu Mar 14 21:40:46 2019;-23.6230255317148,-46.6076101830839;-23.6209552785041,-46.6082185361581;-23.6230217 -46.6075951;-23.6209574 -46.608227;238;59;68
36;Thu Mar 14 21:41:46 2019;-23.6230255317148,-46.6076101830839;-23.6209552785041,-46.6082185361581;-23.6230217 -46.6075951;-23.6209574 -46.608227;238;59;68
37;Thu Mar 14 21:42:46 2019;-23.6230255317148,-46.6076101830839;-23.6209552785041,-46.6082185361581;-23.6230217 -46.6075951;-23.6209574 -46.608227;238;59;68
38;Thu Mar 14 21:43:46 2019;-23.6230255317148,-46.6076101830839;-23.6209552785041,-46.6082185361581;-23.6230217 -46.6075951;-23.6209574 -46.608227;238;59;68
39;Thu Mar 14 21:44:46 2019;-23.6230255317148,-46.6076101830839;-23.6209552785041,-46.6082185361581;-23.6230217 -46.6075951;-23.6209574 -46.608227;238;59;68
40;Thu Mar 14 21:45:46 2019;-23.6230255317148,-46.6076101830839;-23.6209552785041,-46.6082185361581;-23.6230217 -46.6075951;-23.6209574 -46.608227;238;59;68
41;Thu Mar 14 21:46:46 2019;-23.6230255317148,-46.6076101830839;-23.6209552785041,-46.6082185361581;-23.6230217 -46.6075951;-23.6209574 -46.608227;238;59;68
42;Thu Mar 14 21:47:46 2019;-23.6230255317148,-46.6076101830839;-23.6209552785041,-46.6082185361581;-23.6230217 -46.6075951;-23.6209574 -46.608227;238;59;68
43;Thu Mar 14 21:48:47 2019;-23.6230255317148,-46.6076101830839;-23.6209552785041,-46.6082185361581;-23.6230217 -46.6075951;-23.6209574 -46.608227;238;59;68
44;Thu Mar 14 21:49:46 2019;-23.6230255317148,-46.6076101830839;-23.6209552785041,-46.6082185361581;-23.6230217 -46.6075951;-23.6209574 -46.608227;238;59;68
45;Thu Mar 14 21:50:46 2019;-23.6230255317148,-46.6076101830839;-23.6209552785041,-46.6082185361581;-23.6230217 -46.6075951;-23.6209574 -46.608227;238;59;68
46;Thu Mar 14 21:51:46 2019;-23.6230255317148,-46.6076101830839;-23.6209552785041,-46.6082185361581;-23.6230217 -46.6075951;-23.6209574 -46.608227;238;59;68
47;Thu Mar 14 21:52:46 2019;-23.6230255317148,-46.6076101830839;-23.6209552785041,-46.6082185361581;-23.6230217 -46.6075951;-23.6209574 -46.608227;238;59;66
48;Thu Mar 14 21:53:46 2019;-23.6230255317148,-46.6076101830839;-23.6209552785041,-46.6082185361581;-23.6230217 -46.6075951;-23.6209574 -46.608227;238;59;66
49;Thu Mar 14 21:54:47 2019;-23.6230255317148,-46.6076101830839;-23.6209552785041,-46.6082185361581;-23.6230217 -46.6075951;-23.6209574 -46.608227;238;59;66
50;Thu Mar 14 21:55:46 2019;-23.6230255317148,-46.6076101830839;-23.6209552785041,-46.6082185361581;-23.6230217 -46.6075951;-23.6209574 -46.608227;238;59;66
51;Thu Mar 14 21:56:47 2019;-23.6230255317148,-46.6076101830839;-23.6209552785041,-46.6082185361581;-23.6230217 -46.6075951;-23.6209574 -46.608227;238;59;66
52;Thu Mar 14 21:57:46 2019;-23.6230255317148,-46.6076101830839;-23.6209552785041,-46.6082185361581;-23.6230217 -46.6075951;-23.6209574 -46.608227;238;59;66
53;Thu Mar 14 21:58:46 2019;-23.6230255317148,-46.6076101830839;-23.6209552785041,-46.6082185361581;-23.6230217 -46.6075951;-23.6209574 -46.608227;238;59;66
54;Thu Mar 14 21:59:46 2019;-23.6230255317148,-46.6076101830839;-23.6209552785041,-46.6082185361581;-23.6230217 -46.6075951;-23.6209574 -46.608227;238;59;66
55;Thu Mar 14 22:00:46 2019;-23.6230255317148,-46.6076101830839;-23.6209552785041,-46.6082185361581;-23.6230217 -46.6075951;-23.6209574 -46.608227;238;59;66
56;Thu Mar 14 22:01:46 2019;-23.6230255317148,-46.6076101830839;-23.6209552785041,-46.6082185361581;-23.6230217 -46.6075951;-23.6209574 -46.608227;238;59;66
57;Thu Mar 14 22:02:46 2019;-23.6230255317148,-46.6076101830839;-23.6209552785041,-46.6082185361581;-23.6230217 -46.6075951;-23.6209574 -46.608227;238;59;66
58;Thu Mar 14 22:03:46 2019;-23.6230255317148,-46.6076101830839;-23.6209552785041,-46.6082185361581;-23.6230217 -46.6075951;-23.6209574 -46.608227;238;59;66
59;Thu Mar 14 22:04:47 2019;-23.6230255317148,-46.6076101830839;-23.6209552785041,-46.6082185361581;-23.6230217 -46.6075951;-23.6209574 -46.608227;238;59;66
60;Thu Mar 14 22:05:46 2019;-23.6230255317148,-46.6076101830839;-23.6209552785041,-46.6082185361581;-23.6230217 -46.6075951;-23.6209574 -46.608227;238;59;66
61;Thu Mar 14 22:06:47 2019;-23.6230255317148,-46.6076101830839;-23.6209552785041,-46.6082185361581;-23.6230217 -46.6075951;-23.6209574 -46.608227;238;59;66
62;Thu Mar 14 22:07:46 2019;-23.6230255317148,-46.6076101830839;-23.6209552785041,-46.6082185361581;-23.6230217 -46.6075951;-23.6209574 -46.608227;238;59;70
63;Thu Mar 14 22:08:47 2019;-23.6230255317148,-46.6076101830839;-23.6209552785041,-46.6082185361581;-23.6230217 -46.6075951;-23.6209574 -46.608227;238;59;70
64;Thu Mar 14 22:09:46 2019;-23.6230255317148,-46.6076101830839;-23.6209552785041,-46.6082185361581;-23.6230217 -46.6075951;-23.6209574 -46.608227;238;59;70
65;Thu Mar 14 22:10:46 2019;-23.6230255317148,-46.6076101830839;-23.6209552785041,-46.6082185361581;-23.6230217 -46.6075951;-23.6209574 -46.608227;238;59;70
66;Thu Mar 14 22:11:46 2019;-23.6230255317148,-46.6076101830839;-23.6209552785041,-46.6082185361581;-23.6230217 -46.6075951;-23.6209574 -46.608227;238;59;70
67;Thu Mar 14 22:12:46 2019;-23.6230255317148,-46.6076101830839;-23.6209552785041,-46.6082185361581;-23.6230217 -46.6075951;-23.6209574 -46.608227;238;59;70
68;Thu Mar 14 22:13:46 2019;-23.6230255317148,-46.6076101830839;-23.6209552785041,-46.6082185361581;-23.6230217 -46.6075951;-23.6209574 -46.608227;238;59;70
69;Thu Mar 14 22:14:46 2019;-23.6230255317148,-46.6076101830839;-23.6209552785041,-46.6082185361581;-23.6230217 -46.6075951;-23.6209574 -46.608227;238;59;70
70;Thu Mar 14 22:15:46 2019;-23.6230255317148,-46.6076101830839;-23.6209552785041,-46.6082185361581;-23.6230217 -46.6075951;-23.6209574 -46.608227;238;59;70
71;Thu Mar 14 22:16:46 2019;-23.6230255317148,-46.6076101830839;-23.6209552785041,-46.6082185361581;-23.6230217 -46.6075951;-23.6209574 -46.608227;238;59;70
72;Thu Mar 14 22:17:46 2019;-23.6230255317148,-46.6076101830839;-23.6209552785041,-46.6082185361581;-23.6230217 -46.6075951;-23.6209574 -46.608227;238;59;70
73;Thu Mar 14 22:18:46 2019;-23.6230255317148,-46.6076101830839;-23.6209552785041,-46.6082185361581;-23.6230217 -46.6075951;-23.6209574 -46.608227;238;59;70
74;Thu Mar 14 22:19:47 2019;-23.6230255317148,-46.6076101830839;-23.6209552785041,-46.6082185361581;-23.6230217 -46.6075951;-23.6209574 -46.608227;238;59;70
75;Thu Mar 14 22:20:46 2019;-23.6230255317148,-46.6076101830839;-23.6209552785041,-46.6082185361581;-23.6230217 -46.6075951;-23.6209574 -46.608227;238;59;70
76;Thu Mar 14 22:21:46 2019;-23.6230255317148,-46.6076101830839;-23.6209552785041,-46.6082185361581;-23.6230217 -46.6075951;-23.6209574 -46.608227;238;59;71
77;Thu Mar 14 22:22:46 2019;-23.6230255317148,-46.6076101830839;-23.6209552785041,-46.6082185361581;-23.6230217 -46.6075951;-23.6209574 -46.608227;238;59;70
78;Thu Mar 14 22:23:46 2019;-23.6230255317148,-46.6076101830839;-23.6209552785041,-46.6082185361581;-23.6230217 -46.6075951;-23.6209574 -46.608227;238;59;70
79;Thu Mar 14 22:24:46 2019;-23.6230255317148,-46.6076101830839;-23.6209552785041,-46.6082185361581;-23.6230217 -46.6075951;-23.6209574 -46.608227;238;59;70
80;Thu Mar 14 22:25:46 2019;-23.6230255317148,-46.6076101830839;-23.6209552785041,-46.6082185361581;-23.6230217 -46.6075951;-23.6209574 -46.608227;238;59;70
81;Thu Mar 14 22:26:46 2019;-23.6230255317148,-46.6076101830839;-23.6209552785041,-46.6082185361581;-23.6230217 -46.6075951;-23.6209574 -46.608227;238;59;70
82;Thu Mar 14 22:27:46 2019;-23.6230255317148,-46.6076101830839;-23.6209552785041,-46.6082185361581;-23.6230217 -46.6075951;-23.6209574 -46.608227;238;59;70
83;Thu Mar 14 22:28:46 2019;-23.6230255317148,-46.6076101830839;-23.6209552785041,-46.6082185361581;-23.6230217 -46.6075951;-23.6209574 -46.608227;238;59;70
84;Thu Mar 14 22:29:46 2019;-23.6230255317148,-46.6076101830839;-23.6209552785041,-46.6082185361581;-23.6230217 -46.6075951;-23.6209574 -46.608227;238;59;70
85;Thu Mar 14 22:30:46 2019;-23.6230255317148,-46.6076101830839;-23.6209552785041,-46.6082185361581;-23.6230217 -46.6075951;-23.6209574 -46.608227;238;59;70
86;Thu Mar 14 22:31:46 2019;-23.6230255317148,-46.6076101830839;-23.6209552785041,-46.6082185361581;-23.6230217 -46.6075951;-23.6209574 -46.608227;238;59;70
87;Thu Mar 14 22:32:46 2019;-23.6230255317148,-46.6076101830839;-23.6209552785041,-46.6082185361581;-23.6230217 -46.6075951;-23.6209574 -46.608227;238;59;70
88;Thu Mar 14 22:33:46 2019;-23.6230255317148,-46.6076101830839;-23.6209552785041,-46.6082185361581;-23.6230217 -46.6075951;-23.6209574 -46.608227;238;59;70
89;Thu Mar 14 22:34:46 2019;-23.6230255317148,-46.6076101830839;-23.6209552785041,-46.6082185361581;-23.6230217 -46.6075951;-23.6209574 -46.608227;238;59;70
90;Thu Mar 14 22:35:46 2019;-23.6230255317148,-46.6076101830839;-23.6209552785041,-46.6082185361581;-23.6230217 -46.6075951;-23.6209574 -46.608227;238;59;70
91;Thu Mar 14 22:36:46 2019;-23.6230255317148,-46.6076101830839;-23.6209552785041,-46.6082185361581;-23.6230217 -46.6075951;-23.6209574 -46.608227;238;59;69
92;Thu Mar 14 22:37:46 2019;-23.6230255317148,-46.6076101830839;-23.6209552785041,-46.6082185361581;-23.6230217 -46.6075951;-23.6209574 -46.608227;238;59;67
93;Thu Mar 14 22:38:47 2019;-23.6230255317148,-46.6076101830839;-23.6209552785041,-46.6082185361581;-23.6230217 -46.6075951;-23.6209574 -46.608227;238;59;67
94;Thu Mar 14 22:39:46 2019;-23.6230255317148,-46.6076101830839;-23.6209552785041,-46.6082185361581;-23.6230217 -46.6075951;-23.6209574 -46.608227;238;59;67
95;Thu Mar 14 22:40:47 2019;-23.6230255317148,-46.6076101830839;-23.6209552785041,-46.6082185361581;-23.6230217 -46.6075951;-23.6209574 -46.608227;238;59;67
96;Thu Mar 14 22:41:46 2019;-23.6230255317148,-46.6076101830839;-23.6209552785041,-46.6082185361581;-23.6230217 -46.6075951;-23.6209574 -46.608227;238;59;67
97;Thu Mar 14 22:42:46 2019;-23.6230255317148,-46.6076101830839;-23.6209552785041,-46.6082185361581;-23.6230217 -46.6075951;-23.6209574 -46.608227;238;59;67
98;Thu Mar 14 22:43:46 2019;-23.6230255317148,-46.6076101830839;-23.6209552785041,-46.6082185361581;-23.6230217 -46.6075951;-23.6209574 -46.608227;238;59;67
99;Thu Mar 14 22:44:46 2019;-23.6230255317148,-46.6076101830839;-23.6209552785041,-46.6082185361581;-23.6230217 -46.6075951;-23.6209574 -46.608227;238;59;67
100;Thu Mar 14 22:45:46 2019;-23.6230255317148,-46.6076101830839;-23.6209552785041,-46.6082185361581;-23.6230217 -46.6075951;-23.6209574 -46.608227;238;59;67
101;Thu Mar 14 22:46:46 2019;-23.6230255317148,-46.6076101830839;-23.6209552785041,-46.6082185361581;-23.6230217 -46.6075951;-23.6209574 -46.608227;238;59;67
102;Thu Mar 14 22:47:46 2019;-23.6230255317148,-46.6076101830839;-23.6209552785041,-46.6082185361581;-23.6230217 -46.6075951;-23.6209574 -46.608227;238;59;67
103;Thu Mar 14 22:48:46 2019;-23.6230255317148,-46.6076101830839;-23.6209552785041,-46.6082185361581;-23.6230217 -46.6075951;-23.6209574 -46.608227;238;59;67
104;Thu Mar 14 22:49:46 2019;-23.6230255317148,-46.6076101830839;-23.6209552785041,-46.6082185361581;-23.6230217 -46.6075951;-23.6209574 -46.608227;238;59;67
105;Thu Mar 14 22:50:47 2019;-23.6230255317148,-46.6076101830839;-23.6209552785041,-46.6082185361581;-23.6230217 -46.6075951;-23.6209574 -46.608227;238;59;67
106;Thu Mar 14 22:51:46 2019;-23.6230255317148,-46.6076101830839;-23.6209552785041,-46.6082185361581;-23.6230217 -46.6075951;-23.6209574 -46.608227;238;59;65
107;Thu Mar 14 22:52:46 2019;-23.6230255317148,-46.6076101830839;-23.6209552785041,-46.6082185361581;-23.6230217 -46.6075951;-23.6209574 -46.608227;238;59;63
108;Thu Mar 14 22:53:47 2019;-23.6230255317148,-46.6076101830839;-23.6209552785041,-46.6082185361581;-23.6230217 -46.6075951;-23.6209574 -46.608227;238;59;63
109;Thu Mar 14 22:54:46 2019;-23.6230255317148,-46.6076101830839;-23.6209552785041,-46.6082185361581;-23.6230217 -46.6075951;-23.6209574 -46.608227;238;59;63
110;Thu Mar 14 22:55:46 2019;-23.6230255317148,-46.6076101830839;-23.6209552785041,-46.6082185361581;-23.6230217 -46.6075951;-23.6209574 -46.608227;238;59;63
111;Thu Mar 14 22:56:47 2019;-23.6230255317148,-46.6076101830839;-23.6209552785041,-46.6082185361581;-23.6230217 -46.6075951;-23.6209574 -46.608227;238;59;63
112;Thu Mar 14 22:57:46 2019;-23.6230255317148,-46.6076101830839;-23.6209552785041,-46.6082185361581;-23.6230217 -46.6075951;-23.6209574 -46.608227;238;59;63
113;Thu Mar 14 22:58:46 2019;-23.6230255317148,-46.6076101830839;-23.6209552785041,-46.6082185361581;-23.6230217 -46.6075951;-23.6209574 -46.608227;238;59;63
114;Thu Mar 14 22:59:46 2019;-23.6230255317148,-46.6076101830839;-23.6209552785041,-46.6082185361581;-23.6230217 -46.6075951;-23.6209574 -46.608227;238;59;63
115;Thu Mar 14 23:00:46 2019;-23.6230255317148,-46.6076101830839;-23.6209552785041,-46.6082185361581;-23.6230217 -46.6075951;-23.6209574 -46.608227;238;59;63
116;Thu Mar 14 23:01:46 2019;-23.6230255317148,-46.6076101830839;-23.6209552785041,-46.6082185361581;-23.6230217 -46.6075951;-23.6209574 -46.608227;238;59;63
117;Thu Mar 14 23:02:46 2019;-23.6230255317148,-46.6076101830839;-23.6209552785041,-46.6082185361581;-23.6230217 -46.6075951;-23.6209574 -46.608227;238;59;63
118;Thu Mar 14 23:03:46 2019;-23.6230255317148,-46.6076101830839;-23.6209552785041,-46.6082185361581;-23.6230217 -46.6075951;-23.6209574 -46.608227;238;59;63
119;Thu Mar 14 23:04:46 2019;-23.6230255317148,-46.6076101830839;-23.6209552785041,-46.6082185361581;-23.6230217 -46.6075951;-23.6209574 -46.608227;238;59;63
120;Thu Mar 14 23:05:46 2019;-23.6230255317148,-46.6076101830839;-23.6209552785041,-46.6082185361581;-23.6230217 -46.6075951;-23.6209574 -46.608227;238;59;63
121;Thu Mar 14 23:06:47 2019;-23.6230255317148,-46.6076101830839;-23.6209552785041,-46.6082185361581;-23.6230217 -46.6075951;-23.6209574 -46.608227;238;59;65
122;Thu Mar 14 23:07:46 2019;-23.6230255317148,-46.6076101830839;-23.6209552785041,-46.6082185361581;-23.6230217 -46.6075951;-23.6209574 -46.608227;238;59;75
123;Thu Mar 14 23:08:46 2019;-23.6230255317148,-46.6076101830839;-23.6209552785041,-46.6082185361581;-23.6230217 -46.6075951;-23.6209574 -46.608227;238;59;75
124;Thu Mar 14 23:09:46 2019;-23.6230255317148,-46.6076101830839;-23.6209552785041,-46.6082185361581;-23.6230217 -46.6075951;-23.6209574 -46.608227;238;59;75
125;Thu Mar 14 23:10:46 2019;-23.6230255317148,-46.6076101830839;-23.6209552785041,-46.6082185361581;-23.6230217 -46.6075951;-23.6209574 -46.608227;238;59;75
126;Thu Mar 14 23:11:46 2019;-23.6230255317148,-46.6076101830839;-23.6209552785041,-46.6082185361581;-23.6230217 -46.6075951;-23.6209574 -46.608227;238;59;75
127;Thu Mar 14 23:12:46 2019;-23.6230255317148,-46.6076101830839;-23.6209552785041,-46.6082185361581;-23.6230217 -46.6075951;-23.6209574 -46.608227;238;59;75
128;Thu Mar 14 23:13:46 2019;-23.6230255317148,-46.6076101830839;-23.6209552785041,-46.6082185361581;-23.6230217 -46.6075951;-23.6209574 -46.608227;238;59;75
129;Thu Mar 14 23:14:46 2019;-23.6230255317148,-46.6076101830839;-23.6209552785041,-46.6082185361581;-23.6230217 -46.6075951;-23.6209574 -46.608227;238;59;75
130;Thu Mar 14 23:15:46 2019;-23.6230255317148,-46.6076101830839;-23.6209552785041,-46.6082185361581;-23.6230217 -46.6075951;-23.6209574 -46.608227;238;59;75
131;Thu Mar 14 23:16:46 2019;-23.6230255317148,-46.6076101830839;-23.6209552785041,-46.6082185361581;-23.6230217 -46.6075951;-23.6209574 -46.608227;238;59;75
132;Thu Mar 14 23:17:46 2019;-23.6230255317148,-46.6076101830839;-23.6209552785041,-46.6082185361581;-23.6230217 -46.6075951;-23.6209574 -46.608227;238;59;75
133;Thu Mar 14 23:18:46 2019;-23.6230255317148,-46.6076101830839;-23.6209552785041,-46.6082185361581;-23.6230217 -46.6075951;-23.6209574 -46.608227;238;59;75
134;Thu Mar 14 23:19:46 2019;-23.6230255317148,-46.6076101830839;-23.6209552785041,-46.6082185361581;-23.6230217 -46.6075951;-23.6209574 -46.608227;238;59;75
135;Thu Mar 14 23:20:46 2019;-23.6230255317148,-46.6076101830839;-23.6209552785041,-46.6082185361581;-23.6230217 -46.6075951;-23.6209574 -46.608227;238;59;75
136;Thu Mar 14 23:21:46 2019;-23.6230255317148,-46.6076101830839;-23.6209552785041,-46.6082185361581;-23.6230217 -46.6075951;-23.6209574 -46.608227;238;59;76
137;Thu Mar 14 23:22:46 2019;-23.6230255317148,-46.6076101830839;-23.6209552785041,-46.6082185361581;-23.6230217 -46.6075951;-23.6209574 -46.608227;238;59;60
138;Thu Mar 14 23:23:46 2019;-23.6230255317148,-46.6076101830839;-23.6209552785041,-46.6082185361581;-23.6230217 -46.6075951;-23.6209574 -46.608227;238;59;60
139;Thu Mar 14 23:24:46 2019;-23.6230255317148,-46.6076101830839;-23.6209552785041,-46.6082185361581;-23.6230217 -46.6075951;-23.6209574 -46.608227;238;59;60
140;Thu Mar 14 23:25:46 2019;-23.6230255317148,-46.6076101830839;-23.6209552785041,-46.6082185361581;-23.6230217 -46.6075951;-23.6209574 -46.608227;238;59;60
141;Thu Mar 14 23:26:47 2019;-23.6230255317148,-46.6076101830839;-23.6209552785041,-46.6082185361581;-23.6230217 -46.6075951;-23.6209574 -46.608227;238;59;60
142;Thu Mar 14 23:27:46 2019;-23.6230255317148,-46.6076101830839;-23.6209552785041,-46.6082185361581;-23.6230217 -46.6075951;-23.6209574 -46.608227;238;59;60
143;Thu Mar 14 23:28:46 2019;-23.6230255317148,-46.6076101830839;-23.6209552785041,-46.6082185361581;-23.6230217 -46.6075951;-23.6209574 -46.608227;238;59;60
144;Thu Mar 14 23:29:46 2019;-23.6230255317148,-46.6076101830839;-23.6209552785041,-46.6082185361581;-23.6230217 -46.6075951;-23.6209574 -46.608227;238;59;60
145;Thu Mar 14 23:30:46 2019;-23.6230255317148,-46.6076101830839;-23.6209552785041,-46.6082185361581;-23.6230217 -46.6075951;-23.6209574 -46.608227;238;59;60
146;Thu Mar 14 23:31:46 2019;-23.6230255317148,-46.6076101830839;-23.6209552785041,-46.6082185361581;-23.6230217 -46.6075951;-23.6209574 -46.608227;238;59;60
147;Thu Mar 14 23:32:47 2019;-23.6230255317148,-46.6076101830839;-23.6209552785041,-46.6082185361581;-23.6230217 -46.6075951;-23.6209574 -46.608227;238;59;60
148;Thu Mar 14 23:33:46 2019;-23.6230255317148,-46.6076101830839;-23.6209552785041,-46.6082185361581;-23.6230217 -46.6075951;-23.6209574 -46.608227;238;59;60
149;Thu Mar 14 23:34:46 2019;-23.6230255317148,-46.6076101830839;-23.6209552785041,-46.6082185361581;-23.6230217 -46.6075951;-23.6209574 -46.608227;238;59;60
150;Thu Mar 14 23:35:46 2019;-23.6230255317148,-46.6076101830839;-23.6209552785041,-46.6082185361581;-23.6230217 -46.6075951;-23.6209574 -46.608227;238;59;60
151;Thu Mar 14 23:36:46 2019;-23.6230255317148,-46.6076101830839;-23.6209552785041,-46.6082185361581;-23.6230217 -46.6075951;-23.6209574 -46.608227;238;59;58
152;Thu Mar 14 23:37:46 2019;-23.6230255317148,-46.6076101830839;-23.6209552785041,-46.6082185361581;-23.6230217 -46.6075951;-23.6209574 -46.608227;238;59;62
153;Thu Mar 14 23:38:46 2019;-23.6230255317148,-46.6076101830839;-23.6209552785041,-46.6082185361581;-23.6230217 -46.6075951;-23.6209574 -46.608227;238;59;62
154;Thu Mar 14 23:39:46 2019;-23.6230255317148,-46.6076101830839;-23.6209552785041,-46.6082185361581;-23.6230217 -46.6075951;-23.6209574 -46.608227;238;59;62
155;Thu Mar 14 23:40:46 2019;-23.6230255317148,-46.6076101830839;-23.6209552785041,-46.6082185361581;-23.6230217 -46.6075951;-23.6209574 -46.608227;238;59;62
156;Thu Mar 14 23:41:46 2019;-23.6230255317148,-46.6076101830839;-23.6209552785041,-46.6082185361581;-23.6230217 -46.6075951;-23.6209574 -46.608227;238;59;62
157;Thu Mar 14 23:42:47 2019;-23.6230255317148,-46.6076101830839;-23.6209552785041,-46.6082185361581;-23.6230217 -46.6075951;-23.6209574 -46.608227;238;59;62
158;Thu Mar 14 23:43:46 2019;-23.6230255317148,-46.6076101830839;-23.6209552785041,-46.6082185361581;-23.6230217 -46.6075951;-23.6209574 -46.608227;238;59;62
159;Thu Mar 14 23:44:46 2019;-23.6230255317148,-46.6076101830839;-23.6209552785041,-46.6082185361581;-23.6230217 -46.6075951;-23.6209574 -46.608227;238;59;62
160;Thu Mar 14 23:45:46 2019;-23.6230255317148,-46.6076101830839;-23.6209552785041,-46.6082185361581;-23.6230217 -46.6075951;-23.6209574 -46.608227;238;59;62
161;Thu Mar 14 23:46:47 2019;-23.6230255317148,-46.6076101830839;-23.6209552785041,-46.6082185361581;-23.6230217 -46.6075951;-23.6209574 -46.608227;238;59;62
162;Thu Mar 14 23:47:46 2019;-23.6230255317148,-46.6076101830839;-23.6209552785041,-46.6082185361581;-23.6230217 -46.6075951;-23.6209574 -46.608227;238;59;62
163;Thu Mar 14 23:48:46 2019;-23.6230255317148,-46.6076101830839;-23.6209552785041,-46.6082185361581;-23.6230217 -46.6075951;-23.6209574 -46.608227;238;59;62
164;Thu Mar 14 23:49:46 2019;-23.6230255317148,-46.6076101830839;-23.6209552785041,-46.6082185361581;-23.6230217 -46.6075951;-23.6209574 -46.608227;238;59;62
165;Thu Mar 14 23:50:46 2019;-23.6230255317148,-46.6076101830839;-23.6209552785041,-46.6082185361581;-23.6230217 -46.6075951;-23.6209574 -46.608227;238;59;62
166;Thu Mar 14 23:51:46 2019;-23.6230255317148,-46.6076101830839;-23.6209552785041,-46.6082185361581;-23.6230217 -46.6075951;-23.6209574 -46.608227;238;59;62
167;Thu Mar 14 23:52:46 2019;-23.6230255317148,-46.6076101830839;-23.6209552785041,-46.6082185361581;-23.6230217 -46.6075951;-23.6209574 -46.608227;238;59;60
168;Thu Mar 14 23:53:46 2019;-23.6230255317148,-46.6076101830839;-23.6209552785041,-46.6082185361581;-23.6230217 -46.6075951;-23.6209574 -46.608227;238;59;60
169;Thu Mar 14 23:54:46 2019;-23.6230255317148,-46.6076101830839;-23.6209552785041,-46.6082185361581;-23.6230217 -46.6075951;-23.6209574 -46.608227;238;59;60
170;Thu Mar 14 23:55:46 2019;-23.6230255317148,-46.6076101830839;-23.6209552785041,-46.6082185361581;-23.6230217 -46.6075951;-23.6209574 -46.608227;238;59;60
171;Thu Mar 14 23:56:46 2019;-23.6230255317148,-46.6076101830839;-23.6209552785041,-46.6082185361581;-23.6230217 -46.6075951;-23.6209574 -46.608227;238;59;60
172;Thu Mar 14 23:57:46 2019;-23.6230255317148,-46.6076101830839;-23.6209552785041,-46.6082185361581;-23.6230217 -46.6075951;-23.6209574 -46.608227;238;59;60
173;Thu Mar 14 23:58:46 2019;-23.6230255317148,-46.6076101830839;-23.6209552785041,-46.6082185361581;-23.6230217 -46.6075951;-23.6209574 -46.608227;238;59;60
174;Thu Mar 14 23:59:46 2019;-23.6230255317148,-46.6076101830839;-23.6209552785041,-46.6082185361581;-23.6230217 -46.6075951;-23.6209574 -46.608227;238;59;60
