38972;Thu Mar 14 00:00:35 2019;-23.5942830576835,-46.6197471042453;-23.5927969162167,-46.6198686148975;-23.5942939 -46.6197596;-23.5928068 -46.6199011;173;30;27
39213;Thu Mar 14 04:01:34 2019;-23.5942830576835,-46.6197471042453;-23.5927969162167,-46.6198686148975;-23.5942939 -46.6197596;-23.5928068 -46.6199011;173;30;20
39214;Thu Mar 14 04:02:34 2019;-23.5942830576835,-46.6197471042453;-23.5927969162167,-46.6198686148975;-23.5942939 -46.6197596;-23.5928068 -46.6199011;173;30;20
39215;Thu Mar 14 04:03:35 2019;-23.5942830576835,-46.6197471042453;-23.5927969162167,-46.6198686148975;-23.5942939 -46.6197596;-23.5928068 -46.6199011;173;30;20
39216;Thu Mar 14 04:04:34 2019;-23.5942830576835,-46.6197471042453;-23.5927969162167,-46.6198686148975;-23.5942939 -46.6197596;-23.5928068 -46.6199011;173;30;20
39217;Thu Mar 14 04:05:34 2019;-23.5942830576835,-46.6197471042453;-23.5927969162167,-46.6198686148975;-23.5942939 -46.6197596;-23.5928068 -46.6199011;173;30;20
39218;Thu Mar 14 04:06:35 2019;-23.5942830576835,-46.6197471042453;-23.5927969162167,-46.6198686148975;-23.5942939 -46.6197596;-23.5928068 -46.6199011;173;30;20
39219;Thu Mar 14 04:07:35 2019;-23.5942830576835,-46.6197471042453;-23.5927969162167,-46.6198686148975;-23.5942939 -46.6197596;-23.5928068 -46.6199011;173;30;21
39220;Thu Mar 14 04:08:35 2019;-23.5942830576835,-46.6197471042453;-23.5927969162167,-46.6198686148975;-23.5942939 -46.6197596;-23.5928068 -46.6199011;173;30;21
39221;Thu Mar 14 04:09:34 2019;-23.5942830576835,-46.6197471042453;-23.5927969162167,-46.6198686148975;-23.5942939 -46.6197596;-23.5928068 -46.6199011;173;30;21
1;Thu Mar 14 21:06:56 2019;-23.5942830576835,-46.6197471042453;-23.5927969162167,-46.6198686148975;-23.5942939 -46.6197596;-23.5928068 -46.6199011;173;30;56
2;Thu Mar 14 21:07:48 2019;-23.5942830576835,-46.6197471042453;-23.5927969162167,-46.6198686148975;-23.5942939 -46.6197596;-23.5928068 -46.6199011;173;30;56
3;Thu Mar 14 21:08:52 2019;-23.5942830576835,-46.6197471042453;-23.5927969162167,-46.6198686148975;-23.5942939 -46.6197596;-23.5928068 -46.6199011;173;30;56
4;Thu Mar 14 21:09:48 2019;-23.5942830576835,-46.6197471042453;-23.5927969162167,-46.6198686148975;-23.5942939 -46.6197596;-23.5928068 -46.6199011;173;30;56
5;Thu Mar 14 21:10:48 2019;-23.5942830576835,-46.6197471042453;-23.5927969162167,-46.6198686148975;-23.5942939 -46.6197596;-23.5928068 -46.6199011;173;30;56
6;Thu Mar 14 21:11:48 2019;-23.5942830576835,-46.6197471042453;-23.5927969162167,-46.6198686148975;-23.5942939 -46.6197596;-23.5928068 -46.6199011;173;30;56
7;Thu Mar 14 21:12:47 2019;-23.5942830576835,-46.6197471042453;-23.5927969162167,-46.6198686148975;-23.5942939 -46.6197596;-23.5928068 -46.6199011;173;30;56
8;Thu Mar 14 21:13:48 2019;-23.5942830576835,-46.6197471042453;-23.5927969162167,-46.6198686148975;-23.5942939 -46.6197596;-23.5928068 -46.6199011;173;30;56
9;Thu Mar 14 21:14:48 2019;-23.5942830576835,-46.6197471042453;-23.5927969162167,-46.6198686148975;-23.5942939 -46.6197596;-23.5928068 -46.6199011;173;30;56
10;Thu Mar 14 21:15:48 2019;-23.5942830576835,-46.6197471042453;-23.5927969162167,-46.6198686148975;-23.5942939 -46.6197596;-23.5928068 -46.6199011;173;30;56
11;Thu Mar 14 21:16:49 2019;-23.5942830576835,-46.6197471042453;-23.5927969162167,-46.6198686148975;-23.5942939 -46.6197596;-23.5928068 -46.6199011;173;30;56
12;Thu Mar 14 21:17:48 2019;-23.5942830576835,-46.6197471042453;-23.5927969162167,-46.6198686148975;-23.5942939 -46.6197596;-23.5928068 -46.6199011;173;30;56
13;Thu Mar 14 21:18:48 2019;-23.5942830576835,-46.6197471042453;-23.5927969162167,-46.6198686148975;-23.5942939 -46.6197596;-23.5928068 -46.6199011;173;30;56
14;Thu Mar 14 21:19:49 2019;-23.5942830576835,-46.6197471042453;-23.5927969162167,-46.6198686148975;-23.5942939 -46.6197596;-23.5928068 -46.6199011;173;30;56
15;Thu Mar 14 21:20:48 2019;-23.5942830576835,-46.6197471042453;-23.5927969162167,-46.6198686148975;-23.5942939 -46.6197596;-23.5928068 -46.6199011;173;30;56
16;Thu Mar 14 21:21:50 2019;-23.5942830576835,-46.6197471042453;-23.5927969162167,-46.6198686148975;-23.5942939 -46.6197596;-23.5928068 -46.6199011;173;30;56
17;Thu Mar 14 21:22:48 2019;-23.5942830576835,-46.6197471042453;-23.5927969162167,-46.6198686148975;-23.5942939 -46.6197596;-23.5928068 -46.6199011;173;30;47
18;Thu Mar 14 21:23:48 2019;-23.5942830576835,-46.6197471042453;-23.5927969162167,-46.6198686148975;-23.5942939 -46.6197596;-23.5928068 -46.6199011;173;30;47
19;Thu Mar 14 21:24:48 2019;-23.5942830576835,-46.6197471042453;-23.5927969162167,-46.6198686148975;-23.5942939 -46.6197596;-23.5928068 -46.6199011;173;30;47
20;Thu Mar 14 21:25:48 2019;-23.5942830576835,-46.6197471042453;-23.5927969162167,-46.6198686148975;-23.5942939 -46.6197596;-23.5928068 -46.6199011;173;30;47
21;Thu Mar 14 21:26:48 2019;-23.5942830576835,-46.6197471042453;-23.5927969162167,-46.6198686148975;-23.5942939 -46.6197596;-23.5928068 -46.6199011;173;30;47
22;Thu Mar 14 21:27:47 2019;-23.5942830576835,-46.6197471042453;-23.5927969162167,-46.6198686148975;-23.5942939 -46.6197596;-23.5928068 -46.6199011;173;30;47
23;Thu Mar 14 21:28:48 2019;-23.5942830576835,-46.6197471042453;-23.5927969162167,-46.6198686148975;-23.5942939 -46.6197596;-23.5928068 -46.6199011;173;30;47
24;Thu Mar 14 21:29:48 2019;-23.5942830576835,-46.6197471042453;-23.5927969162167,-46.6198686148975;-23.5942939 -46.6197596;-23.5928068 -46.6199011;173;30;47
25;Thu Mar 14 21:30:47 2019;-23.5942830576835,-46.6197471042453;-23.5927969162167,-46.6198686148975;-23.5942939 -46.6197596;-23.5928068 -46.6199011;173;30;47
26;Thu Mar 14 21:31:48 2019;-23.5942830576835,-46.6197471042453;-23.5927969162167,-46.6198686148975;-23.5942939 -46.6197596;-23.5928068 -46.6199011;173;30;47
27;Thu Mar 14 21:32:47 2019;-23.5942830576835,-46.6197471042453;-23.5927969162167,-46.6198686148975;-23.5942939 -46.6197596;-23.5928068 -46.6199011;173;30;47
28;Thu Mar 14 21:33:48 2019;-23.5942830576835,-46.6197471042453;-23.5927969162167,-46.6198686148975;-23.5942939 -46.6197596;-23.5928068 -46.6199011;173;30;47
29;Thu Mar 14 21:34:48 2019;-23.5942830576835,-46.6197471042453;-23.5927969162167,-46.6198686148975;-23.5942939 -46.6197596;-23.5928068 -46.6199011;173;30;47
30;Thu Mar 14 21:35:47 2019;-23.5942830576835,-46.6197471042453;-23.5927969162167,-46.6198686148975;-23.5942939 -46.6197596;-23.5928068 -46.6199011;173;30;47
31;Thu Mar 14 21:36:48 2019;-23.5942830576835,-46.6197471042453;-23.5927969162167,-46.6198686148975;-23.5942939 -46.6197596;-23.5928068 -46.6199011;173;30;47
32;Thu Mar 14 21:37:48 2019;-23.5942830576835,-46.6197471042453;-23.5927969162167,-46.6198686148975;-23.5942939 -46.6197596;-23.5928068 -46.6199011;173;30;44
33;Thu Mar 14 21:38:48 2019;-23.5942830576835,-46.6197471042453;-23.5927969162167,-46.6198686148975;-23.5942939 -46.6197596;-23.5928068 -46.6199011;173;30;44
34;Thu Mar 14 21:39:47 2019;-23.5942830576835,-46.6197471042453;-23.5927969162167,-46.6198686148975;-23.5942939 -46.6197596;-23.5928068 -46.6199011;173;30;44
35;Thu Mar 14 21:40:48 2019;-23.5942830576835,-46.6197471042453;-23.5927969162167,-46.6198686148975;-23.5942939 -46.6197596;-23.5928068 -46.6199011;173;30;44
36;Thu Mar 14 21:41:47 2019;-23.5942830576835,-46.6197471042453;-23.5927969162167,-46.6198686148975;-23.5942939 -46.6197596;-23.5928068 -46.6199011;173;30;44
37;Thu Mar 14 21:42:47 2019;-23.5942830576835,-46.6197471042453;-23.5927969162167,-46.6198686148975;-23.5942939 -46.6197596;-23.5928068 -46.6199011;173;30;44
38;Thu Mar 14 21:43:47 2019;-23.5942830576835,-46.6197471042453;-23.5927969162167,-46.6198686148975;-23.5942939 -46.6197596;-23.5928068 -46.6199011;173;30;44
39;Thu Mar 14 21:44:48 2019;-23.5942830576835,-46.6197471042453;-23.5927969162167,-46.6198686148975;-23.5942939 -46.6197596;-23.5928068 -46.6199011;173;30;44
40;Thu Mar 14 21:45:47 2019;-23.5942830576835,-46.6197471042453;-23.5927969162167,-46.6198686148975;-23.5942939 -46.6197596;-23.5928068 -46.6199011;173;30;44
41;Thu Mar 14 21:46:48 2019;-23.5942830576835,-46.6197471042453;-23.5927969162167,-46.6198686148975;-23.5942939 -46.6197596;-23.5928068 -46.6199011;173;30;44
42;Thu Mar 14 21:47:48 2019;-23.5942830576835,-46.6197471042453;-23.5927969162167,-46.6198686148975;-23.5942939 -46.6197596;-23.5928068 -46.6199011;173;30;44
43;Thu Mar 14 21:48:48 2019;-23.5942830576835,-46.6197471042453;-23.5927969162167,-46.6198686148975;-23.5942939 -46.6197596;-23.5928068 -46.6199011;173;30;44
44;Thu Mar 14 21:49:47 2019;-23.5942830576835,-46.6197471042453;-23.5927969162167,-46.6198686148975;-23.5942939 -46.6197596;-23.5928068 -46.6199011;173;30;44
45;Thu Mar 14 21:50:48 2019;-23.5942830576835,-46.6197471042453;-23.5927969162167,-46.6198686148975;-23.5942939 -46.6197596;-23.5928068 -46.6199011;173;30;44
46;Thu Mar 14 21:51:48 2019;-23.5942830576835,-46.6197471042453;-23.5927969162167,-46.6198686148975;-23.5942939 -46.6197596;-23.5928068 -46.6199011;173;30;44
47;Thu Mar 14 21:52:48 2019;-23.5942830576835,-46.6197471042453;-23.5927969162167,-46.6198686148975;-23.5942939 -46.6197596;-23.5928068 -46.6199011;173;30;34
48;Thu Mar 14 21:53:48 2019;-23.5942830576835,-46.6197471042453;-23.5927969162167,-46.6198686148975;-23.5942939 -46.6197596;-23.5928068 -46.6199011;173;30;34
49;Thu Mar 14 21:54:48 2019;-23.5942830576835,-46.6197471042453;-23.5927969162167,-46.6198686148975;-23.5942939 -46.6197596;-23.5928068 -46.6199011;173;30;34
50;Thu Mar 14 21:55:48 2019;-23.5942830576835,-46.6197471042453;-23.5927969162167,-46.6198686148975;-23.5942939 -46.6197596;-23.5928068 -46.6199011;173;30;34
51;Thu Mar 14 21:56:49 2019;-23.5942830576835,-46.6197471042453;-23.5927969162167,-46.6198686148975;-23.5942939 -46.6197596;-23.5928068 -46.6199011;173;30;34
52;Thu Mar 14 21:57:47 2019;-23.5942830576835,-46.6197471042453;-23.5927969162167,-46.6198686148975;-23.5942939 -46.6197596;-23.5928068 -46.6199011;173;30;34
53;Thu Mar 14 21:58:48 2019;-23.5942830576835,-46.6197471042453;-23.5927969162167,-46.6198686148975;-23.5942939 -46.6197596;-23.5928068 -46.6199011;173;30;34
54;Thu Mar 14 21:59:48 2019;-23.5942830576835,-46.6197471042453;-23.5927969162167,-46.6198686148975;-23.5942939 -46.6197596;-23.5928068 -46.6199011;173;30;34
55;Thu Mar 14 22:00:48 2019;-23.5942830576835,-46.6197471042453;-23.5927969162167,-46.6198686148975;-23.5942939 -46.6197596;-23.5928068 -46.6199011;173;30;34
56;Thu Mar 14 22:01:48 2019;-23.5942830576835,-46.6197471042453;-23.5927969162167,-46.6198686148975;-23.5942939 -46.6197596;-23.5928068 -46.6199011;173;30;34
57;Thu Mar 14 22:02:47 2019;-23.5942830576835,-46.6197471042453;-23.5927969162167,-46.6198686148975;-23.5942939 -46.6197596;-23.5928068 -46.6199011;173;30;34
58;Thu Mar 14 22:03:48 2019;-23.5942830576835,-46.6197471042453;-23.5927969162167,-46.6198686148975;-23.5942939 -46.6197596;-23.5928068 -46.6199011;173;30;34
59;Thu Mar 14 22:04:48 2019;-23.5942830576835,-46.6197471042453;-23.5927969162167,-46.6198686148975;-23.5942939 -46.6197596;-23.5928068 -46.6199011;173;30;34
60;Thu Mar 14 22:05:48 2019;-23.5942830576835,-46.6197471042453;-23.5927969162167,-46.6198686148975;-23.5942939 -46.6197596;-23.5928068 -46.6199011;173;30;34
61;Thu Mar 14 22:06:49 2019;-23.5942830576835,-46.6197471042453;-23.5927969162167,-46.6198686148975;-23.5942939 -46.6197596;-23.5928068 -46.6199011;173;30;34
62;Thu Mar 14 22:07:48 2019;-23.5942830576835,-46.6197471042453;-23.5927969162167,-46.6198686148975;-23.5942939 -46.6197596;-23.5928068 -46.6199011;173;30;38
63;Thu Mar 14 22:08:49 2019;-23.5942830576835,-46.6197471042453;-23.5927969162167,-46.6198686148975;-23.5942939 -46.6197596;-23.5928068 -46.6199011;173;30;38
64;Thu Mar 14 22:09:47 2019;-23.5942830576835,-46.6197471042453;-23.5927969162167,-46.6198686148975;-23.5942939 -46.6197596;-23.5928068 -46.6199011;173;30;38
65;Thu Mar 14 22:10:48 2019;-23.5942830576835,-46.6197471042453;-23.5927969162167,-46.6198686148975;-23.5942939 -46.6197596;-23.5928068 -46.6199011;173;30;38
66;Thu Mar 14 22:11:48 2019;-23.5942830576835,-46.6197471042453;-23.5927969162167,-46.6198686148975;-23.5942939 -46.6197596;-23.5928068 -46.6199011;173;30;38
67;Thu Mar 14 22:12:47 2019;-23.5942830576835,-46.6197471042453;-23.5927969162167,-46.6198686148975;-23.5942939 -46.6197596;-23.5928068 -46.6199011;173;30;38
68;Thu Mar 14 22:13:47 2019;-23.5942830576835,-46.6197471042453;-23.5927969162167,-46.6198686148975;-23.5942939 -46.6197596;-23.5928068 -46.6199011;173;30;38
69;Thu Mar 14 22:14:48 2019;-23.5942830576835,-46.6197471042453;-23.5927969162167,-46.6198686148975;-23.5942939 -46.6197596;-23.5928068 -46.6199011;173;30;38
70;Thu Mar 14 22:15:48 2019;-23.5942830576835,-46.6197471042453;-23.5927969162167,-46.6198686148975;-23.5942939 -46.6197596;-23.5928068 -46.6199011;173;30;38
71;Thu Mar 14 22:16:48 2019;-23.5942830576835,-46.6197471042453;-23.5927969162167,-46.6198686148975;-23.5942939 -46.6197596;-23.5928068 -46.6199011;173;30;38
72;Thu Mar 14 22:17:48 2019;-23.5942830576835,-46.6197471042453;-23.5927969162167,-46.6198686148975;-23.5942939 -46.6197596;-23.5928068 -46.6199011;173;30;38
73;Thu Mar 14 22:18:48 2019;-23.5942830576835,-46.6197471042453;-23.5927969162167,-46.6198686148975;-23.5942939 -46.6197596;-23.5928068 -46.6199011;173;30;38
74;Thu Mar 14 22:19:48 2019;-23.5942830576835,-46.6197471042453;-23.5927969162167,-46.6198686148975;-23.5942939 -46.6197596;-23.5928068 -46.6199011;173;30;38
75;Thu Mar 14 22:20:48 2019;-23.5942830576835,-46.6197471042453;-23.5927969162167,-46.6198686148975;-23.5942939 -46.6197596;-23.5928068 -46.6199011;173;30;38
76;Thu Mar 14 22:21:48 2019;-23.5942830576835,-46.6197471042453;-23.5927969162167,-46.6198686148975;-23.5942939 -46.6197596;-23.5928068 -46.6199011;173;30;38
77;Thu Mar 14 22:22:47 2019;-23.5942830576835,-46.6197471042453;-23.5927969162167,-46.6198686148975;-23.5942939 -46.6197596;-23.5928068 -46.6199011;173;30;36
78;Thu Mar 14 22:23:48 2019;-23.5942830576835,-46.6197471042453;-23.5927969162167,-46.6198686148975;-23.5942939 -46.6197596;-23.5928068 -46.6199011;173;30;36
79;Thu Mar 14 22:24:48 2019;-23.5942830576835,-46.6197471042453;-23.5927969162167,-46.6198686148975;-23.5942939 -46.6197596;-23.5928068 -46.6199011;173;30;36
80;Thu Mar 14 22:25:48 2019;-23.5942830576835,-46.6197471042453;-23.5927969162167,-46.6198686148975;-23.5942939 -46.6197596;-23.5928068 -46.6199011;173;30;36
81;Thu Mar 14 22:26:48 2019;-23.5942830576835,-46.6197471042453;-23.5927969162167,-46.6198686148975;-23.5942939 -46.6197596;-23.5928068 -46.6199011;173;30;36
82;Thu Mar 14 22:27:48 2019;-23.5942830576835,-46.6197471042453;-23.5927969162167,-46.6198686148975;-23.5942939 -46.6197596;-23.5928068 -46.6199011;173;30;36
83;Thu Mar 14 22:28:48 2019;-23.5942830576835,-46.6197471042453;-23.5927969162167,-46.6198686148975;-23.5942939 -46.6197596;-23.5928068 -46.6199011;173;30;36
84;Thu Mar 14 22:29:48 2019;-23.5942830576835,-46.6197471042453;-23.5927969162167,-46.6198686148975;-23.5942939 -46.6197596;-23.5928068 -46.6199011;173;30;36
85;Thu Mar 14 22:30:48 2019;-23.5942830576835,-46.6197471042453;-23.5927969162167,-46.6198686148975;-23.5942939 -46.6197596;-23.5928068 -46.6199011;173;30;36
86;Thu Mar 14 22:31:47 2019;-23.5942830576835,-46.6197471042453;-23.5927969162167,-46.6198686148975;-23.5942939 -46.6197596;-23.5928068 -46.6199011;173;30;36
87;Thu Mar 14 22:32:48 2019;-23.5942830576835,-46.6197471042453;-23.5927969162167,-46.6198686148975;-23.5942939 -46.6197596;-23.5928068 -46.6199011;173;30;36
88;Thu Mar 14 22:33:47 2019;-23.5942830576835,-46.6197471042453;-23.5927969162167,-46.6198686148975;-23.5942939 -46.6197596;-23.5928068 -46.6199011;173;30;36
89;Thu Mar 14 22:34:47 2019;-23.5942830576835,-46.6197471042453;-23.5927969162167,-46.6198686148975;-23.5942939 -46.6197596;-23.5928068 -46.6199011;173;30;36
90;Thu Mar 14 22:35:48 2019;-23.5942830576835,-46.6197471042453;-23.5927969162167,-46.6198686148975;-23.5942939 -46.6197596;-23.5928068 -46.6199011;173;30;36
91;Thu Mar 14 22:36:48 2019;-23.5942830576835,-46.6197471042453;-23.5927969162167,-46.6198686148975;-23.5942939 -46.6197596;-23.5928068 -46.6199011;173;30;36
92;Thu Mar 14 22:37:48 2019;-23.5942830576835,-46.6197471042453;-23.5927969162167,-46.6198686148975;-23.5942939 -46.6197596;-23.5928068 -46.6199011;173;30;34
93;Thu Mar 14 22:38:49 2019;-23.5942830576835,-46.6197471042453;-23.5927969162167,-46.6198686148975;-23.5942939 -46.6197596;-23.5928068 -46.6199011;173;30;34
94;Thu Mar 14 22:39:48 2019;-23.5942830576835,-46.6197471042453;-23.5927969162167,-46.6198686148975;-23.5942939 -46.6197596;-23.5928068 -46.6199011;173;30;34
95;Thu Mar 14 22:40:48 2019;-23.5942830576835,-46.6197471042453;-23.5927969162167,-46.6198686148975;-23.5942939 -46.6197596;-23.5928068 -46.6199011;173;30;34
96;Thu Mar 14 22:41:47 2019;-23.5942830576835,-46.6197471042453;-23.5927969162167,-46.6198686148975;-23.5942939 -46.6197596;-23.5928068 -46.6199011;173;30;34
97;Thu Mar 14 22:42:48 2019;-23.5942830576835,-46.6197471042453;-23.5927969162167,-46.6198686148975;-23.5942939 -46.6197596;-23.5928068 -46.6199011;173;30;34
98;Thu Mar 14 22:43:48 2019;-23.5942830576835,-46.6197471042453;-23.5927969162167,-46.6198686148975;-23.5942939 -46.6197596;-23.5928068 -46.6199011;173;30;34
99;Thu Mar 14 22:44:48 2019;-23.5942830576835,-46.6197471042453;-23.5927969162167,-46.6198686148975;-23.5942939 -46.6197596;-23.5928068 -46.6199011;173;30;34
100;Thu Mar 14 22:45:48 2019;-23.5942830576835,-46.6197471042453;-23.5927969162167,-46.6198686148975;-23.5942939 -46.6197596;-23.5928068 -46.6199011;173;30;34
101;Thu Mar 14 22:46:49 2019;-23.5942830576835,-46.6197471042453;-23.5927969162167,-46.6198686148975;-23.5942939 -46.6197596;-23.5928068 -46.6199011;173;30;34
102;Thu Mar 14 22:47:48 2019;-23.5942830576835,-46.6197471042453;-23.5927969162167,-46.6198686148975;-23.5942939 -46.6197596;-23.5928068 -46.6199011;173;30;34
103;Thu Mar 14 22:48:48 2019;-23.5942830576835,-46.6197471042453;-23.5927969162167,-46.6198686148975;-23.5942939 -46.6197596;-23.5928068 -46.6199011;173;30;34
104;Thu Mar 14 22:49:48 2019;-23.5942830576835,-46.6197471042453;-23.5927969162167,-46.6198686148975;-23.5942939 -46.6197596;-23.5928068 -46.6199011;173;30;34
105;Thu Mar 14 22:50:48 2019;-23.5942830576835,-46.6197471042453;-23.5927969162167,-46.6198686148975;-23.5942939 -46.6197596;-23.5928068 -46.6199011;173;30;34
106;Thu Mar 14 22:51:48 2019;-23.5942830576835,-46.6197471042453;-23.5927969162167,-46.6198686148975;-23.5942939 -46.6197596;-23.5928068 -46.6199011;173;30;34
107;Thu Mar 14 22:52:48 2019;-23.5942830576835,-46.6197471042453;-23.5927969162167,-46.6198686148975;-23.5942939 -46.6197596;-23.5928068 -46.6199011;173;30;38
108;Thu Mar 14 22:53:48 2019;-23.5942830576835,-46.6197471042453;-23.5927969162167,-46.6198686148975;-23.5942939 -46.6197596;-23.5928068 -46.6199011;173;30;38
109;Thu Mar 14 22:54:48 2019;-23.5942830576835,-46.6197471042453;-23.5927969162167,-46.6198686148975;-23.5942939 -46.6197596;-23.5928068 -46.6199011;173;30;38
110;Thu Mar 14 22:55:48 2019;-23.5942830576835,-46.6197471042453;-23.5927969162167,-46.6198686148975;-23.5942939 -46.6197596;-23.5928068 -46.6199011;173;30;38
111;Thu Mar 14 22:56:49 2019;-23.5942830576835,-46.6197471042453;-23.5927969162167,-46.6198686148975;-23.5942939 -46.6197596;-23.5928068 -46.6199011;173;30;38
112;Thu Mar 14 22:57:48 2019;-23.5942830576835,-46.6197471042453;-23.5927969162167,-46.6198686148975;-23.5942939 -46.6197596;-23.5928068 -46.6199011;173;30;38
113;Thu Mar 14 22:58:48 2019;-23.5942830576835,-46.6197471042453;-23.5927969162167,-46.6198686148975;-23.5942939 -46.6197596;-23.5928068 -46.6199011;173;30;38
114;Thu Mar 14 22:59:48 2019;-23.5942830576835,-46.6197471042453;-23.5927969162167,-46.6198686148975;-23.5942939 -46.6197596;-23.5928068 -46.6199011;173;30;38
115;Thu Mar 14 23:00:48 2019;-23.5942830576835,-46.6197471042453;-23.5927969162167,-46.6198686148975;-23.5942939 -46.6197596;-23.5928068 -46.6199011;173;30;38
116;Thu Mar 14 23:01:47 2019;-23.5942830576835,-46.6197471042453;-23.5927969162167,-46.6198686148975;-23.5942939 -46.6197596;-23.5928068 -46.6199011;173;30;38
117;Thu Mar 14 23:02:47 2019;-23.5942830576835,-46.6197471042453;-23.5927969162167,-46.6198686148975;-23.5942939 -46.6197596;-23.5928068 -46.6199011;173;30;38
118;Thu Mar 14 23:03:48 2019;-23.5942830576835,-46.6197471042453;-23.5927969162167,-46.6198686148975;-23.5942939 -46.6197596;-23.5928068 -46.6199011;173;30;38
119;Thu Mar 14 23:04:48 2019;-23.5942830576835,-46.6197471042453;-23.5927969162167,-46.6198686148975;-23.5942939 -46.6197596;-23.5928068 -46.6199011;173;30;38
120;Thu Mar 14 23:05:47 2019;-23.5942830576835,-46.6197471042453;-23.5927969162167,-46.6198686148975;-23.5942939 -46.6197596;-23.5928068 -46.6199011;173;30;38
121;Thu Mar 14 23:06:48 2019;-23.5942830576835,-46.6197471042453;-23.5927969162167,-46.6198686148975;-23.5942939 -46.6197596;-23.5928068 -46.6199011;173;30;38
122;Thu Mar 14 23:07:48 2019;-23.5942830576835,-46.6197471042453;-23.5927969162167,-46.6198686148975;-23.5942939 -46.6197596;-23.5928068 -46.6199011;173;30;31
123;Thu Mar 14 23:08:47 2019;-23.5942830576835,-46.6197471042453;-23.5927969162167,-46.6198686148975;-23.5942939 -46.6197596;-23.5928068 -46.6199011;173;30;31
124;Thu Mar 14 23:09:47 2019;-23.5942830576835,-46.6197471042453;-23.5927969162167,-46.6198686148975;-23.5942939 -46.6197596;-23.5928068 -46.6199011;173;30;31
125;Thu Mar 14 23:10:48 2019;-23.5942830576835,-46.6197471042453;-23.5927969162167,-46.6198686148975;-23.5942939 -46.6197596;-23.5928068 -46.6199011;173;30;31
126;Thu Mar 14 23:11:48 2019;-23.5942830576835,-46.6197471042453;-23.5927969162167,-46.6198686148975;-23.5942939 -46.6197596;-23.5928068 -46.6199011;173;30;31
127;Thu Mar 14 23:12:47 2019;-23.5942830576835,-46.6197471042453;-23.5927969162167,-46.6198686148975;-23.5942939 -46.6197596;-23.5928068 -46.6199011;173;30;31
128;Thu Mar 14 23:13:47 2019;-23.5942830576835,-46.6197471042453;-23.5927969162167,-46.6198686148975;-23.5942939 -46.6197596;-23.5928068 -46.6199011;173;30;31
129;Thu Mar 14 23:14:47 2019;-23.5942830576835,-46.6197471042453;-23.5927969162167,-46.6198686148975;-23.5942939 -46.6197596;-23.5928068 -46.6199011;173;30;31
130;Thu Mar 14 23:15:48 2019;-23.5942830576835,-46.6197471042453;-23.5927969162167,-46.6198686148975;-23.5942939 -46.6197596;-23.5928068 -46.6199011;173;30;31
131;Thu Mar 14 23:16:48 2019;-23.5942830576835,-46.6197471042453;-23.5927969162167,-46.6198686148975;-23.5942939 -46.6197596;-23.5928068 -46.6199011;173;30;31
132;Thu Mar 14 23:17:48 2019;-23.5942830576835,-46.6197471042453;-23.5927969162167,-46.6198686148975;-23.5942939 -46.6197596;-23.5928068 -46.6199011;173;30;31
133;Thu Mar 14 23:18:47 2019;-23.5942830576835,-46.6197471042453;-23.5927969162167,-46.6198686148975;-23.5942939 -46.6197596;-23.5928068 -46.6199011;173;30;31
134;Thu Mar 14 23:19:47 2019;-23.5942830576835,-46.6197471042453;-23.5927969162167,-46.6198686148975;-23.5942939 -46.6197596;-23.5928068 -46.6199011;173;30;31
135;Thu Mar 14 23:20:47 2019;-23.5942830576835,-46.6197471042453;-23.5927969162167,-46.6198686148975;-23.5942939 -46.6197596;-23.5928068 -46.6199011;173;30;31
136;Thu Mar 14 23:21:48 2019;-23.5942830576835,-46.6197471042453;-23.5927969162167,-46.6198686148975;-23.5942939 -46.6197596;-23.5928068 -46.6199011;173;30;31
137;Thu Mar 14 23:22:48 2019;-23.5942830576835,-46.6197471042453;-23.5927969162167,-46.6198686148975;-23.5942939 -46.6197596;-23.5928068 -46.6199011;173;30;36
138;Thu Mar 14 23:23:48 2019;-23.5942830576835,-46.6197471042453;-23.5927969162167,-46.6198686148975;-23.5942939 -46.6197596;-23.5928068 -46.6199011;173;30;36
139;Thu Mar 14 23:24:48 2019;-23.5942830576835,-46.6197471042453;-23.5927969162167,-46.6198686148975;-23.5942939 -46.6197596;-23.5928068 -46.6199011;173;30;36
140;Thu Mar 14 23:25:47 2019;-23.5942830576835,-46.6197471042453;-23.5927969162167,-46.6198686148975;-23.5942939 -46.6197596;-23.5928068 -46.6199011;173;30;36
141;Thu Mar 14 23:26:49 2019;-23.5942830576835,-46.6197471042453;-23.5927969162167,-46.6198686148975;-23.5942939 -46.6197596;-23.5928068 -46.6199011;173;30;36
142;Thu Mar 14 23:27:47 2019;-23.5942830576835,-46.6197471042453;-23.5927969162167,-46.6198686148975;-23.5942939 -46.6197596;-23.5928068 -46.6199011;173;30;36
143;Thu Mar 14 23:28:47 2019;-23.5942830576835,-46.6197471042453;-23.5927969162167,-46.6198686148975;-23.5942939 -46.6197596;-23.5928068 -46.6199011;173;30;36
144;Thu Mar 14 23:29:48 2019;-23.5942830576835,-46.6197471042453;-23.5927969162167,-46.6198686148975;-23.5942939 -46.6197596;-23.5928068 -46.6199011;173;30;36
145;Thu Mar 14 23:30:47 2019;-23.5942830576835,-46.6197471042453;-23.5927969162167,-46.6198686148975;-23.5942939 -46.6197596;-23.5928068 -46.6199011;173;30;36
146;Thu Mar 14 23:31:48 2019;-23.5942830576835,-46.6197471042453;-23.5927969162167,-46.6198686148975;-23.5942939 -46.6197596;-23.5928068 -46.6199011;173;30;36
147;Thu Mar 14 23:32:48 2019;-23.5942830576835,-46.6197471042453;-23.5927969162167,-46.6198686148975;-23.5942939 -46.6197596;-23.5928068 -46.6199011;173;30;36
148;Thu Mar 14 23:33:48 2019;-23.5942830576835,-46.6197471042453;-23.5927969162167,-46.6198686148975;-23.5942939 -46.6197596;-23.5928068 -46.6199011;173;30;36
149;Thu Mar 14 23:34:47 2019;-23.5942830576835,-46.6197471042453;-23.5927969162167,-46.6198686148975;-23.5942939 -46.6197596;-23.5928068 -46.6199011;173;30;36
150;Thu Mar 14 23:35:47 2019;-23.5942830576835,-46.6197471042453;-23.5927969162167,-46.6198686148975;-23.5942939 -46.6197596;-23.5928068 -46.6199011;173;30;36
151;Thu Mar 14 23:36:48 2019;-23.5942830576835,-46.6197471042453;-23.5927969162167,-46.6198686148975;-23.5942939 -46.6197596;-23.5928068 -46.6199011;173;30;36
152;Thu Mar 14 23:37:48 2019;-23.5942830576835,-46.6197471042453;-23.5927969162167,-46.6198686148975;-23.5942939 -46.6197596;-23.5928068 -46.6199011;173;30;34
153;Thu Mar 14 23:38:48 2019;-23.5942830576835,-46.6197471042453;-23.5927969162167,-46.6198686148975;-23.5942939 -46.6197596;-23.5928068 -46.6199011;173;30;34
154;Thu Mar 14 23:39:47 2019;-23.5942830576835,-46.6197471042453;-23.5927969162167,-46.6198686148975;-23.5942939 -46.6197596;-23.5928068 -46.6199011;173;30;34
155;Thu Mar 14 23:40:48 2019;-23.5942830576835,-46.6197471042453;-23.5927969162167,-46.6198686148975;-23.5942939 -46.6197596;-23.5928068 -46.6199011;173;30;34
156;Thu Mar 14 23:41:48 2019;-23.5942830576835,-46.6197471042453;-23.5927969162167,-46.6198686148975;-23.5942939 -46.6197596;-23.5928068 -46.6199011;173;30;34
157;Thu Mar 14 23:42:48 2019;-23.5942830576835,-46.6197471042453;-23.5927969162167,-46.6198686148975;-23.5942939 -46.6197596;-23.5928068 -46.6199011;173;30;34
158;Thu Mar 14 23:43:47 2019;-23.5942830576835,-46.6197471042453;-23.5927969162167,-46.6198686148975;-23.5942939 -46.6197596;-23.5928068 -46.6199011;173;30;34
159;Thu Mar 14 23:44:48 2019;-23.5942830576835,-46.6197471042453;-23.5927969162167,-46.6198686148975;-23.5942939 -46.6197596;-23.5928068 -46.6199011;173;30;34
160;Thu Mar 14 23:45:47 2019;-23.5942830576835,-46.6197471042453;-23.5927969162167,-46.6198686148975;-23.5942939 -46.6197596;-23.5928068 -46.6199011;173;30;34
161;Thu Mar 14 23:46:49 2019;-23.5942830576835,-46.6197471042453;-23.5927969162167,-46.6198686148975;-23.5942939 -46.6197596;-23.5928068 -46.6199011;173;30;34
162;Thu Mar 14 23:47:48 2019;-23.5942830576835,-46.6197471042453;-23.5927969162167,-46.6198686148975;-23.5942939 -46.6197596;-23.5928068 -46.6199011;173;30;34
163;Thu Mar 14 23:48:48 2019;-23.5942830576835,-46.6197471042453;-23.5927969162167,-46.6198686148975;-23.5942939 -46.6197596;-23.5928068 -46.6199011;173;30;34
164;Thu Mar 14 23:49:47 2019;-23.5942830576835,-46.6197471042453;-23.5927969162167,-46.6198686148975;-23.5942939 -46.6197596;-23.5928068 -46.6199011;173;30;34
165;Thu Mar 14 23:50:48 2019;-23.5942830576835,-46.6197471042453;-23.5927969162167,-46.6198686148975;-23.5942939 -46.6197596;-23.5928068 -46.6199011;173;30;34
166;Thu Mar 14 23:51:48 2019;-23.5942830576835,-46.6197471042453;-23.5927969162167,-46.6198686148975;-23.5942939 -46.6197596;-23.5928068 -46.6199011;173;30;34
167;Thu Mar 14 23:52:48 2019;-23.5942830576835,-46.6197471042453;-23.5927969162167,-46.6198686148975;-23.5942939 -46.6197596;-23.5928068 -46.6199011;173;30;41
168;Thu Mar 14 23:53:48 2019;-23.5942830576835,-46.6197471042453;-23.5927969162167,-46.6198686148975;-23.5942939 -46.6197596;-23.5928068 -46.6199011;173;30;41
169;Thu Mar 14 23:54:47 2019;-23.5942830576835,-46.6197471042453;-23.5927969162167,-46.6198686148975;-23.5942939 -46.6197596;-23.5928068 -46.6199011;173;30;41
170;Thu Mar 14 23:55:48 2019;-23.5942830576835,-46.6197471042453;-23.5927969162167,-46.6198686148975;-23.5942939 -46.6197596;-23.5928068 -46.6199011;173;30;41
171;Thu Mar 14 23:56:48 2019;-23.5942830576835,-46.6197471042453;-23.5927969162167,-46.6198686148975;-23.5942939 -46.6197596;-23.5928068 -46.6199011;173;30;41
172;Thu Mar 14 23:57:47 2019;-23.5942830576835,-46.6197471042453;-23.5927969162167,-46.6198686148975;-23.5942939 -46.6197596;-23.5928068 -46.6199011;173;30;41
173;Thu Mar 14 23:58:48 2019;-23.5942830576835,-46.6197471042453;-23.5927969162167,-46.6198686148975;-23.5942939 -46.6197596;-23.5928068 -46.6199011;173;30;41
174;Thu Mar 14 23:59:48 2019;-23.5942830576835,-46.6197471042453;-23.5927969162167,-46.6198686148975;-23.5942939 -46.6197596;-23.5928068 -46.6199011;173;30;41
