38972;Thu Mar 14 00:00:32 2019;-23.6398248770259,-46.607308893331;-23.6370503433708,-46.6071614565125;-23.6398249 -46.6073089;-23.6370451 -46.6071616;386;79;60
39213;Thu Mar 14 04:01:33 2019;-23.6398248770259,-46.607308893331;-23.6370503433708,-46.6071614565125;-23.6398249 -46.6073089;-23.6370451 -46.6071616;386;79;47
39214;Thu Mar 14 04:02:33 2019;-23.6398248770259,-46.607308893331;-23.6370503433708,-46.6071614565125;-23.6398249 -46.6073089;-23.6370451 -46.6071616;386;79;47
39215;Thu Mar 14 04:03:33 2019;-23.6398248770259,-46.607308893331;-23.6370503433708,-46.6071614565125;-23.6398249 -46.6073089;-23.6370451 -46.6071616;386;79;47
39216;Thu Mar 14 04:04:33 2019;-23.6398248770259,-46.607308893331;-23.6370503433708,-46.6071614565125;-23.6398249 -46.6073089;-23.6370451 -46.6071616;386;79;47
39217;Thu Mar 14 04:05:33 2019;-23.6398248770259,-46.607308893331;-23.6370503433708,-46.6071614565125;-23.6398249 -46.6073089;-23.6370451 -46.6071616;386;79;47
39218;Thu Mar 14 04:06:33 2019;-23.6398248770259,-46.607308893331;-23.6370503433708,-46.6071614565125;-23.6398249 -46.6073089;-23.6370451 -46.6071616;386;79;47
39219;Thu Mar 14 04:07:33 2019;-23.6398248770259,-46.607308893331;-23.6370503433708,-46.6071614565125;-23.6398249 -46.6073089;-23.6370451 -46.6071616;386;79;51
39220;Thu Mar 14 04:08:33 2019;-23.6398248770259,-46.607308893331;-23.6370503433708,-46.6071614565125;-23.6398249 -46.6073089;-23.6370451 -46.6071616;386;79;51
39221;Thu Mar 14 04:09:33 2019;-23.6398248770259,-46.607308893331;-23.6370503433708,-46.6071614565125;-23.6398249 -46.6073089;-23.6370451 -46.6071616;386;79;51
1;Thu Mar 14 21:06:49 2019;-23.6398248770259,-46.607308893331;-23.6370503433708,-46.6071614565125;-23.6398249 -46.6073089;-23.6370451 -46.6071616;386;79;99
2;Thu Mar 14 21:07:46 2019;-23.6398248770259,-46.607308893331;-23.6370503433708,-46.6071614565125;-23.6398249 -46.6073089;-23.6370451 -46.6071616;386;79;97
3;Thu Mar 14 21:08:49 2019;-23.6398248770259,-46.607308893331;-23.6370503433708,-46.6071614565125;-23.6398249 -46.6073089;-23.6370451 -46.6071616;386;79;97
4;Thu Mar 14 21:09:46 2019;-23.6398248770259,-46.607308893331;-23.6370503433708,-46.6071614565125;-23.6398249 -46.6073089;-23.6370451 -46.6071616;386;79;97
5;Thu Mar 14 21:10:46 2019;-23.6398248770259,-46.607308893331;-23.6370503433708,-46.6071614565125;-23.6398249 -46.6073089;-23.6370451 -46.6071616;386;79;97
6;Thu Mar 14 21:11:45 2019;-23.6398248770259,-46.607308893331;-23.6370503433708,-46.6071614565125;-23.6398249 -46.6073089;-23.6370451 -46.6071616;386;79;97
7;Thu Mar 14 21:12:45 2019;-23.6398248770259,-46.607308893331;-23.6370503433708,-46.6071614565125;-23.6398249 -46.6073089;-23.6370451 -46.6071616;386;79;97
8;Thu Mar 14 21:13:46 2019;-23.6398248770259,-46.607308893331;-23.6370503433708,-46.6071614565125;-23.6398249 -46.6073089;-23.6370451 -46.6071616;386;79;97
9;Thu Mar 14 21:14:46 2019;-23.6398248770259,-46.607308893331;-23.6370503433708,-46.6071614565125;-23.6398249 -46.6073089;-23.6370451 -46.6071616;386;79;97
10;Thu Mar 14 21:15:46 2019;-23.6398248770259,-46.607308893331;-23.6370503433708,-46.6071614565125;-23.6398249 -46.6073089;-23.6370451 -46.6071616;386;79;97
11;Thu Mar 14 21:16:46 2019;-23.6398248770259,-46.607308893331;-23.6370503433708,-46.6071614565125;-23.6398249 -46.6073089;-23.6370451 -46.6071616;386;79;97
12;Thu Mar 14 21:17:46 2019;-23.6398248770259,-46.607308893331;-23.6370503433708,-46.6071614565125;-23.6398249 -46.6073089;-23.6370451 -46.6071616;386;79;97
13;Thu Mar 14 21:18:46 2019;-23.6398248770259,-46.607308893331;-23.6370503433708,-46.6071614565125;-23.6398249 -46.6073089;-23.6370451 -46.6071616;386;79;97
14;Thu Mar 14 21:19:46 2019;-23.6398248770259,-46.607308893331;-23.6370503433708,-46.6071614565125;-23.6398249 -46.6073089;-23.6370451 -46.6071616;386;79;97
15;Thu Mar 14 21:20:46 2019;-23.6398248770259,-46.607308893331;-23.6370503433708,-46.6071614565125;-23.6398249 -46.6073089;-23.6370451 -46.6071616;386;79;97
16;Thu Mar 14 21:21:47 2019;-23.6398248770259,-46.607308893331;-23.6370503433708,-46.6071614565125;-23.6398249 -46.6073089;-23.6370451 -46.6071616;386;79;93
17;Thu Mar 14 21:22:46 2019;-23.6398248770259,-46.607308893331;-23.6370503433708,-46.6071614565125;-23.6398249 -46.6073089;-23.6370451 -46.6071616;386;79;92
18;Thu Mar 14 21:23:46 2019;-23.6398248770259,-46.607308893331;-23.6370503433708,-46.6071614565125;-23.6398249 -46.6073089;-23.6370451 -46.6071616;386;79;92
19;Thu Mar 14 21:24:46 2019;-23.6398248770259,-46.607308893331;-23.6370503433708,-46.6071614565125;-23.6398249 -46.6073089;-23.6370451 -46.6071616;386;79;92
20;Thu Mar 14 21:25:45 2019;-23.6398248770259,-46.607308893331;-23.6370503433708,-46.6071614565125;-23.6398249 -46.6073089;-23.6370451 -46.6071616;386;79;92
21;Thu Mar 14 21:26:46 2019;-23.6398248770259,-46.607308893331;-23.6370503433708,-46.6071614565125;-23.6398249 -46.6073089;-23.6370451 -46.6071616;386;79;92
22;Thu Mar 14 21:27:46 2019;-23.6398248770259,-46.607308893331;-23.6370503433708,-46.6071614565125;-23.6398249 -46.6073089;-23.6370451 -46.6071616;386;79;92
23;Thu Mar 14 21:28:46 2019;-23.6398248770259,-46.607308893331;-23.6370503433708,-46.6071614565125;-23.6398249 -46.6073089;-23.6370451 -46.6071616;386;79;92
24;Thu Mar 14 21:29:46 2019;-23.6398248770259,-46.607308893331;-23.6370503433708,-46.6071614565125;-23.6398249 -46.6073089;-23.6370451 -46.6071616;386;79;92
25;Thu Mar 14 21:30:45 2019;-23.6398248770259,-46.607308893331;-23.6370503433708,-46.6071614565125;-23.6398249 -46.6073089;-23.6370451 -46.6071616;386;79;92
26;Thu Mar 14 21:31:46 2019;-23.6398248770259,-46.607308893331;-23.6370503433708,-46.6071614565125;-23.6398249 -46.6073089;-23.6370451 -46.6071616;386;79;92
27;Thu Mar 14 21:32:45 2019;-23.6398248770259,-46.607308893331;-23.6370503433708,-46.6071614565125;-23.6398249 -46.6073089;-23.6370451 -46.6071616;386;79;92
28;Thu Mar 14 21:33:46 2019;-23.6398248770259,-46.607308893331;-23.6370503433708,-46.6071614565125;-23.6398249 -46.6073089;-23.6370451 -46.6071616;386;79;92
29;Thu Mar 14 21:34:46 2019;-23.6398248770259,-46.607308893331;-23.6370503433708,-46.6071614565125;-23.6398249 -46.6073089;-23.6370451 -46.6071616;386;79;92
30;Thu Mar 14 21:35:45 2019;-23.6398248770259,-46.607308893331;-23.6370503433708,-46.6071614565125;-23.6398249 -46.6073089;-23.6370451 -46.6071616;386;79;92
31;Thu Mar 14 21:36:45 2019;-23.6398248770259,-46.607308893331;-23.6370503433708,-46.6071614565125;-23.6398249 -46.6073089;-23.6370451 -46.6071616;386;79;88
32;Thu Mar 14 21:37:45 2019;-23.6398248770259,-46.607308893331;-23.6370503433708,-46.6071614565125;-23.6398249 -46.6073089;-23.6370451 -46.6071616;386;79;86
33;Thu Mar 14 21:38:46 2019;-23.6398248770259,-46.607308893331;-23.6370503433708,-46.6071614565125;-23.6398249 -46.6073089;-23.6370451 -46.6071616;386;79;86
34;Thu Mar 14 21:39:45 2019;-23.6398248770259,-46.607308893331;-23.6370503433708,-46.6071614565125;-23.6398249 -46.6073089;-23.6370451 -46.6071616;386;79;86
35;Thu Mar 14 21:40:45 2019;-23.6398248770259,-46.607308893331;-23.6370503433708,-46.6071614565125;-23.6398249 -46.6073089;-23.6370451 -46.6071616;386;79;86
36;Thu Mar 14 21:41:45 2019;-23.6398248770259,-46.607308893331;-23.6370503433708,-46.6071614565125;-23.6398249 -46.6073089;-23.6370451 -46.6071616;386;79;86
37;Thu Mar 14 21:42:46 2019;-23.6398248770259,-46.607308893331;-23.6370503433708,-46.6071614565125;-23.6398249 -46.6073089;-23.6370451 -46.6071616;386;79;86
38;Thu Mar 14 21:43:45 2019;-23.6398248770259,-46.607308893331;-23.6370503433708,-46.6071614565125;-23.6398249 -46.6073089;-23.6370451 -46.6071616;386;79;86
39;Thu Mar 14 21:44:45 2019;-23.6398248770259,-46.607308893331;-23.6370503433708,-46.6071614565125;-23.6398249 -46.6073089;-23.6370451 -46.6071616;386;79;86
40;Thu Mar 14 21:45:45 2019;-23.6398248770259,-46.607308893331;-23.6370503433708,-46.6071614565125;-23.6398249 -46.6073089;-23.6370451 -46.6071616;386;79;86
41;Thu Mar 14 21:46:46 2019;-23.6398248770259,-46.607308893331;-23.6370503433708,-46.6071614565125;-23.6398249 -46.6073089;-23.6370451 -46.6071616;386;79;86
42;Thu Mar 14 21:47:45 2019;-23.6398248770259,-46.607308893331;-23.6370503433708,-46.6071614565125;-23.6398249 -46.6073089;-23.6370451 -46.6071616;386;79;86
43;Thu Mar 14 21:48:46 2019;-23.6398248770259,-46.607308893331;-23.6370503433708,-46.6071614565125;-23.6398249 -46.6073089;-23.6370451 -46.6071616;386;79;86
44;Thu Mar 14 21:49:46 2019;-23.6398248770259,-46.607308893331;-23.6370503433708,-46.6071614565125;-23.6398249 -46.6073089;-23.6370451 -46.6071616;386;79;86
45;Thu Mar 14 21:50:46 2019;-23.6398248770259,-46.607308893331;-23.6370503433708,-46.6071614565125;-23.6398249 -46.6073089;-23.6370451 -46.6071616;386;79;86
46;Thu Mar 14 21:51:45 2019;-23.6398248770259,-46.607308893331;-23.6370503433708,-46.6071614565125;-23.6398249 -46.6073089;-23.6370451 -46.6071616;386;79;85
47;Thu Mar 14 21:52:45 2019;-23.6398248770259,-46.607308893331;-23.6370503433708,-46.6071614565125;-23.6398249 -46.6073089;-23.6370451 -46.6071616;386;79;78
48;Thu Mar 14 21:53:45 2019;-23.6398248770259,-46.607308893331;-23.6370503433708,-46.6071614565125;-23.6398249 -46.6073089;-23.6370451 -46.6071616;386;79;78
49;Thu Mar 14 21:54:46 2019;-23.6398248770259,-46.607308893331;-23.6370503433708,-46.6071614565125;-23.6398249 -46.6073089;-23.6370451 -46.6071616;386;79;78
50;Thu Mar 14 21:55:45 2019;-23.6398248770259,-46.607308893331;-23.6370503433708,-46.6071614565125;-23.6398249 -46.6073089;-23.6370451 -46.6071616;386;79;78
51;Thu Mar 14 21:56:46 2019;-23.6398248770259,-46.607308893331;-23.6370503433708,-46.6071614565125;-23.6398249 -46.6073089;-23.6370451 -46.6071616;386;79;78
52;Thu Mar 14 21:57:45 2019;-23.6398248770259,-46.607308893331;-23.6370503433708,-46.6071614565125;-23.6398249 -46.6073089;-23.6370451 -46.6071616;386;79;78
53;Thu Mar 14 21:58:46 2019;-23.6398248770259,-46.607308893331;-23.6370503433708,-46.6071614565125;-23.6398249 -46.6073089;-23.6370451 -46.6071616;386;79;78
54;Thu Mar 14 21:59:45 2019;-23.6398248770259,-46.607308893331;-23.6370503433708,-46.6071614565125;-23.6398249 -46.6073089;-23.6370451 -46.6071616;386;79;78
55;Thu Mar 14 22:00:45 2019;-23.6398248770259,-46.607308893331;-23.6370503433708,-46.6071614565125;-23.6398249 -46.6073089;-23.6370451 -46.6071616;386;79;78
56;Thu Mar 14 22:01:45 2019;-23.6398248770259,-46.607308893331;-23.6370503433708,-46.6071614565125;-23.6398249 -46.6073089;-23.6370451 -46.6071616;386;79;78
57;Thu Mar 14 22:02:45 2019;-23.6398248770259,-46.607308893331;-23.6370503433708,-46.6071614565125;-23.6398249 -46.6073089;-23.6370451 -46.6071616;386;79;78
58;Thu Mar 14 22:03:46 2019;-23.6398248770259,-46.607308893331;-23.6370503433708,-46.6071614565125;-23.6398249 -46.6073089;-23.6370451 -46.6071616;386;79;78
59;Thu Mar 14 22:04:46 2019;-23.6398248770259,-46.607308893331;-23.6370503433708,-46.6071614565125;-23.6398249 -46.6073089;-23.6370451 -46.6071616;386;79;78
60;Thu Mar 14 22:05:46 2019;-23.6398248770259,-46.607308893331;-23.6370503433708,-46.6071614565125;-23.6398249 -46.6073089;-23.6370451 -46.6071616;386;79;78
61;Thu Mar 14 22:06:46 2019;-23.6398248770259,-46.607308893331;-23.6370503433708,-46.6071614565125;-23.6398249 -46.6073089;-23.6370451 -46.6071616;386;79;74
62;Thu Mar 14 22:07:46 2019;-23.6398248770259,-46.607308893331;-23.6370503433708,-46.6071614565125;-23.6398249 -46.6073089;-23.6370451 -46.6071616;386;79;83
63;Thu Mar 14 22:08:46 2019;-23.6398248770259,-46.607308893331;-23.6370503433708,-46.6071614565125;-23.6398249 -46.6073089;-23.6370451 -46.6071616;386;79;83
64;Thu Mar 14 22:09:45 2019;-23.6398248770259,-46.607308893331;-23.6370503433708,-46.6071614565125;-23.6398249 -46.6073089;-23.6370451 -46.6071616;386;79;83
65;Thu Mar 14 22:10:46 2019;-23.6398248770259,-46.607308893331;-23.6370503433708,-46.6071614565125;-23.6398249 -46.6073089;-23.6370451 -46.6071616;386;79;83
66;Thu Mar 14 22:11:46 2019;-23.6398248770259,-46.607308893331;-23.6370503433708,-46.6071614565125;-23.6398249 -46.6073089;-23.6370451 -46.6071616;386;79;83
67;Thu Mar 14 22:12:45 2019;-23.6398248770259,-46.607308893331;-23.6370503433708,-46.6071614565125;-23.6398249 -46.6073089;-23.6370451 -46.6071616;386;79;83
68;Thu Mar 14 22:13:45 2019;-23.6398248770259,-46.607308893331;-23.6370503433708,-46.6071614565125;-23.6398249 -46.6073089;-23.6370451 -46.6071616;386;79;83
69;Thu Mar 14 22:14:45 2019;-23.6398248770259,-46.607308893331;-23.6370503433708,-46.6071614565125;-23.6398249 -46.6073089;-23.6370451 -46.6071616;386;79;83
70;Thu Mar 14 22:15:46 2019;-23.6398248770259,-46.607308893331;-23.6370503433708,-46.6071614565125;-23.6398249 -46.6073089;-23.6370451 -46.6071616;386;79;83
71;Thu Mar 14 22:16:45 2019;-23.6398248770259,-46.607308893331;-23.6370503433708,-46.6071614565125;-23.6398249 -46.6073089;-23.6370451 -46.6071616;386;79;83
72;Thu Mar 14 22:17:46 2019;-23.6398248770259,-46.607308893331;-23.6370503433708,-46.6071614565125;-23.6398249 -46.6073089;-23.6370451 -46.6071616;386;79;83
73;Thu Mar 14 22:18:45 2019;-23.6398248770259,-46.607308893331;-23.6370503433708,-46.6071614565125;-23.6398249 -46.6073089;-23.6370451 -46.6071616;386;79;83
74;Thu Mar 14 22:19:46 2019;-23.6398248770259,-46.607308893331;-23.6370503433708,-46.6071614565125;-23.6398249 -46.6073089;-23.6370451 -46.6071616;386;79;83
75;Thu Mar 14 22:20:45 2019;-23.6398248770259,-46.607308893331;-23.6370503433708,-46.6071614565125;-23.6398249 -46.6073089;-23.6370451 -46.6071616;386;79;83
76;Thu Mar 14 22:21:46 2019;-23.6398248770259,-46.607308893331;-23.6370503433708,-46.6071614565125;-23.6398249 -46.6073089;-23.6370451 -46.6071616;386;79;85
77;Thu Mar 14 22:22:45 2019;-23.6398248770259,-46.607308893331;-23.6370503433708,-46.6071614565125;-23.6398249 -46.6073089;-23.6370451 -46.6071616;386;79;80
78;Thu Mar 14 22:23:46 2019;-23.6398248770259,-46.607308893331;-23.6370503433708,-46.6071614565125;-23.6398249 -46.6073089;-23.6370451 -46.6071616;386;79;80
79;Thu Mar 14 22:24:46 2019;-23.6398248770259,-46.607308893331;-23.6370503433708,-46.6071614565125;-23.6398249 -46.6073089;-23.6370451 -46.6071616;386;79;80
80;Thu Mar 14 22:25:46 2019;-23.6398248770259,-46.607308893331;-23.6370503433708,-46.6071614565125;-23.6398249 -46.6073089;-23.6370451 -46.6071616;386;79;80
81;Thu Mar 14 22:26:45 2019;-23.6398248770259,-46.607308893331;-23.6370503433708,-46.6071614565125;-23.6398249 -46.6073089;-23.6370451 -46.6071616;386;79;80
82;Thu Mar 14 22:27:46 2019;-23.6398248770259,-46.607308893331;-23.6370503433708,-46.6071614565125;-23.6398249 -46.6073089;-23.6370451 -46.6071616;386;79;80
83;Thu Mar 14 22:28:45 2019;-23.6398248770259,-46.607308893331;-23.6370503433708,-46.6071614565125;-23.6398249 -46.6073089;-23.6370451 -46.6071616;386;79;80
84;Thu Mar 14 22:29:46 2019;-23.6398248770259,-46.607308893331;-23.6370503433708,-46.6071614565125;-23.6398249 -46.6073089;-23.6370451 -46.6071616;386;79;80
85;Thu Mar 14 22:30:46 2019;-23.6398248770259,-46.607308893331;-23.6370503433708,-46.6071614565125;-23.6398249 -46.6073089;-23.6370451 -46.6071616;386;79;80
86;Thu Mar 14 22:31:45 2019;-23.6398248770259,-46.607308893331;-23.6370503433708,-46.6071614565125;-23.6398249 -46.6073089;-23.6370451 -46.6071616;386;79;80
87;Thu Mar 14 22:32:46 2019;-23.6398248770259,-46.607308893331;-23.6370503433708,-46.6071614565125;-23.6398249 -46.6073089;-23.6370451 -46.6071616;386;79;80
88;Thu Mar 14 22:33:46 2019;-23.6398248770259,-46.607308893331;-23.6370503433708,-46.6071614565125;-23.6398249 -46.6073089;-23.6370451 -46.6071616;386;79;80
89;Thu Mar 14 22:34:45 2019;-23.6398248770259,-46.607308893331;-23.6370503433708,-46.6071614565125;-23.6398249 -46.6073089;-23.6370451 -46.6071616;386;79;80
90;Thu Mar 14 22:35:46 2019;-23.6398248770259,-46.607308893331;-23.6370503433708,-46.6071614565125;-23.6398249 -46.6073089;-23.6370451 -46.6071616;386;79;80
91;Thu Mar 14 22:36:45 2019;-23.6398248770259,-46.607308893331;-23.6370503433708,-46.6071614565125;-23.6398249 -46.6073089;-23.6370451 -46.6071616;386;79;77
92;Thu Mar 14 22:37:45 2019;-23.6398248770259,-46.607308893331;-23.6370503433708,-46.6071614565125;-23.6398249 -46.6073089;-23.6370451 -46.6071616;386;79;71
93;Thu Mar 14 22:38:46 2019;-23.6398248770259,-46.607308893331;-23.6370503433708,-46.6071614565125;-23.6398249 -46.6073089;-23.6370451 -46.6071616;386;79;71
94;Thu Mar 14 22:39:46 2019;-23.6398248770259,-46.607308893331;-23.6370503433708,-46.6071614565125;-23.6398249 -46.6073089;-23.6370451 -46.6071616;386;79;71
95;Thu Mar 14 22:40:46 2019;-23.6398248770259,-46.607308893331;-23.6370503433708,-46.6071614565125;-23.6398249 -46.6073089;-23.6370451 -46.6071616;386;79;71
96;Thu Mar 14 22:41:45 2019;-23.6398248770259,-46.607308893331;-23.6370503433708,-46.6071614565125;-23.6398249 -46.6073089;-23.6370451 -46.6071616;386;79;71
97;Thu Mar 14 22:42:46 2019;-23.6398248770259,-46.607308893331;-23.6370503433708,-46.6071614565125;-23.6398249 -46.6073089;-23.6370451 -46.6071616;386;79;71
98;Thu Mar 14 22:43:46 2019;-23.6398248770259,-46.607308893331;-23.6370503433708,-46.6071614565125;-23.6398249 -46.6073089;-23.6370451 -46.6071616;386;79;71
99;Thu Mar 14 22:44:46 2019;-23.6398248770259,-46.607308893331;-23.6370503433708,-46.6071614565125;-23.6398249 -46.6073089;-23.6370451 -46.6071616;386;79;71
100;Thu Mar 14 22:45:46 2019;-23.6398248770259,-46.607308893331;-23.6370503433708,-46.6071614565125;-23.6398249 -46.6073089;-23.6370451 -46.6071616;386;79;71
101;Thu Mar 14 22:46:46 2019;-23.6398248770259,-46.607308893331;-23.6370503433708,-46.6071614565125;-23.6398249 -46.6073089;-23.6370451 -46.6071616;386;79;71
102;Thu Mar 14 22:47:46 2019;-23.6398248770259,-46.607308893331;-23.6370503433708,-46.6071614565125;-23.6398249 -46.6073089;-23.6370451 -46.6071616;386;79;71
103;Thu Mar 14 22:48:46 2019;-23.6398248770259,-46.607308893331;-23.6370503433708,-46.6071614565125;-23.6398249 -46.6073089;-23.6370451 -46.6071616;386;79;71
104;Thu Mar 14 22:49:46 2019;-23.6398248770259,-46.607308893331;-23.6370503433708,-46.6071614565125;-23.6398249 -46.6073089;-23.6370451 -46.6071616;386;79;71
105;Thu Mar 14 22:50:46 2019;-23.6398248770259,-46.607308893331;-23.6370503433708,-46.6071614565125;-23.6398249 -46.6073089;-23.6370451 -46.6071616;386;79;71
106;Thu Mar 14 22:51:46 2019;-23.6398248770259,-46.607308893331;-23.6370503433708,-46.6071614565125;-23.6398249 -46.6073089;-23.6370451 -46.6071616;386;79;72
107;Thu Mar 14 22:52:45 2019;-23.6398248770259,-46.607308893331;-23.6370503433708,-46.6071614565125;-23.6398249 -46.6073089;-23.6370451 -46.6071616;386;79;69
108;Thu Mar 14 22:53:46 2019;-23.6398248770259,-46.607308893331;-23.6370503433708,-46.6071614565125;-23.6398249 -46.6073089;-23.6370451 -46.6071616;386;79;69
109;Thu Mar 14 22:54:45 2019;-23.6398248770259,-46.607308893331;-23.6370503433708,-46.6071614565125;-23.6398249 -46.6073089;-23.6370451 -46.6071616;386;79;69
110;Thu Mar 14 22:55:46 2019;-23.6398248770259,-46.607308893331;-23.6370503433708,-46.6071614565125;-23.6398249 -46.6073089;-23.6370451 -46.6071616;386;79;69
111;Thu Mar 14 22:56:46 2019;-23.6398248770259,-46.607308893331;-23.6370503433708,-46.6071614565125;-23.6398249 -46.6073089;-23.6370451 -46.6071616;386;79;69
112;Thu Mar 14 22:57:45 2019;-23.6398248770259,-46.607308893331;-23.6370503433708,-46.6071614565125;-23.6398249 -46.6073089;-23.6370451 -46.6071616;386;79;69
113;Thu Mar 14 22:58:46 2019;-23.6398248770259,-46.607308893331;-23.6370503433708,-46.6071614565125;-23.6398249 -46.6073089;-23.6370451 -46.6071616;386;79;69
114;Thu Mar 14 22:59:46 2019;-23.6398248770259,-46.607308893331;-23.6370503433708,-46.6071614565125;-23.6398249 -46.6073089;-23.6370451 -46.6071616;386;79;69
115;Thu Mar 14 23:00:45 2019;-23.6398248770259,-46.607308893331;-23.6370503433708,-46.6071614565125;-23.6398249 -46.6073089;-23.6370451 -46.6071616;386;79;69
116;Thu Mar 14 23:01:45 2019;-23.6398248770259,-46.607308893331;-23.6370503433708,-46.6071614565125;-23.6398249 -46.6073089;-23.6370451 -46.6071616;386;79;69
117;Thu Mar 14 23:02:45 2019;-23.6398248770259,-46.607308893331;-23.6370503433708,-46.6071614565125;-23.6398249 -46.6073089;-23.6370451 -46.6071616;386;79;69
118;Thu Mar 14 23:03:46 2019;-23.6398248770259,-46.607308893331;-23.6370503433708,-46.6071614565125;-23.6398249 -46.6073089;-23.6370451 -46.6071616;386;79;69
119;Thu Mar 14 23:04:46 2019;-23.6398248770259,-46.607308893331;-23.6370503433708,-46.6071614565125;-23.6398249 -46.6073089;-23.6370451 -46.6071616;386;79;69
120;Thu Mar 14 23:05:45 2019;-23.6398248770259,-46.607308893331;-23.6370503433708,-46.6071614565125;-23.6398249 -46.6073089;-23.6370451 -46.6071616;386;79;69
121;Thu Mar 14 23:06:46 2019;-23.6398248770259,-46.607308893331;-23.6370503433708,-46.6071614565125;-23.6398249 -46.6073089;-23.6370451 -46.6071616;386;79;66
122;Thu Mar 14 23:07:45 2019;-23.6398248770259,-46.607308893331;-23.6370503433708,-46.6071614565125;-23.6398249 -46.6073089;-23.6370451 -46.6071616;386;79;60
123;Thu Mar 14 23:08:46 2019;-23.6398248770259,-46.607308893331;-23.6370503433708,-46.6071614565125;-23.6398249 -46.6073089;-23.6370451 -46.6071616;386;79;60
124;Thu Mar 14 23:09:46 2019;-23.6398248770259,-46.607308893331;-23.6370503433708,-46.6071614565125;-23.6398249 -46.6073089;-23.6370451 -46.6071616;386;79;60
125;Thu Mar 14 23:10:45 2019;-23.6398248770259,-46.607308893331;-23.6370503433708,-46.6071614565125;-23.6398249 -46.6073089;-23.6370451 -46.6071616;386;79;60
126;Thu Mar 14 23:11:46 2019;-23.6398248770259,-46.607308893331;-23.6370503433708,-46.6071614565125;-23.6398249 -46.6073089;-23.6370451 -46.6071616;386;79;60
127;Thu Mar 14 23:12:45 2019;-23.6398248770259,-46.607308893331;-23.6370503433708,-46.6071614565125;-23.6398249 -46.6073089;-23.6370451 -46.6071616;386;79;60
128;Thu Mar 14 23:13:45 2019;-23.6398248770259,-46.607308893331;-23.6370503433708,-46.6071614565125;-23.6398249 -46.6073089;-23.6370451 -46.6071616;386;79;60
129;Thu Mar 14 23:14:45 2019;-23.6398248770259,-46.607308893331;-23.6370503433708,-46.6071614565125;-23.6398249 -46.6073089;-23.6370451 -46.6071616;386;79;60
130;Thu Mar 14 23:15:45 2019;-23.6398248770259,-46.607308893331;-23.6370503433708,-46.6071614565125;-23.6398249 -46.6073089;-23.6370451 -46.6071616;386;79;60
131;Thu Mar 14 23:16:45 2019;-23.6398248770259,-46.607308893331;-23.6370503433708,-46.6071614565125;-23.6398249 -46.6073089;-23.6370451 -46.6071616;386;79;60
132;Thu Mar 14 23:17:46 2019;-23.6398248770259,-46.607308893331;-23.6370503433708,-46.6071614565125;-23.6398249 -46.6073089;-23.6370451 -46.6071616;386;79;60
133;Thu Mar 14 23:18:45 2019;-23.6398248770259,-46.607308893331;-23.6370503433708,-46.6071614565125;-23.6398249 -46.6073089;-23.6370451 -46.6071616;386;79;60
134;Thu Mar 14 23:19:45 2019;-23.6398248770259,-46.607308893331;-23.6370503433708,-46.6071614565125;-23.6398249 -46.6073089;-23.6370451 -46.6071616;386;79;60
135;Thu Mar 14 23:20:45 2019;-23.6398248770259,-46.607308893331;-23.6370503433708,-46.6071614565125;-23.6398249 -46.6073089;-23.6370451 -46.6071616;386;79;60
136;Thu Mar 14 23:21:46 2019;-23.6398248770259,-46.607308893331;-23.6370503433708,-46.6071614565125;-23.6398249 -46.6073089;-23.6370451 -46.6071616;386;79;65
137;Thu Mar 14 23:22:45 2019;-23.6398248770259,-46.607308893331;-23.6370503433708,-46.6071614565125;-23.6398249 -46.6073089;-23.6370451 -46.6071616;386;79;68
138;Thu Mar 14 23:23:45 2019;-23.6398248770259,-46.607308893331;-23.6370503433708,-46.6071614565125;-23.6398249 -46.6073089;-23.6370451 -46.6071616;386;79;68
139;Thu Mar 14 23:24:45 2019;-23.6398248770259,-46.607308893331;-23.6370503433708,-46.6071614565125;-23.6398249 -46.6073089;-23.6370451 -46.6071616;386;79;68
140;Thu Mar 14 23:25:45 2019;-23.6398248770259,-46.607308893331;-23.6370503433708,-46.6071614565125;-23.6398249 -46.6073089;-23.6370451 -46.6071616;386;79;68
141;Thu Mar 14 23:26:46 2019;-23.6398248770259,-46.607308893331;-23.6370503433708,-46.6071614565125;-23.6398249 -46.6073089;-23.6370451 -46.6071616;386;79;68
142;Thu Mar 14 23:27:45 2019;-23.6398248770259,-46.607308893331;-23.6370503433708,-46.6071614565125;-23.6398249 -46.6073089;-23.6370451 -46.6071616;386;79;68
143;Thu Mar 14 23:28:45 2019;-23.6398248770259,-46.607308893331;-23.6370503433708,-46.6071614565125;-23.6398249 -46.6073089;-23.6370451 -46.6071616;386;79;68
144;Thu Mar 14 23:29:45 2019;-23.6398248770259,-46.607308893331;-23.6370503433708,-46.6071614565125;-23.6398249 -46.6073089;-23.6370451 -46.6071616;386;79;68
145;Thu Mar 14 23:30:46 2019;-23.6398248770259,-46.607308893331;-23.6370503433708,-46.6071614565125;-23.6398249 -46.6073089;-23.6370451 -46.6071616;386;79;68
146;Thu Mar 14 23:31:45 2019;-23.6398248770259,-46.607308893331;-23.6370503433708,-46.6071614565125;-23.6398249 -46.6073089;-23.6370451 -46.6071616;386;79;68
147;Thu Mar 14 23:32:46 2019;-23.6398248770259,-46.607308893331;-23.6370503433708,-46.6071614565125;-23.6398249 -46.6073089;-23.6370451 -46.6071616;386;79;68
148;Thu Mar 14 23:33:46 2019;-23.6398248770259,-46.607308893331;-23.6370503433708,-46.6071614565125;-23.6398249 -46.6073089;-23.6370451 -46.6071616;386;79;68
149;Thu Mar 14 23:34:45 2019;-23.6398248770259,-46.607308893331;-23.6370503433708,-46.6071614565125;-23.6398249 -46.6073089;-23.6370451 -46.6071616;386;79;68
150;Thu Mar 14 23:35:45 2019;-23.6398248770259,-46.607308893331;-23.6370503433708,-46.6071614565125;-23.6398249 -46.6073089;-23.6370451 -46.6071616;386;79;68
151;Thu Mar 14 23:36:45 2019;-23.6398248770259,-46.607308893331;-23.6370503433708,-46.6071614565125;-23.6398249 -46.6073089;-23.6370451 -46.6071616;386;79;65
152;Thu Mar 14 23:37:45 2019;-23.6398248770259,-46.607308893331;-23.6370503433708,-46.6071614565125;-23.6398249 -46.6073089;-23.6370451 -46.6071616;386;79;65
153;Thu Mar 14 23:38:46 2019;-23.6398248770259,-46.607308893331;-23.6370503433708,-46.6071614565125;-23.6398249 -46.6073089;-23.6370451 -46.6071616;386;79;65
154;Thu Mar 14 23:39:45 2019;-23.6398248770259,-46.607308893331;-23.6370503433708,-46.6071614565125;-23.6398249 -46.6073089;-23.6370451 -46.6071616;386;79;65
155;Thu Mar 14 23:40:45 2019;-23.6398248770259,-46.607308893331;-23.6370503433708,-46.6071614565125;-23.6398249 -46.6073089;-23.6370451 -46.6071616;386;79;65
156;Thu Mar 14 23:41:46 2019;-23.6398248770259,-46.607308893331;-23.6370503433708,-46.6071614565125;-23.6398249 -46.6073089;-23.6370451 -46.6071616;386;79;65
157;Thu Mar 14 23:42:46 2019;-23.6398248770259,-46.607308893331;-23.6370503433708,-46.6071614565125;-23.6398249 -46.6073089;-23.6370451 -46.6071616;386;79;65
158;Thu Mar 14 23:43:45 2019;-23.6398248770259,-46.607308893331;-23.6370503433708,-46.6071614565125;-23.6398249 -46.6073089;-23.6370451 -46.6071616;386;79;65
159;Thu Mar 14 23:44:46 2019;-23.6398248770259,-46.607308893331;-23.6370503433708,-46.6071614565125;-23.6398249 -46.6073089;-23.6370451 -46.6071616;386;79;65
160;Thu Mar 14 23:45:45 2019;-23.6398248770259,-46.607308893331;-23.6370503433708,-46.6071614565125;-23.6398249 -46.6073089;-23.6370451 -46.6071616;386;79;65
161;Thu Mar 14 23:46:46 2019;-23.6398248770259,-46.607308893331;-23.6370503433708,-46.6071614565125;-23.6398249 -46.6073089;-23.6370451 -46.6071616;386;79;65
162;Thu Mar 14 23:47:46 2019;-23.6398248770259,-46.607308893331;-23.6370503433708,-46.6071614565125;-23.6398249 -46.6073089;-23.6370451 -46.6071616;386;79;65
163;Thu Mar 14 23:48:45 2019;-23.6398248770259,-46.607308893331;-23.6370503433708,-46.6071614565125;-23.6398249 -46.6073089;-23.6370451 -46.6071616;386;79;65
164;Thu Mar 14 23:49:45 2019;-23.6398248770259,-46.607308893331;-23.6370503433708,-46.6071614565125;-23.6398249 -46.6073089;-23.6370451 -46.6071616;386;79;65
165;Thu Mar 14 23:50:46 2019;-23.6398248770259,-46.607308893331;-23.6370503433708,-46.6071614565125;-23.6398249 -46.6073089;-23.6370451 -46.6071616;386;79;65
166;Thu Mar 14 23:51:46 2019;-23.6398248770259,-46.607308893331;-23.6370503433708,-46.6071614565125;-23.6398249 -46.6073089;-23.6370451 -46.6071616;386;79;63
167;Thu Mar 14 23:52:45 2019;-23.6398248770259,-46.607308893331;-23.6370503433708,-46.6071614565125;-23.6398249 -46.6073089;-23.6370451 -46.6071616;386;79;64
168;Thu Mar 14 23:53:46 2019;-23.6398248770259,-46.607308893331;-23.6370503433708,-46.6071614565125;-23.6398249 -46.6073089;-23.6370451 -46.6071616;386;79;64
169;Thu Mar 14 23:54:45 2019;-23.6398248770259,-46.607308893331;-23.6370503433708,-46.6071614565125;-23.6398249 -46.6073089;-23.6370451 -46.6071616;386;79;64
170;Thu Mar 14 23:55:46 2019;-23.6398248770259,-46.607308893331;-23.6370503433708,-46.6071614565125;-23.6398249 -46.6073089;-23.6370451 -46.6071616;386;79;64
171;Thu Mar 14 23:56:45 2019;-23.6398248770259,-46.607308893331;-23.6370503433708,-46.6071614565125;-23.6398249 -46.6073089;-23.6370451 -46.6071616;386;79;64
172;Thu Mar 14 23:57:45 2019;-23.6398248770259,-46.607308893331;-23.6370503433708,-46.6071614565125;-23.6398249 -46.6073089;-23.6370451 -46.6071616;386;79;64
173;Thu Mar 14 23:58:46 2019;-23.6398248770259,-46.607308893331;-23.6370503433708,-46.6071614565125;-23.6398249 -46.6073089;-23.6370451 -46.6071616;386;79;64
174;Thu Mar 14 23:59:46 2019;-23.6398248770259,-46.607308893331;-23.6370503433708,-46.6071614565125;-23.6398249 -46.6073089;-23.6370451 -46.6071616;386;79;64
