38972;Thu Mar 14 00:00:34 2019;-23.6121143257974,-46.6106921074617;-23.6102606030973,-46.6120476310923;-23.6121163 -46.6107074;-23.6102862 -46.6120838;251;28;28
39213;Thu Mar 14 04:01:34 2019;-23.6121143257974,-46.6106921074617;-23.6102606030973,-46.6120476310923;-23.6121163 -46.6107074;-23.6102862 -46.6120838;251;28;24
39214;Thu Mar 14 04:02:33 2019;-23.6121143257974,-46.6106921074617;-23.6102606030973,-46.6120476310923;-23.6121163 -46.6107074;-23.6102862 -46.6120838;251;28;24
39215;Thu Mar 14 04:03:34 2019;-23.6121143257974,-46.6106921074617;-23.6102606030973,-46.6120476310923;-23.6121163 -46.6107074;-23.6102862 -46.6120838;251;28;24
39216;Thu Mar 14 04:04:34 2019;-23.6121143257974,-46.6106921074617;-23.6102606030973,-46.6120476310923;-23.6121163 -46.6107074;-23.6102862 -46.6120838;251;28;24
39217;Thu Mar 14 04:05:34 2019;-23.6121143257974,-46.6106921074617;-23.6102606030973,-46.6120476310923;-23.6121163 -46.6107074;-23.6102862 -46.6120838;251;28;24
39218;Thu Mar 14 04:06:34 2019;-23.6121143257974,-46.6106921074617;-23.6102606030973,-46.6120476310923;-23.6121163 -46.6107074;-23.6102862 -46.6120838;251;28;24
39219;Thu Mar 14 04:07:34 2019;-23.6121143257974,-46.6106921074617;-23.6102606030973,-46.6120476310923;-23.6121163 -46.6107074;-23.6102862 -46.6120838;251;28;22
39220;Thu Mar 14 04:08:34 2019;-23.6121143257974,-46.6106921074617;-23.6102606030973,-46.6120476310923;-23.6121163 -46.6107074;-23.6102862 -46.6120838;251;28;22
39221;Thu Mar 14 04:09:34 2019;-23.6121143257974,-46.6106921074617;-23.6102606030973,-46.6120476310923;-23.6121163 -46.6107074;-23.6102862 -46.6120838;251;28;22
1;Thu Mar 14 21:06:53 2019;-23.6121143257974,-46.6106921074617;-23.6102606030973,-46.6120476310923;-23.6121163 -46.6107074;-23.6102862 -46.6120838;251;28;39
2;Thu Mar 14 21:07:47 2019;-23.6121143257974,-46.6106921074617;-23.6102606030973,-46.6120476310923;-23.6121163 -46.6107074;-23.6102862 -46.6120838;251;28;33
3;Thu Mar 14 21:08:50 2019;-23.6121143257974,-46.6106921074617;-23.6102606030973,-46.6120476310923;-23.6121163 -46.6107074;-23.6102862 -46.6120838;251;28;33
4;Thu Mar 14 21:09:47 2019;-23.6121143257974,-46.6106921074617;-23.6102606030973,-46.6120476310923;-23.6121163 -46.6107074;-23.6102862 -46.6120838;251;28;33
5;Thu Mar 14 21:10:47 2019;-23.6121143257974,-46.6106921074617;-23.6102606030973,-46.6120476310923;-23.6121163 -46.6107074;-23.6102862 -46.6120838;251;28;33
6;Thu Mar 14 21:11:47 2019;-23.6121143257974,-46.6106921074617;-23.6102606030973,-46.6120476310923;-23.6121163 -46.6107074;-23.6102862 -46.6120838;251;28;33
7;Thu Mar 14 21:12:46 2019;-23.6121143257974,-46.6106921074617;-23.6102606030973,-46.6120476310923;-23.6121163 -46.6107074;-23.6102862 -46.6120838;251;28;33
8;Thu Mar 14 21:13:47 2019;-23.6121143257974,-46.6106921074617;-23.6102606030973,-46.6120476310923;-23.6121163 -46.6107074;-23.6102862 -46.6120838;251;28;33
9;Thu Mar 14 21:14:47 2019;-23.6121143257974,-46.6106921074617;-23.6102606030973,-46.6120476310923;-23.6121163 -46.6107074;-23.6102862 -46.6120838;251;28;33
10;Thu Mar 14 21:15:47 2019;-23.6121143257974,-46.6106921074617;-23.6102606030973,-46.6120476310923;-23.6121163 -46.6107074;-23.6102862 -46.6120838;251;28;33
11;Thu Mar 14 21:16:47 2019;-23.6121143257974,-46.6106921074617;-23.6102606030973,-46.6120476310923;-23.6121163 -46.6107074;-23.6102862 -46.6120838;251;28;33
12;Thu Mar 14 21:17:47 2019;-23.6121143257974,-46.6106921074617;-23.6102606030973,-46.6120476310923;-23.6121163 -46.6107074;-23.6102862 -46.6120838;251;28;33
13;Thu Mar 14 21:18:47 2019;-23.6121143257974,-46.6106921074617;-23.6102606030973,-46.6120476310923;-23.6121163 -46.6107074;-23.6102862 -46.6120838;251;28;33
14;Thu Mar 14 21:19:47 2019;-23.6121143257974,-46.6106921074617;-23.6102606030973,-46.6120476310923;-23.6121163 -46.6107074;-23.6102862 -46.6120838;251;28;33
15;Thu Mar 14 21:20:47 2019;-23.6121143257974,-46.6106921074617;-23.6102606030973,-46.6120476310923;-23.6121163 -46.6107074;-23.6102862 -46.6120838;251;28;33
16;Thu Mar 14 21:21:49 2019;-23.6121143257974,-46.6106921074617;-23.6102606030973,-46.6120476310923;-23.6121163 -46.6107074;-23.6102862 -46.6120838;251;28;33
17;Thu Mar 14 21:22:47 2019;-23.6121143257974,-46.6106921074617;-23.6102606030973,-46.6120476310923;-23.6121163 -46.6107074;-23.6102862 -46.6120838;251;28;34
18;Thu Mar 14 21:23:47 2019;-23.6121143257974,-46.6106921074617;-23.6102606030973,-46.6120476310923;-23.6121163 -46.6107074;-23.6102862 -46.6120838;251;28;34
19;Thu Mar 14 21:24:47 2019;-23.6121143257974,-46.6106921074617;-23.6102606030973,-46.6120476310923;-23.6121163 -46.6107074;-23.6102862 -46.6120838;251;28;34
20;Thu Mar 14 21:25:47 2019;-23.6121143257974,-46.6106921074617;-23.6102606030973,-46.6120476310923;-23.6121163 -46.6107074;-23.6102862 -46.6120838;251;28;34
21;Thu Mar 14 21:26:48 2019;-23.6121143257974,-46.6106921074617;-23.6102606030973,-46.6120476310923;-23.6121163 -46.6107074;-23.6102862 -46.6120838;251;28;34
22;Thu Mar 14 21:27:47 2019;-23.6121143257974,-46.6106921074617;-23.6102606030973,-46.6120476310923;-23.6121163 -46.6107074;-23.6102862 -46.6120838;251;28;34
23;Thu Mar 14 21:28:47 2019;-23.6121143257974,-46.6106921074617;-23.6102606030973,-46.6120476310923;-23.6121163 -46.6107074;-23.6102862 -46.6120838;251;28;34
24;Thu Mar 14 21:29:47 2019;-23.6121143257974,-46.6106921074617;-23.6102606030973,-46.6120476310923;-23.6121163 -46.6107074;-23.6102862 -46.6120838;251;28;34
25;Thu Mar 14 21:30:47 2019;-23.6121143257974,-46.6106921074617;-23.6102606030973,-46.6120476310923;-23.6121163 -46.6107074;-23.6102862 -46.6120838;251;28;34
26;Thu Mar 14 21:31:47 2019;-23.6121143257974,-46.6106921074617;-23.6102606030973,-46.6120476310923;-23.6121163 -46.6107074;-23.6102862 -46.6120838;251;28;34
27;Thu Mar 14 21:32:47 2019;-23.6121143257974,-46.6106921074617;-23.6102606030973,-46.6120476310923;-23.6121163 -46.6107074;-23.6102862 -46.6120838;251;28;34
28;Thu Mar 14 21:33:47 2019;-23.6121143257974,-46.6106921074617;-23.6102606030973,-46.6120476310923;-23.6121163 -46.6107074;-23.6102862 -46.6120838;251;28;34
29;Thu Mar 14 21:34:47 2019;-23.6121143257974,-46.6106921074617;-23.6102606030973,-46.6120476310923;-23.6121163 -46.6107074;-23.6102862 -46.6120838;251;28;34
30;Thu Mar 14 21:35:47 2019;-23.6121143257974,-46.6106921074617;-23.6102606030973,-46.6120476310923;-23.6121163 -46.6107074;-23.6102862 -46.6120838;251;28;34
31;Thu Mar 14 21:36:47 2019;-23.6121143257974,-46.6106921074617;-23.6102606030973,-46.6120476310923;-23.6121163 -46.6107074;-23.6102862 -46.6120838;251;28;34
32;Thu Mar 14 21:37:46 2019;-23.6121143257974,-46.6106921074617;-23.6102606030973,-46.6120476310923;-23.6121163 -46.6107074;-23.6102862 -46.6120838;251;28;32
33;Thu Mar 14 21:38:47 2019;-23.6121143257974,-46.6106921074617;-23.6102606030973,-46.6120476310923;-23.6121163 -46.6107074;-23.6102862 -46.6120838;251;28;32
34;Thu Mar 14 21:39:47 2019;-23.6121143257974,-46.6106921074617;-23.6102606030973,-46.6120476310923;-23.6121163 -46.6107074;-23.6102862 -46.6120838;251;28;32
35;Thu Mar 14 21:40:47 2019;-23.6121143257974,-46.6106921074617;-23.6102606030973,-46.6120476310923;-23.6121163 -46.6107074;-23.6102862 -46.6120838;251;28;32
36;Thu Mar 14 21:41:47 2019;-23.6121143257974,-46.6106921074617;-23.6102606030973,-46.6120476310923;-23.6121163 -46.6107074;-23.6102862 -46.6120838;251;28;32
37;Thu Mar 14 21:42:47 2019;-23.6121143257974,-46.6106921074617;-23.6102606030973,-46.6120476310923;-23.6121163 -46.6107074;-23.6102862 -46.6120838;251;28;32
38;Thu Mar 14 21:43:46 2019;-23.6121143257974,-46.6106921074617;-23.6102606030973,-46.6120476310923;-23.6121163 -46.6107074;-23.6102862 -46.6120838;251;28;32
39;Thu Mar 14 21:44:47 2019;-23.6121143257974,-46.6106921074617;-23.6102606030973,-46.6120476310923;-23.6121163 -46.6107074;-23.6102862 -46.6120838;251;28;32
40;Thu Mar 14 21:45:47 2019;-23.6121143257974,-46.6106921074617;-23.6102606030973,-46.6120476310923;-23.6121163 -46.6107074;-23.6102862 -46.6120838;251;28;32
41;Thu Mar 14 21:46:47 2019;-23.6121143257974,-46.6106921074617;-23.6102606030973,-46.6120476310923;-23.6121163 -46.6107074;-23.6102862 -46.6120838;251;28;32
42;Thu Mar 14 21:47:47 2019;-23.6121143257974,-46.6106921074617;-23.6102606030973,-46.6120476310923;-23.6121163 -46.6107074;-23.6102862 -46.6120838;251;28;32
43;Thu Mar 14 21:48:47 2019;-23.6121143257974,-46.6106921074617;-23.6102606030973,-46.6120476310923;-23.6121163 -46.6107074;-23.6102862 -46.6120838;251;28;32
44;Thu Mar 14 21:49:47 2019;-23.6121143257974,-46.6106921074617;-23.6102606030973,-46.6120476310923;-23.6121163 -46.6107074;-23.6102862 -46.6120838;251;28;32
45;Thu Mar 14 21:50:47 2019;-23.6121143257974,-46.6106921074617;-23.6102606030973,-46.6120476310923;-23.6121163 -46.6107074;-23.6102862 -46.6120838;251;28;32
46;Thu Mar 14 21:51:46 2019;-23.6121143257974,-46.6106921074617;-23.6102606030973,-46.6120476310923;-23.6121163 -46.6107074;-23.6102862 -46.6120838;251;28;32
47;Thu Mar 14 21:52:47 2019;-23.6121143257974,-46.6106921074617;-23.6102606030973,-46.6120476310923;-23.6121163 -46.6107074;-23.6102862 -46.6120838;251;28;31
48;Thu Mar 14 21:53:47 2019;-23.6121143257974,-46.6106921074617;-23.6102606030973,-46.6120476310923;-23.6121163 -46.6107074;-23.6102862 -46.6120838;251;28;31
49;Thu Mar 14 21:54:47 2019;-23.6121143257974,-46.6106921074617;-23.6102606030973,-46.6120476310923;-23.6121163 -46.6107074;-23.6102862 -46.6120838;251;28;31
50;Thu Mar 14 21:55:47 2019;-23.6121143257974,-46.6106921074617;-23.6102606030973,-46.6120476310923;-23.6121163 -46.6107074;-23.6102862 -46.6120838;251;28;31
51;Thu Mar 14 21:56:47 2019;-23.6121143257974,-46.6106921074617;-23.6102606030973,-46.6120476310923;-23.6121163 -46.6107074;-23.6102862 -46.6120838;251;28;31
52;Thu Mar 14 21:57:46 2019;-23.6121143257974,-46.6106921074617;-23.6102606030973,-46.6120476310923;-23.6121163 -46.6107074;-23.6102862 -46.6120838;251;28;31
53;Thu Mar 14 21:58:47 2019;-23.6121143257974,-46.6106921074617;-23.6102606030973,-46.6120476310923;-23.6121163 -46.6107074;-23.6102862 -46.6120838;251;28;31
54;Thu Mar 14 21:59:47 2019;-23.6121143257974,-46.6106921074617;-23.6102606030973,-46.6120476310923;-23.6121163 -46.6107074;-23.6102862 -46.6120838;251;28;31
55;Thu Mar 14 22:00:47 2019;-23.6121143257974,-46.6106921074617;-23.6102606030973,-46.6120476310923;-23.6121163 -46.6107074;-23.6102862 -46.6120838;251;28;31
56;Thu Mar 14 22:01:47 2019;-23.6121143257974,-46.6106921074617;-23.6102606030973,-46.6120476310923;-23.6121163 -46.6107074;-23.6102862 -46.6120838;251;28;31
57;Thu Mar 14 22:02:46 2019;-23.6121143257974,-46.6106921074617;-23.6102606030973,-46.6120476310923;-23.6121163 -46.6107074;-23.6102862 -46.6120838;251;28;31
58;Thu Mar 14 22:03:47 2019;-23.6121143257974,-46.6106921074617;-23.6102606030973,-46.6120476310923;-23.6121163 -46.6107074;-23.6102862 -46.6120838;251;28;31
59;Thu Mar 14 22:04:47 2019;-23.6121143257974,-46.6106921074617;-23.6102606030973,-46.6120476310923;-23.6121163 -46.6107074;-23.6102862 -46.6120838;251;28;31
60;Thu Mar 14 22:05:47 2019;-23.6121143257974,-46.6106921074617;-23.6102606030973,-46.6120476310923;-23.6121163 -46.6107074;-23.6102862 -46.6120838;251;28;31
61;Thu Mar 14 22:06:48 2019;-23.6121143257974,-46.6106921074617;-23.6102606030973,-46.6120476310923;-23.6121163 -46.6107074;-23.6102862 -46.6120838;251;28;31
62;Thu Mar 14 22:07:47 2019;-23.6121143257974,-46.6106921074617;-23.6102606030973,-46.6120476310923;-23.6121163 -46.6107074;-23.6102862 -46.6120838;251;28;30
63;Thu Mar 14 22:08:48 2019;-23.6121143257974,-46.6106921074617;-23.6102606030973,-46.6120476310923;-23.6121163 -46.6107074;-23.6102862 -46.6120838;251;28;30
64;Thu Mar 14 22:09:47 2019;-23.6121143257974,-46.6106921074617;-23.6102606030973,-46.6120476310923;-23.6121163 -46.6107074;-23.6102862 -46.6120838;251;28;30
65;Thu Mar 14 22:10:47 2019;-23.6121143257974,-46.6106921074617;-23.6102606030973,-46.6120476310923;-23.6121163 -46.6107074;-23.6102862 -46.6120838;251;28;30
66;Thu Mar 14 22:11:47 2019;-23.6121143257974,-46.6106921074617;-23.6102606030973,-46.6120476310923;-23.6121163 -46.6107074;-23.6102862 -46.6120838;251;28;30
67;Thu Mar 14 22:12:46 2019;-23.6121143257974,-46.6106921074617;-23.6102606030973,-46.6120476310923;-23.6121163 -46.6107074;-23.6102862 -46.6120838;251;28;30
68;Thu Mar 14 22:13:47 2019;-23.6121143257974,-46.6106921074617;-23.6102606030973,-46.6120476310923;-23.6121163 -46.6107074;-23.6102862 -46.6120838;251;28;30
69;Thu Mar 14 22:14:46 2019;-23.6121143257974,-46.6106921074617;-23.6102606030973,-46.6120476310923;-23.6121163 -46.6107074;-23.6102862 -46.6120838;251;28;30
70;Thu Mar 14 22:15:47 2019;-23.6121143257974,-46.6106921074617;-23.6102606030973,-46.6120476310923;-23.6121163 -46.6107074;-23.6102862 -46.6120838;251;28;30
71;Thu Mar 14 22:16:47 2019;-23.6121143257974,-46.6106921074617;-23.6102606030973,-46.6120476310923;-23.6121163 -46.6107074;-23.6102862 -46.6120838;251;28;30
72;Thu Mar 14 22:17:47 2019;-23.6121143257974,-46.6106921074617;-23.6102606030973,-46.6120476310923;-23.6121163 -46.6107074;-23.6102862 -46.6120838;251;28;30
73;Thu Mar 14 22:18:47 2019;-23.6121143257974,-46.6106921074617;-23.6102606030973,-46.6120476310923;-23.6121163 -46.6107074;-23.6102862 -46.6120838;251;28;30
74;Thu Mar 14 22:19:47 2019;-23.6121143257974,-46.6106921074617;-23.6102606030973,-46.6120476310923;-23.6121163 -46.6107074;-23.6102862 -46.6120838;251;28;30
75;Thu Mar 14 22:20:47 2019;-23.6121143257974,-46.6106921074617;-23.6102606030973,-46.6120476310923;-23.6121163 -46.6107074;-23.6102862 -46.6120838;251;28;30
76;Thu Mar 14 22:21:47 2019;-23.6121143257974,-46.6106921074617;-23.6102606030973,-46.6120476310923;-23.6121163 -46.6107074;-23.6102862 -46.6120838;251;28;30
77;Thu Mar 14 22:22:47 2019;-23.6121143257974,-46.6106921074617;-23.6102606030973,-46.6120476310923;-23.6121163 -46.6107074;-23.6102862 -46.6120838;251;28;32
78;Thu Mar 14 22:23:47 2019;-23.6121143257974,-46.6106921074617;-23.6102606030973,-46.6120476310923;-23.6121163 -46.6107074;-23.6102862 -46.6120838;251;28;32
79;Thu Mar 14 22:24:47 2019;-23.6121143257974,-46.6106921074617;-23.6102606030973,-46.6120476310923;-23.6121163 -46.6107074;-23.6102862 -46.6120838;251;28;32
80;Thu Mar 14 22:25:47 2019;-23.6121143257974,-46.6106921074617;-23.6102606030973,-46.6120476310923;-23.6121163 -46.6107074;-23.6102862 -46.6120838;251;28;32
81;Thu Mar 14 22:26:47 2019;-23.6121143257974,-46.6106921074617;-23.6102606030973,-46.6120476310923;-23.6121163 -46.6107074;-23.6102862 -46.6120838;251;28;32
82;Thu Mar 14 22:27:47 2019;-23.6121143257974,-46.6106921074617;-23.6102606030973,-46.6120476310923;-23.6121163 -46.6107074;-23.6102862 -46.6120838;251;28;32
83;Thu Mar 14 22:28:47 2019;-23.6121143257974,-46.6106921074617;-23.6102606030973,-46.6120476310923;-23.6121163 -46.6107074;-23.6102862 -46.6120838;251;28;32
84;Thu Mar 14 22:29:47 2019;-23.6121143257974,-46.6106921074617;-23.6102606030973,-46.6120476310923;-23.6121163 -46.6107074;-23.6102862 -46.6120838;251;28;32
85;Thu Mar 14 22:30:47 2019;-23.6121143257974,-46.6106921074617;-23.6102606030973,-46.6120476310923;-23.6121163 -46.6107074;-23.6102862 -46.6120838;251;28;32
86;Thu Mar 14 22:31:46 2019;-23.6121143257974,-46.6106921074617;-23.6102606030973,-46.6120476310923;-23.6121163 -46.6107074;-23.6102862 -46.6120838;251;28;32
87;Thu Mar 14 22:32:47 2019;-23.6121143257974,-46.6106921074617;-23.6102606030973,-46.6120476310923;-23.6121163 -46.6107074;-23.6102862 -46.6120838;251;28;32
88;Thu Mar 14 22:33:47 2019;-23.6121143257974,-46.6106921074617;-23.6102606030973,-46.6120476310923;-23.6121163 -46.6107074;-23.6102862 -46.6120838;251;28;32
89;Thu Mar 14 22:34:46 2019;-23.6121143257974,-46.6106921074617;-23.6102606030973,-46.6120476310923;-23.6121163 -46.6107074;-23.6102862 -46.6120838;251;28;32
90;Thu Mar 14 22:35:47 2019;-23.6121143257974,-46.6106921074617;-23.6102606030973,-46.6120476310923;-23.6121163 -46.6107074;-23.6102862 -46.6120838;251;28;32
91;Thu Mar 14 22:36:47 2019;-23.6121143257974,-46.6106921074617;-23.6102606030973,-46.6120476310923;-23.6121163 -46.6107074;-23.6102862 -46.6120838;251;28;32
92;Thu Mar 14 22:37:47 2019;-23.6121143257974,-46.6106921074617;-23.6102606030973,-46.6120476310923;-23.6121163 -46.6107074;-23.6102862 -46.6120838;251;28;30
93;Thu Mar 14 22:38:48 2019;-23.6121143257974,-46.6106921074617;-23.6102606030973,-46.6120476310923;-23.6121163 -46.6107074;-23.6102862 -46.6120838;251;28;30
94;Thu Mar 14 22:39:47 2019;-23.6121143257974,-46.6106921074617;-23.6102606030973,-46.6120476310923;-23.6121163 -46.6107074;-23.6102862 -46.6120838;251;28;30
95;Thu Mar 14 22:40:47 2019;-23.6121143257974,-46.6106921074617;-23.6102606030973,-46.6120476310923;-23.6121163 -46.6107074;-23.6102862 -46.6120838;251;28;30
96;Thu Mar 14 22:41:46 2019;-23.6121143257974,-46.6106921074617;-23.6102606030973,-46.6120476310923;-23.6121163 -46.6107074;-23.6102862 -46.6120838;251;28;30
97;Thu Mar 14 22:42:47 2019;-23.6121143257974,-46.6106921074617;-23.6102606030973,-46.6120476310923;-23.6121163 -46.6107074;-23.6102862 -46.6120838;251;28;30
98;Thu Mar 14 22:43:47 2019;-23.6121143257974,-46.6106921074617;-23.6102606030973,-46.6120476310923;-23.6121163 -46.6107074;-23.6102862 -46.6120838;251;28;30
99;Thu Mar 14 22:44:47 2019;-23.6121143257974,-46.6106921074617;-23.6102606030973,-46.6120476310923;-23.6121163 -46.6107074;-23.6102862 -46.6120838;251;28;30
100;Thu Mar 14 22:45:47 2019;-23.6121143257974,-46.6106921074617;-23.6102606030973,-46.6120476310923;-23.6121163 -46.6107074;-23.6102862 -46.6120838;251;28;30
101;Thu Mar 14 22:46:48 2019;-23.6121143257974,-46.6106921074617;-23.6102606030973,-46.6120476310923;-23.6121163 -46.6107074;-23.6102862 -46.6120838;251;28;30
102;Thu Mar 14 22:47:47 2019;-23.6121143257974,-46.6106921074617;-23.6102606030973,-46.6120476310923;-23.6121163 -46.6107074;-23.6102862 -46.6120838;251;28;30
103;Thu Mar 14 22:48:47 2019;-23.6121143257974,-46.6106921074617;-23.6102606030973,-46.6120476310923;-23.6121163 -46.6107074;-23.6102862 -46.6120838;251;28;30
104;Thu Mar 14 22:49:47 2019;-23.6121143257974,-46.6106921074617;-23.6102606030973,-46.6120476310923;-23.6121163 -46.6107074;-23.6102862 -46.6120838;251;28;30
105;Thu Mar 14 22:50:47 2019;-23.6121143257974,-46.6106921074617;-23.6102606030973,-46.6120476310923;-23.6121163 -46.6107074;-23.6102862 -46.6120838;251;28;30
106;Thu Mar 14 22:51:47 2019;-23.6121143257974,-46.6106921074617;-23.6102606030973,-46.6120476310923;-23.6121163 -46.6107074;-23.6102862 -46.6120838;251;28;30
107;Thu Mar 14 22:52:46 2019;-23.6121143257974,-46.6106921074617;-23.6102606030973,-46.6120476310923;-23.6121163 -46.6107074;-23.6102862 -46.6120838;251;28;29
108;Thu Mar 14 22:53:47 2019;-23.6121143257974,-46.6106921074617;-23.6102606030973,-46.6120476310923;-23.6121163 -46.6107074;-23.6102862 -46.6120838;251;28;29
109;Thu Mar 14 22:54:47 2019;-23.6121143257974,-46.6106921074617;-23.6102606030973,-46.6120476310923;-23.6121163 -46.6107074;-23.6102862 -46.6120838;251;28;29
110;Thu Mar 14 22:55:47 2019;-23.6121143257974,-46.6106921074617;-23.6102606030973,-46.6120476310923;-23.6121163 -46.6107074;-23.6102862 -46.6120838;251;28;29
111;Thu Mar 14 22:56:48 2019;-23.6121143257974,-46.6106921074617;-23.6102606030973,-46.6120476310923;-23.6121163 -46.6107074;-23.6102862 -46.6120838;251;28;29
112;Thu Mar 14 22:57:47 2019;-23.6121143257974,-46.6106921074617;-23.6102606030973,-46.6120476310923;-23.6121163 -46.6107074;-23.6102862 -46.6120838;251;28;29
113;Thu Mar 14 22:58:47 2019;-23.6121143257974,-46.6106921074617;-23.6102606030973,-46.6120476310923;-23.6121163 -46.6107074;-23.6102862 -46.6120838;251;28;29
114;Thu Mar 14 22:59:47 2019;-23.6121143257974,-46.6106921074617;-23.6102606030973,-46.6120476310923;-23.6121163 -46.6107074;-23.6102862 -46.6120838;251;28;29
115;Thu Mar 14 23:00:47 2019;-23.6121143257974,-46.6106921074617;-23.6102606030973,-46.6120476310923;-23.6121163 -46.6107074;-23.6102862 -46.6120838;251;28;29
116;Thu Mar 14 23:01:46 2019;-23.6121143257974,-46.6106921074617;-23.6102606030973,-46.6120476310923;-23.6121163 -46.6107074;-23.6102862 -46.6120838;251;28;29
117;Thu Mar 14 23:02:46 2019;-23.6121143257974,-46.6106921074617;-23.6102606030973,-46.6120476310923;-23.6121163 -46.6107074;-23.6102862 -46.6120838;251;28;29
118;Thu Mar 14 23:03:47 2019;-23.6121143257974,-46.6106921074617;-23.6102606030973,-46.6120476310923;-23.6121163 -46.6107074;-23.6102862 -46.6120838;251;28;29
119;Thu Mar 14 23:04:47 2019;-23.6121143257974,-46.6106921074617;-23.6102606030973,-46.6120476310923;-23.6121163 -46.6107074;-23.6102862 -46.6120838;251;28;29
120;Thu Mar 14 23:05:47 2019;-23.6121143257974,-46.6106921074617;-23.6102606030973,-46.6120476310923;-23.6121163 -46.6107074;-23.6102862 -46.6120838;251;28;29
121;Thu Mar 14 23:06:47 2019;-23.6121143257974,-46.6106921074617;-23.6102606030973,-46.6120476310923;-23.6121163 -46.6107074;-23.6102862 -46.6120838;251;28;29
122;Thu Mar 14 23:07:47 2019;-23.6121143257974,-46.6106921074617;-23.6102606030973,-46.6120476310923;-23.6121163 -46.6107074;-23.6102862 -46.6120838;251;28;30
123;Thu Mar 14 23:08:47 2019;-23.6121143257974,-46.6106921074617;-23.6102606030973,-46.6120476310923;-23.6121163 -46.6107074;-23.6102862 -46.6120838;251;28;30
124;Thu Mar 14 23:09:47 2019;-23.6121143257974,-46.6106921074617;-23.6102606030973,-46.6120476310923;-23.6121163 -46.6107074;-23.6102862 -46.6120838;251;28;30
125;Thu Mar 14 23:10:46 2019;-23.6121143257974,-46.6106921074617;-23.6102606030973,-46.6120476310923;-23.6121163 -46.6107074;-23.6102862 -46.6120838;251;28;30
126;Thu Mar 14 23:11:47 2019;-23.6121143257974,-46.6106921074617;-23.6102606030973,-46.6120476310923;-23.6121163 -46.6107074;-23.6102862 -46.6120838;251;28;30
127;Thu Mar 14 23:12:47 2019;-23.6121143257974,-46.6106921074617;-23.6102606030973,-46.6120476310923;-23.6121163 -46.6107074;-23.6102862 -46.6120838;251;28;30
128;Thu Mar 14 23:13:46 2019;-23.6121143257974,-46.6106921074617;-23.6102606030973,-46.6120476310923;-23.6121163 -46.6107074;-23.6102862 -46.6120838;251;28;30
129;Thu Mar 14 23:14:47 2019;-23.6121143257974,-46.6106921074617;-23.6102606030973,-46.6120476310923;-23.6121163 -46.6107074;-23.6102862 -46.6120838;251;28;30
130;Thu Mar 14 23:15:47 2019;-23.6121143257974,-46.6106921074617;-23.6102606030973,-46.6120476310923;-23.6121163 -46.6107074;-23.6102862 -46.6120838;251;28;30
131;Thu Mar 14 23:16:47 2019;-23.6121143257974,-46.6106921074617;-23.6102606030973,-46.6120476310923;-23.6121163 -46.6107074;-23.6102862 -46.6120838;251;28;30
132;Thu Mar 14 23:17:47 2019;-23.6121143257974,-46.6106921074617;-23.6102606030973,-46.6120476310923;-23.6121163 -46.6107074;-23.6102862 -46.6120838;251;28;30
133;Thu Mar 14 23:18:46 2019;-23.6121143257974,-46.6106921074617;-23.6102606030973,-46.6120476310923;-23.6121163 -46.6107074;-23.6102862 -46.6120838;251;28;30
134;Thu Mar 14 23:19:46 2019;-23.6121143257974,-46.6106921074617;-23.6102606030973,-46.6120476310923;-23.6121163 -46.6107074;-23.6102862 -46.6120838;251;28;30
135;Thu Mar 14 23:20:46 2019;-23.6121143257974,-46.6106921074617;-23.6102606030973,-46.6120476310923;-23.6121163 -46.6107074;-23.6102862 -46.6120838;251;28;30
136;Thu Mar 14 23:21:47 2019;-23.6121143257974,-46.6106921074617;-23.6102606030973,-46.6120476310923;-23.6121163 -46.6107074;-23.6102862 -46.6120838;251;28;30
137;Thu Mar 14 23:22:47 2019;-23.6121143257974,-46.6106921074617;-23.6102606030973,-46.6120476310923;-23.6121163 -46.6107074;-23.6102862 -46.6120838;251;28;29
138;Thu Mar 14 23:23:47 2019;-23.6121143257974,-46.6106921074617;-23.6102606030973,-46.6120476310923;-23.6121163 -46.6107074;-23.6102862 -46.6120838;251;28;29
139;Thu Mar 14 23:24:47 2019;-23.6121143257974,-46.6106921074617;-23.6102606030973,-46.6120476310923;-23.6121163 -46.6107074;-23.6102862 -46.6120838;251;28;29
140;Thu Mar 14 23:25:46 2019;-23.6121143257974,-46.6106921074617;-23.6102606030973,-46.6120476310923;-23.6121163 -46.6107074;-23.6102862 -46.6120838;251;28;29
141;Thu Mar 14 23:26:48 2019;-23.6121143257974,-46.6106921074617;-23.6102606030973,-46.6120476310923;-23.6121163 -46.6107074;-23.6102862 -46.6120838;251;28;29
142;Thu Mar 14 23:27:47 2019;-23.6121143257974,-46.6106921074617;-23.6102606030973,-46.6120476310923;-23.6121163 -46.6107074;-23.6102862 -46.6120838;251;28;29
143;Thu Mar 14 23:28:47 2019;-23.6121143257974,-46.6106921074617;-23.6102606030973,-46.6120476310923;-23.6121163 -46.6107074;-23.6102862 -46.6120838;251;28;29
144;Thu Mar 14 23:29:47 2019;-23.6121143257974,-46.6106921074617;-23.6102606030973,-46.6120476310923;-23.6121163 -46.6107074;-23.6102862 -46.6120838;251;28;29
145;Thu Mar 14 23:30:47 2019;-23.6121143257974,-46.6106921074617;-23.6102606030973,-46.6120476310923;-23.6121163 -46.6107074;-23.6102862 -46.6120838;251;28;29
146;Thu Mar 14 23:31:47 2019;-23.6121143257974,-46.6106921074617;-23.6102606030973,-46.6120476310923;-23.6121163 -46.6107074;-23.6102862 -46.6120838;251;28;29
147;Thu Mar 14 23:32:47 2019;-23.6121143257974,-46.6106921074617;-23.6102606030973,-46.6120476310923;-23.6121163 -46.6107074;-23.6102862 -46.6120838;251;28;29
148;Thu Mar 14 23:33:47 2019;-23.6121143257974,-46.6106921074617;-23.6102606030973,-46.6120476310923;-23.6121163 -46.6107074;-23.6102862 -46.6120838;251;28;29
149;Thu Mar 14 23:34:47 2019;-23.6121143257974,-46.6106921074617;-23.6102606030973,-46.6120476310923;-23.6121163 -46.6107074;-23.6102862 -46.6120838;251;28;29
150;Thu Mar 14 23:35:47 2019;-23.6121143257974,-46.6106921074617;-23.6102606030973,-46.6120476310923;-23.6121163 -46.6107074;-23.6102862 -46.6120838;251;28;29
151;Thu Mar 14 23:36:47 2019;-23.6121143257974,-46.6106921074617;-23.6102606030973,-46.6120476310923;-23.6121163 -46.6107074;-23.6102862 -46.6120838;251;28;29
152;Thu Mar 14 23:37:47 2019;-23.6121143257974,-46.6106921074617;-23.6102606030973,-46.6120476310923;-23.6121163 -46.6107074;-23.6102862 -46.6120838;251;28;28
153;Thu Mar 14 23:38:47 2019;-23.6121143257974,-46.6106921074617;-23.6102606030973,-46.6120476310923;-23.6121163 -46.6107074;-23.6102862 -46.6120838;251;28;28
154;Thu Mar 14 23:39:47 2019;-23.6121143257974,-46.6106921074617;-23.6102606030973,-46.6120476310923;-23.6121163 -46.6107074;-23.6102862 -46.6120838;251;28;28
155;Thu Mar 14 23:40:47 2019;-23.6121143257974,-46.6106921074617;-23.6102606030973,-46.6120476310923;-23.6121163 -46.6107074;-23.6102862 -46.6120838;251;28;28
156;Thu Mar 14 23:41:47 2019;-23.6121143257974,-46.6106921074617;-23.6102606030973,-46.6120476310923;-23.6121163 -46.6107074;-23.6102862 -46.6120838;251;28;28
157;Thu Mar 14 23:42:47 2019;-23.6121143257974,-46.6106921074617;-23.6102606030973,-46.6120476310923;-23.6121163 -46.6107074;-23.6102862 -46.6120838;251;28;28
158;Thu Mar 14 23:43:46 2019;-23.6121143257974,-46.6106921074617;-23.6102606030973,-46.6120476310923;-23.6121163 -46.6107074;-23.6102862 -46.6120838;251;28;28
159;Thu Mar 14 23:44:47 2019;-23.6121143257974,-46.6106921074617;-23.6102606030973,-46.6120476310923;-23.6121163 -46.6107074;-23.6102862 -46.6120838;251;28;28
160;Thu Mar 14 23:45:46 2019;-23.6121143257974,-46.6106921074617;-23.6102606030973,-46.6120476310923;-23.6121163 -46.6107074;-23.6102862 -46.6120838;251;28;28
161;Thu Mar 14 23:46:48 2019;-23.6121143257974,-46.6106921074617;-23.6102606030973,-46.6120476310923;-23.6121163 -46.6107074;-23.6102862 -46.6120838;251;28;28
162;Thu Mar 14 23:47:47 2019;-23.6121143257974,-46.6106921074617;-23.6102606030973,-46.6120476310923;-23.6121163 -46.6107074;-23.6102862 -46.6120838;251;28;28
163;Thu Mar 14 23:48:47 2019;-23.6121143257974,-46.6106921074617;-23.6102606030973,-46.6120476310923;-23.6121163 -46.6107074;-23.6102862 -46.6120838;251;28;28
164;Thu Mar 14 23:49:47 2019;-23.6121143257974,-46.6106921074617;-23.6102606030973,-46.6120476310923;-23.6121163 -46.6107074;-23.6102862 -46.6120838;251;28;28
165;Thu Mar 14 23:50:47 2019;-23.6121143257974,-46.6106921074617;-23.6102606030973,-46.6120476310923;-23.6121163 -46.6107074;-23.6102862 -46.6120838;251;28;28
166;Thu Mar 14 23:51:47 2019;-23.6121143257974,-46.6106921074617;-23.6102606030973,-46.6120476310923;-23.6121163 -46.6107074;-23.6102862 -46.6120838;251;28;28
167;Thu Mar 14 23:52:47 2019;-23.6121143257974,-46.6106921074617;-23.6102606030973,-46.6120476310923;-23.6121163 -46.6107074;-23.6102862 -46.6120838;251;28;27
168;Thu Mar 14 23:53:47 2019;-23.6121143257974,-46.6106921074617;-23.6102606030973,-46.6120476310923;-23.6121163 -46.6107074;-23.6102862 -46.6120838;251;28;27
169;Thu Mar 14 23:54:46 2019;-23.6121143257974,-46.6106921074617;-23.6102606030973,-46.6120476310923;-23.6121163 -46.6107074;-23.6102862 -46.6120838;251;28;27
170;Thu Mar 14 23:55:47 2019;-23.6121143257974,-46.6106921074617;-23.6102606030973,-46.6120476310923;-23.6121163 -46.6107074;-23.6102862 -46.6120838;251;28;27
171;Thu Mar 14 23:56:47 2019;-23.6121143257974,-46.6106921074617;-23.6102606030973,-46.6120476310923;-23.6121163 -46.6107074;-23.6102862 -46.6120838;251;28;27
172;Thu Mar 14 23:57:47 2019;-23.6121143257974,-46.6106921074617;-23.6102606030973,-46.6120476310923;-23.6121163 -46.6107074;-23.6102862 -46.6120838;251;28;27
173;Thu Mar 14 23:58:47 2019;-23.6121143257974,-46.6106921074617;-23.6102606030973,-46.6120476310923;-23.6121163 -46.6107074;-23.6102862 -46.6120838;251;28;27
174;Thu Mar 14 23:59:47 2019;-23.6121143257974,-46.6106921074617;-23.6102606030973,-46.6120476310923;-23.6121163 -46.6107074;-23.6102862 -46.6120838;251;28;27
