38972;Thu Mar 14 00:00:35 2019;-23.5951072360281,-46.6237893177635;-23.5950202045737,-46.6268998697663;-23.5951123 -46.6238254;-23.5950455 -46.6269057;332;42;42
39213;Thu Mar 14 04:01:35 2019;-23.5951072360281,-46.6237893177635;-23.5950202045737,-46.6268998697663;-23.5951123 -46.6238254;-23.5950455 -46.6269057;332;42;31
39214;Thu Mar 14 04:02:34 2019;-23.5951072360281,-46.6237893177635;-23.5950202045737,-46.6268998697663;-23.5951123 -46.6238254;-23.5950455 -46.6269057;332;42;31
39215;Thu Mar 14 04:03:35 2019;-23.5951072360281,-46.6237893177635;-23.5950202045737,-46.6268998697663;-23.5951123 -46.6238254;-23.5950455 -46.6269057;332;42;31
39216;Thu Mar 14 04:04:35 2019;-23.5951072360281,-46.6237893177635;-23.5950202045737,-46.6268998697663;-23.5951123 -46.6238254;-23.5950455 -46.6269057;332;42;31
39217;Thu Mar 14 04:05:35 2019;-23.5951072360281,-46.6237893177635;-23.5950202045737,-46.6268998697663;-23.5951123 -46.6238254;-23.5950455 -46.6269057;332;42;31
39218;Thu Mar 14 04:06:35 2019;-23.5951072360281,-46.6237893177635;-23.5950202045737,-46.6268998697663;-23.5951123 -46.6238254;-23.5950455 -46.6269057;332;42;31
39219;Thu Mar 14 04:07:35 2019;-23.5951072360281,-46.6237893177635;-23.5950202045737,-46.6268998697663;-23.5951123 -46.6238254;-23.5950455 -46.6269057;332;42;31
39220;Thu Mar 14 04:08:35 2019;-23.5951072360281,-46.6237893177635;-23.5950202045737,-46.6268998697663;-23.5951123 -46.6238254;-23.5950455 -46.6269057;332;42;31
39221;Thu Mar 14 04:09:35 2019;-23.5951072360281,-46.6237893177635;-23.5950202045737,-46.6268998697663;-23.5951123 -46.6238254;-23.5950455 -46.6269057;332;42;31
1;Thu Mar 14 21:06:56 2019;-23.5951072360281,-46.6237893177635;-23.5950202045737,-46.6268998697663;-23.5951123 -46.6238254;-23.5950455 -46.6269057;332;42;66
2;Thu Mar 14 21:07:49 2019;-23.5951072360281,-46.6237893177635;-23.5950202045737,-46.6268998697663;-23.5951123 -46.6238254;-23.5950455 -46.6269057;332;42;65
3;Thu Mar 14 21:08:52 2019;-23.5951072360281,-46.6237893177635;-23.5950202045737,-46.6268998697663;-23.5951123 -46.6238254;-23.5950455 -46.6269057;332;42;65
4;Thu Mar 14 21:09:48 2019;-23.5951072360281,-46.6237893177635;-23.5950202045737,-46.6268998697663;-23.5951123 -46.6238254;-23.5950455 -46.6269057;332;42;65
5;Thu Mar 14 21:10:48 2019;-23.5951072360281,-46.6237893177635;-23.5950202045737,-46.6268998697663;-23.5951123 -46.6238254;-23.5950455 -46.6269057;332;42;65
6;Thu Mar 14 21:11:48 2019;-23.5951072360281,-46.6237893177635;-23.5950202045737,-46.6268998697663;-23.5951123 -46.6238254;-23.5950455 -46.6269057;332;42;65
7;Thu Mar 14 21:12:47 2019;-23.5951072360281,-46.6237893177635;-23.5950202045737,-46.6268998697663;-23.5951123 -46.6238254;-23.5950455 -46.6269057;332;42;65
8;Thu Mar 14 21:13:48 2019;-23.5951072360281,-46.6237893177635;-23.5950202045737,-46.6268998697663;-23.5951123 -46.6238254;-23.5950455 -46.6269057;332;42;65
9;Thu Mar 14 21:14:48 2019;-23.5951072360281,-46.6237893177635;-23.5950202045737,-46.6268998697663;-23.5951123 -46.6238254;-23.5950455 -46.6269057;332;42;65
10;Thu Mar 14 21:15:49 2019;-23.5951072360281,-46.6237893177635;-23.5950202045737,-46.6268998697663;-23.5951123 -46.6238254;-23.5950455 -46.6269057;332;42;65
11;Thu Mar 14 21:16:49 2019;-23.5951072360281,-46.6237893177635;-23.5950202045737,-46.6268998697663;-23.5951123 -46.6238254;-23.5950455 -46.6269057;332;42;65
12;Thu Mar 14 21:17:48 2019;-23.5951072360281,-46.6237893177635;-23.5950202045737,-46.6268998697663;-23.5951123 -46.6238254;-23.5950455 -46.6269057;332;42;65
13;Thu Mar 14 21:18:48 2019;-23.5951072360281,-46.6237893177635;-23.5950202045737,-46.6268998697663;-23.5951123 -46.6238254;-23.5950455 -46.6269057;332;42;65
14;Thu Mar 14 21:19:49 2019;-23.5951072360281,-46.6237893177635;-23.5950202045737,-46.6268998697663;-23.5951123 -46.6238254;-23.5950455 -46.6269057;332;42;65
15;Thu Mar 14 21:20:48 2019;-23.5951072360281,-46.6237893177635;-23.5950202045737,-46.6268998697663;-23.5951123 -46.6238254;-23.5950455 -46.6269057;332;42;65
16;Thu Mar 14 21:21:50 2019;-23.5951072360281,-46.6237893177635;-23.5950202045737,-46.6268998697663;-23.5951123 -46.6238254;-23.5950455 -46.6269057;332;42;66
17;Thu Mar 14 21:22:48 2019;-23.5951072360281,-46.6237893177635;-23.5950202045737,-46.6268998697663;-23.5951123 -46.6238254;-23.5950455 -46.6269057;332;42;67
18;Thu Mar 14 21:23:48 2019;-23.5951072360281,-46.6237893177635;-23.5950202045737,-46.6268998697663;-23.5951123 -46.6238254;-23.5950455 -46.6269057;332;42;67
19;Thu Mar 14 21:24:48 2019;-23.5951072360281,-46.6237893177635;-23.5950202045737,-46.6268998697663;-23.5951123 -46.6238254;-23.5950455 -46.6269057;332;42;67
20;Thu Mar 14 21:25:48 2019;-23.5951072360281,-46.6237893177635;-23.5950202045737,-46.6268998697663;-23.5951123 -46.6238254;-23.5950455 -46.6269057;332;42;67
21;Thu Mar 14 21:26:49 2019;-23.5951072360281,-46.6237893177635;-23.5950202045737,-46.6268998697663;-23.5951123 -46.6238254;-23.5950455 -46.6269057;332;42;67
22;Thu Mar 14 21:27:48 2019;-23.5951072360281,-46.6237893177635;-23.5950202045737,-46.6268998697663;-23.5951123 -46.6238254;-23.5950455 -46.6269057;332;42;67
23;Thu Mar 14 21:28:48 2019;-23.5951072360281,-46.6237893177635;-23.5950202045737,-46.6268998697663;-23.5951123 -46.6238254;-23.5950455 -46.6269057;332;42;67
24;Thu Mar 14 21:29:48 2019;-23.5951072360281,-46.6237893177635;-23.5950202045737,-46.6268998697663;-23.5951123 -46.6238254;-23.5950455 -46.6269057;332;42;67
25;Thu Mar 14 21:30:48 2019;-23.5951072360281,-46.6237893177635;-23.5950202045737,-46.6268998697663;-23.5951123 -46.6238254;-23.5950455 -46.6269057;332;42;67
26;Thu Mar 14 21:31:48 2019;-23.5951072360281,-46.6237893177635;-23.5950202045737,-46.6268998697663;-23.5951123 -46.6238254;-23.5950455 -46.6269057;332;42;67
27;Thu Mar 14 21:32:48 2019;-23.5951072360281,-46.6237893177635;-23.5950202045737,-46.6268998697663;-23.5951123 -46.6238254;-23.5950455 -46.6269057;332;42;67
28;Thu Mar 14 21:33:48 2019;-23.5951072360281,-46.6237893177635;-23.5950202045737,-46.6268998697663;-23.5951123 -46.6238254;-23.5950455 -46.6269057;332;42;67
29;Thu Mar 14 21:34:48 2019;-23.5951072360281,-46.6237893177635;-23.5950202045737,-46.6268998697663;-23.5951123 -46.6238254;-23.5950455 -46.6269057;332;42;67
30;Thu Mar 14 21:35:48 2019;-23.5951072360281,-46.6237893177635;-23.5950202045737,-46.6268998697663;-23.5951123 -46.6238254;-23.5950455 -46.6269057;332;42;67
31;Thu Mar 14 21:36:48 2019;-23.5951072360281,-46.6237893177635;-23.5950202045737,-46.6268998697663;-23.5951123 -46.6238254;-23.5950455 -46.6269057;332;42;64
32;Thu Mar 14 21:37:48 2019;-23.5951072360281,-46.6237893177635;-23.5950202045737,-46.6268998697663;-23.5951123 -46.6238254;-23.5950455 -46.6269057;332;42;59
33;Thu Mar 14 21:38:48 2019;-23.5951072360281,-46.6237893177635;-23.5950202045737,-46.6268998697663;-23.5951123 -46.6238254;-23.5950455 -46.6269057;332;42;59
34;Thu Mar 14 21:39:48 2019;-23.5951072360281,-46.6237893177635;-23.5950202045737,-46.6268998697663;-23.5951123 -46.6238254;-23.5950455 -46.6269057;332;42;59
35;Thu Mar 14 21:40:48 2019;-23.5951072360281,-46.6237893177635;-23.5950202045737,-46.6268998697663;-23.5951123 -46.6238254;-23.5950455 -46.6269057;332;42;59
36;Thu Mar 14 21:41:48 2019;-23.5951072360281,-46.6237893177635;-23.5950202045737,-46.6268998697663;-23.5951123 -46.6238254;-23.5950455 -46.6269057;332;42;59
37;Thu Mar 14 21:42:48 2019;-23.5951072360281,-46.6237893177635;-23.5950202045737,-46.6268998697663;-23.5951123 -46.6238254;-23.5950455 -46.6269057;332;42;59
38;Thu Mar 14 21:43:48 2019;-23.5951072360281,-46.6237893177635;-23.5950202045737,-46.6268998697663;-23.5951123 -46.6238254;-23.5950455 -46.6269057;332;42;59
39;Thu Mar 14 21:44:48 2019;-23.5951072360281,-46.6237893177635;-23.5950202045737,-46.6268998697663;-23.5951123 -46.6238254;-23.5950455 -46.6269057;332;42;59
40;Thu Mar 14 21:45:48 2019;-23.5951072360281,-46.6237893177635;-23.5950202045737,-46.6268998697663;-23.5951123 -46.6238254;-23.5950455 -46.6269057;332;42;59
41;Thu Mar 14 21:46:48 2019;-23.5951072360281,-46.6237893177635;-23.5950202045737,-46.6268998697663;-23.5951123 -46.6238254;-23.5950455 -46.6269057;332;42;59
42;Thu Mar 14 21:47:48 2019;-23.5951072360281,-46.6237893177635;-23.5950202045737,-46.6268998697663;-23.5951123 -46.6238254;-23.5950455 -46.6269057;332;42;59
43;Thu Mar 14 21:48:48 2019;-23.5951072360281,-46.6237893177635;-23.5950202045737,-46.6268998697663;-23.5951123 -46.6238254;-23.5950455 -46.6269057;332;42;59
44;Thu Mar 14 21:49:48 2019;-23.5951072360281,-46.6237893177635;-23.5950202045737,-46.6268998697663;-23.5951123 -46.6238254;-23.5950455 -46.6269057;332;42;59
45;Thu Mar 14 21:50:48 2019;-23.5951072360281,-46.6237893177635;-23.5950202045737,-46.6268998697663;-23.5951123 -46.6238254;-23.5950455 -46.6269057;332;42;59
46;Thu Mar 14 21:51:48 2019;-23.5951072360281,-46.6237893177635;-23.5950202045737,-46.6268998697663;-23.5951123 -46.6238254;-23.5950455 -46.6269057;332;42;58
47;Thu Mar 14 21:52:48 2019;-23.5951072360281,-46.6237893177635;-23.5950202045737,-46.6268998697663;-23.5951123 -46.6238254;-23.5950455 -46.6269057;332;42;55
48;Thu Mar 14 21:53:48 2019;-23.5951072360281,-46.6237893177635;-23.5950202045737,-46.6268998697663;-23.5951123 -46.6238254;-23.5950455 -46.6269057;332;42;55
49;Thu Mar 14 21:54:49 2019;-23.5951072360281,-46.6237893177635;-23.5950202045737,-46.6268998697663;-23.5951123 -46.6238254;-23.5950455 -46.6269057;332;42;55
50;Thu Mar 14 21:55:48 2019;-23.5951072360281,-46.6237893177635;-23.5950202045737,-46.6268998697663;-23.5951123 -46.6238254;-23.5950455 -46.6269057;332;42;55
51;Thu Mar 14 21:56:49 2019;-23.5951072360281,-46.6237893177635;-23.5950202045737,-46.6268998697663;-23.5951123 -46.6238254;-23.5950455 -46.6269057;332;42;55
52;Thu Mar 14 21:57:47 2019;-23.5951072360281,-46.6237893177635;-23.5950202045737,-46.6268998697663;-23.5951123 -46.6238254;-23.5950455 -46.6269057;332;42;55
53;Thu Mar 14 21:58:48 2019;-23.5951072360281,-46.6237893177635;-23.5950202045737,-46.6268998697663;-23.5951123 -46.6238254;-23.5950455 -46.6269057;332;42;55
54;Thu Mar 14 21:59:48 2019;-23.5951072360281,-46.6237893177635;-23.5950202045737,-46.6268998697663;-23.5951123 -46.6238254;-23.5950455 -46.6269057;332;42;55
55;Thu Mar 14 22:00:48 2019;-23.5951072360281,-46.6237893177635;-23.5950202045737,-46.6268998697663;-23.5951123 -46.6238254;-23.5950455 -46.6269057;332;42;55
56;Thu Mar 14 22:01:48 2019;-23.5951072360281,-46.6237893177635;-23.5950202045737,-46.6268998697663;-23.5951123 -46.6238254;-23.5950455 -46.6269057;332;42;55
57;Thu Mar 14 22:02:47 2019;-23.5951072360281,-46.6237893177635;-23.5950202045737,-46.6268998697663;-23.5951123 -46.6238254;-23.5950455 -46.6269057;332;42;55
58;Thu Mar 14 22:03:48 2019;-23.5951072360281,-46.6237893177635;-23.5950202045737,-46.6268998697663;-23.5951123 -46.6238254;-23.5950455 -46.6269057;332;42;55
59;Thu Mar 14 22:04:48 2019;-23.5951072360281,-46.6237893177635;-23.5950202045737,-46.6268998697663;-23.5951123 -46.6238254;-23.5950455 -46.6269057;332;42;55
60;Thu Mar 14 22:05:49 2019;-23.5951072360281,-46.6237893177635;-23.5950202045737,-46.6268998697663;-23.5951123 -46.6238254;-23.5950455 -46.6269057;332;42;55
61;Thu Mar 14 22:06:49 2019;-23.5951072360281,-46.6237893177635;-23.5950202045737,-46.6268998697663;-23.5951123 -46.6238254;-23.5950455 -46.6269057;332;42;55
62;Thu Mar 14 22:07:48 2019;-23.5951072360281,-46.6237893177635;-23.5950202045737,-46.6268998697663;-23.5951123 -46.6238254;-23.5950455 -46.6269057;332;42;56
63;Thu Mar 14 22:08:49 2019;-23.5951072360281,-46.6237893177635;-23.5950202045737,-46.6268998697663;-23.5951123 -46.6238254;-23.5950455 -46.6269057;332;42;56
64;Thu Mar 14 22:09:48 2019;-23.5951072360281,-46.6237893177635;-23.5950202045737,-46.6268998697663;-23.5951123 -46.6238254;-23.5950455 -46.6269057;332;42;56
65;Thu Mar 14 22:10:48 2019;-23.5951072360281,-46.6237893177635;-23.5950202045737,-46.6268998697663;-23.5951123 -46.6238254;-23.5950455 -46.6269057;332;42;56
66;Thu Mar 14 22:11:48 2019;-23.5951072360281,-46.6237893177635;-23.5950202045737,-46.6268998697663;-23.5951123 -46.6238254;-23.5950455 -46.6269057;332;42;56
67;Thu Mar 14 22:12:48 2019;-23.5951072360281,-46.6237893177635;-23.5950202045737,-46.6268998697663;-23.5951123 -46.6238254;-23.5950455 -46.6269057;332;42;56
68;Thu Mar 14 22:13:48 2019;-23.5951072360281,-46.6237893177635;-23.5950202045737,-46.6268998697663;-23.5951123 -46.6238254;-23.5950455 -46.6269057;332;42;56
69;Thu Mar 14 22:14:48 2019;-23.5951072360281,-46.6237893177635;-23.5950202045737,-46.6268998697663;-23.5951123 -46.6238254;-23.5950455 -46.6269057;332;42;56
70;Thu Mar 14 22:15:48 2019;-23.5951072360281,-46.6237893177635;-23.5950202045737,-46.6268998697663;-23.5951123 -46.6238254;-23.5950455 -46.6269057;332;42;56
71;Thu Mar 14 22:16:48 2019;-23.5951072360281,-46.6237893177635;-23.5950202045737,-46.6268998697663;-23.5951123 -46.6238254;-23.5950455 -46.6269057;332;42;56
72;Thu Mar 14 22:17:48 2019;-23.5951072360281,-46.6237893177635;-23.5950202045737,-46.6268998697663;-23.5951123 -46.6238254;-23.5950455 -46.6269057;332;42;56
73;Thu Mar 14 22:18:48 2019;-23.5951072360281,-46.6237893177635;-23.5950202045737,-46.6268998697663;-23.5951123 -46.6238254;-23.5950455 -46.6269057;332;42;56
74;Thu Mar 14 22:19:48 2019;-23.5951072360281,-46.6237893177635;-23.5950202045737,-46.6268998697663;-23.5951123 -46.6238254;-23.5950455 -46.6269057;332;42;56
75;Thu Mar 14 22:20:48 2019;-23.5951072360281,-46.6237893177635;-23.5950202045737,-46.6268998697663;-23.5951123 -46.6238254;-23.5950455 -46.6269057;332;42;56
76;Thu Mar 14 22:21:48 2019;-23.5951072360281,-46.6237893177635;-23.5950202045737,-46.6268998697663;-23.5951123 -46.6238254;-23.5950455 -46.6269057;332;42;54
77;Thu Mar 14 22:22:48 2019;-23.5951072360281,-46.6237893177635;-23.5950202045737,-46.6268998697663;-23.5951123 -46.6238254;-23.5950455 -46.6269057;332;42;51
78;Thu Mar 14 22:23:48 2019;-23.5951072360281,-46.6237893177635;-23.5950202045737,-46.6268998697663;-23.5951123 -46.6238254;-23.5950455 -46.6269057;332;42;51
79;Thu Mar 14 22:24:48 2019;-23.5951072360281,-46.6237893177635;-23.5950202045737,-46.6268998697663;-23.5951123 -46.6238254;-23.5950455 -46.6269057;332;42;51
80;Thu Mar 14 22:25:48 2019;-23.5951072360281,-46.6237893177635;-23.5950202045737,-46.6268998697663;-23.5951123 -46.6238254;-23.5950455 -46.6269057;332;42;51
81;Thu Mar 14 22:26:48 2019;-23.5951072360281,-46.6237893177635;-23.5950202045737,-46.6268998697663;-23.5951123 -46.6238254;-23.5950455 -46.6269057;332;42;51
82;Thu Mar 14 22:27:48 2019;-23.5951072360281,-46.6237893177635;-23.5950202045737,-46.6268998697663;-23.5951123 -46.6238254;-23.5950455 -46.6269057;332;42;51
83;Thu Mar 14 22:28:48 2019;-23.5951072360281,-46.6237893177635;-23.5950202045737,-46.6268998697663;-23.5951123 -46.6238254;-23.5950455 -46.6269057;332;42;51
84;Thu Mar 14 22:29:48 2019;-23.5951072360281,-46.6237893177635;-23.5950202045737,-46.6268998697663;-23.5951123 -46.6238254;-23.5950455 -46.6269057;332;42;51
85;Thu Mar 14 22:30:48 2019;-23.5951072360281,-46.6237893177635;-23.5950202045737,-46.6268998697663;-23.5951123 -46.6238254;-23.5950455 -46.6269057;332;42;51
86;Thu Mar 14 22:31:48 2019;-23.5951072360281,-46.6237893177635;-23.5950202045737,-46.6268998697663;-23.5951123 -46.6238254;-23.5950455 -46.6269057;332;42;51
87;Thu Mar 14 22:32:48 2019;-23.5951072360281,-46.6237893177635;-23.5950202045737,-46.6268998697663;-23.5951123 -46.6238254;-23.5950455 -46.6269057;332;42;51
88;Thu Mar 14 22:33:48 2019;-23.5951072360281,-46.6237893177635;-23.5950202045737,-46.6268998697663;-23.5951123 -46.6238254;-23.5950455 -46.6269057;332;42;51
89;Thu Mar 14 22:34:48 2019;-23.5951072360281,-46.6237893177635;-23.5950202045737,-46.6268998697663;-23.5951123 -46.6238254;-23.5950455 -46.6269057;332;42;51
90;Thu Mar 14 22:35:48 2019;-23.5951072360281,-46.6237893177635;-23.5950202045737,-46.6268998697663;-23.5951123 -46.6238254;-23.5950455 -46.6269057;332;42;51
91;Thu Mar 14 22:36:48 2019;-23.5951072360281,-46.6237893177635;-23.5950202045737,-46.6268998697663;-23.5951123 -46.6238254;-23.5950455 -46.6269057;332;42;52
92;Thu Mar 14 22:37:48 2019;-23.5951072360281,-46.6237893177635;-23.5950202045737,-46.6268998697663;-23.5951123 -46.6238254;-23.5950455 -46.6269057;332;42;56
93;Thu Mar 14 22:38:49 2019;-23.5951072360281,-46.6237893177635;-23.5950202045737,-46.6268998697663;-23.5951123 -46.6238254;-23.5950455 -46.6269057;332;42;56
94;Thu Mar 14 22:39:48 2019;-23.5951072360281,-46.6237893177635;-23.5950202045737,-46.6268998697663;-23.5951123 -46.6238254;-23.5950455 -46.6269057;332;42;56
95;Thu Mar 14 22:40:48 2019;-23.5951072360281,-46.6237893177635;-23.5950202045737,-46.6268998697663;-23.5951123 -46.6238254;-23.5950455 -46.6269057;332;42;56
96;Thu Mar 14 22:41:48 2019;-23.5951072360281,-46.6237893177635;-23.5950202045737,-46.6268998697663;-23.5951123 -46.6238254;-23.5950455 -46.6269057;332;42;56
97;Thu Mar 14 22:42:48 2019;-23.5951072360281,-46.6237893177635;-23.5950202045737,-46.6268998697663;-23.5951123 -46.6238254;-23.5950455 -46.6269057;332;42;56
98;Thu Mar 14 22:43:48 2019;-23.5951072360281,-46.6237893177635;-23.5950202045737,-46.6268998697663;-23.5951123 -46.6238254;-23.5950455 -46.6269057;332;42;56
99;Thu Mar 14 22:44:48 2019;-23.5951072360281,-46.6237893177635;-23.5950202045737,-46.6268998697663;-23.5951123 -46.6238254;-23.5950455 -46.6269057;332;42;56
100;Thu Mar 14 22:45:48 2019;-23.5951072360281,-46.6237893177635;-23.5950202045737,-46.6268998697663;-23.5951123 -46.6238254;-23.5950455 -46.6269057;332;42;56
101;Thu Mar 14 22:46:49 2019;-23.5951072360281,-46.6237893177635;-23.5950202045737,-46.6268998697663;-23.5951123 -46.6238254;-23.5950455 -46.6269057;332;42;56
102;Thu Mar 14 22:47:48 2019;-23.5951072360281,-46.6237893177635;-23.5950202045737,-46.6268998697663;-23.5951123 -46.6238254;-23.5950455 -46.6269057;332;42;56
103;Thu Mar 14 22:48:48 2019;-23.5951072360281,-46.6237893177635;-23.5950202045737,-46.6268998697663;-23.5951123 -46.6238254;-23.5950455 -46.6269057;332;42;56
104;Thu Mar 14 22:49:48 2019;-23.5951072360281,-46.6237893177635;-23.5950202045737,-46.6268998697663;-23.5951123 -46.6238254;-23.5950455 -46.6269057;332;42;56
105;Thu Mar 14 22:50:48 2019;-23.5951072360281,-46.6237893177635;-23.5950202045737,-46.6268998697663;-23.5951123 -46.6238254;-23.5950455 -46.6269057;332;42;56
106;Thu Mar 14 22:51:48 2019;-23.5951072360281,-46.6237893177635;-23.5950202045737,-46.6268998697663;-23.5951123 -46.6238254;-23.5950455 -46.6269057;332;42;54
107;Thu Mar 14 22:52:48 2019;-23.5951072360281,-46.6237893177635;-23.5950202045737,-46.6268998697663;-23.5951123 -46.6238254;-23.5950455 -46.6269057;332;42;52
108;Thu Mar 14 22:53:49 2019;-23.5951072360281,-46.6237893177635;-23.5950202045737,-46.6268998697663;-23.5951123 -46.6238254;-23.5950455 -46.6269057;332;42;52
109;Thu Mar 14 22:54:48 2019;-23.5951072360281,-46.6237893177635;-23.5950202045737,-46.6268998697663;-23.5951123 -46.6238254;-23.5950455 -46.6269057;332;42;52
110;Thu Mar 14 22:55:48 2019;-23.5951072360281,-46.6237893177635;-23.5950202045737,-46.6268998697663;-23.5951123 -46.6238254;-23.5950455 -46.6269057;332;42;52
111;Thu Mar 14 22:56:50 2019;-23.5951072360281,-46.6237893177635;-23.5950202045737,-46.6268998697663;-23.5951123 -46.6238254;-23.5950455 -46.6269057;332;42;52
112;Thu Mar 14 22:57:48 2019;-23.5951072360281,-46.6237893177635;-23.5950202045737,-46.6268998697663;-23.5951123 -46.6238254;-23.5950455 -46.6269057;332;42;52
113;Thu Mar 14 22:58:48 2019;-23.5951072360281,-46.6237893177635;-23.5950202045737,-46.6268998697663;-23.5951123 -46.6238254;-23.5950455 -46.6269057;332;42;52
114;Thu Mar 14 22:59:48 2019;-23.5951072360281,-46.6237893177635;-23.5950202045737,-46.6268998697663;-23.5951123 -46.6238254;-23.5950455 -46.6269057;332;42;52
115;Thu Mar 14 23:00:48 2019;-23.5951072360281,-46.6237893177635;-23.5950202045737,-46.6268998697663;-23.5951123 -46.6238254;-23.5950455 -46.6269057;332;42;52
116;Thu Mar 14 23:01:47 2019;-23.5951072360281,-46.6237893177635;-23.5950202045737,-46.6268998697663;-23.5951123 -46.6238254;-23.5950455 -46.6269057;332;42;52
117;Thu Mar 14 23:02:48 2019;-23.5951072360281,-46.6237893177635;-23.5950202045737,-46.6268998697663;-23.5951123 -46.6238254;-23.5950455 -46.6269057;332;42;52
118;Thu Mar 14 23:03:48 2019;-23.5951072360281,-46.6237893177635;-23.5950202045737,-46.6268998697663;-23.5951123 -46.6238254;-23.5950455 -46.6269057;332;42;52
119;Thu Mar 14 23:04:48 2019;-23.5951072360281,-46.6237893177635;-23.5950202045737,-46.6268998697663;-23.5951123 -46.6238254;-23.5950455 -46.6269057;332;42;52
120;Thu Mar 14 23:05:48 2019;-23.5951072360281,-46.6237893177635;-23.5950202045737,-46.6268998697663;-23.5951123 -46.6238254;-23.5950455 -46.6269057;332;42;52
121;Thu Mar 14 23:06:48 2019;-23.5951072360281,-46.6237893177635;-23.5950202045737,-46.6268998697663;-23.5951123 -46.6238254;-23.5950455 -46.6269057;332;42;52
122;Thu Mar 14 23:07:49 2019;-23.5951072360281,-46.6237893177635;-23.5950202045737,-46.6268998697663;-23.5951123 -46.6238254;-23.5950455 -46.6269057;332;42;55
123;Thu Mar 14 23:08:48 2019;-23.5951072360281,-46.6237893177635;-23.5950202045737,-46.6268998697663;-23.5951123 -46.6238254;-23.5950455 -46.6269057;332;42;55
124;Thu Mar 14 23:09:48 2019;-23.5951072360281,-46.6237893177635;-23.5950202045737,-46.6268998697663;-23.5951123 -46.6238254;-23.5950455 -46.6269057;332;42;55
125;Thu Mar 14 23:10:48 2019;-23.5951072360281,-46.6237893177635;-23.5950202045737,-46.6268998697663;-23.5951123 -46.6238254;-23.5950455 -46.6269057;332;42;55
126;Thu Mar 14 23:11:48 2019;-23.5951072360281,-46.6237893177635;-23.5950202045737,-46.6268998697663;-23.5951123 -46.6238254;-23.5950455 -46.6269057;332;42;55
127;Thu Mar 14 23:12:48 2019;-23.5951072360281,-46.6237893177635;-23.5950202045737,-46.6268998697663;-23.5951123 -46.6238254;-23.5950455 -46.6269057;332;42;55
128;Thu Mar 14 23:13:48 2019;-23.5951072360281,-46.6237893177635;-23.5950202045737,-46.6268998697663;-23.5951123 -46.6238254;-23.5950455 -46.6269057;332;42;55
129;Thu Mar 14 23:14:48 2019;-23.5951072360281,-46.6237893177635;-23.5950202045737,-46.6268998697663;-23.5951123 -46.6238254;-23.5950455 -46.6269057;332;42;55
130;Thu Mar 14 23:15:48 2019;-23.5951072360281,-46.6237893177635;-23.5950202045737,-46.6268998697663;-23.5951123 -46.6238254;-23.5950455 -46.6269057;332;42;55
131;Thu Mar 14 23:16:48 2019;-23.5951072360281,-46.6237893177635;-23.5950202045737,-46.6268998697663;-23.5951123 -46.6238254;-23.5950455 -46.6269057;332;42;55
132;Thu Mar 14 23:17:48 2019;-23.5951072360281,-46.6237893177635;-23.5950202045737,-46.6268998697663;-23.5951123 -46.6238254;-23.5950455 -46.6269057;332;42;55
133;Thu Mar 14 23:18:48 2019;-23.5951072360281,-46.6237893177635;-23.5950202045737,-46.6268998697663;-23.5951123 -46.6238254;-23.5950455 -46.6269057;332;42;55
134;Thu Mar 14 23:19:48 2019;-23.5951072360281,-46.6237893177635;-23.5950202045737,-46.6268998697663;-23.5951123 -46.6238254;-23.5950455 -46.6269057;332;42;55
135;Thu Mar 14 23:20:48 2019;-23.5951072360281,-46.6237893177635;-23.5950202045737,-46.6268998697663;-23.5951123 -46.6238254;-23.5950455 -46.6269057;332;42;55
136;Thu Mar 14 23:21:48 2019;-23.5951072360281,-46.6237893177635;-23.5950202045737,-46.6268998697663;-23.5951123 -46.6238254;-23.5950455 -46.6269057;332;42;52
137;Thu Mar 14 23:22:49 2019;-23.5951072360281,-46.6237893177635;-23.5950202045737,-46.6268998697663;-23.5951123 -46.6238254;-23.5950455 -46.6269057;332;42;48
138;Thu Mar 14 23:23:48 2019;-23.5951072360281,-46.6237893177635;-23.5950202045737,-46.6268998697663;-23.5951123 -46.6238254;-23.5950455 -46.6269057;332;42;48
139;Thu Mar 14 23:24:48 2019;-23.5951072360281,-46.6237893177635;-23.5950202045737,-46.6268998697663;-23.5951123 -46.6238254;-23.5950455 -46.6269057;332;42;48
140;Thu Mar 14 23:25:47 2019;-23.5951072360281,-46.6237893177635;-23.5950202045737,-46.6268998697663;-23.5951123 -46.6238254;-23.5950455 -46.6269057;332;42;48
141;Thu Mar 14 23:26:49 2019;-23.5951072360281,-46.6237893177635;-23.5950202045737,-46.6268998697663;-23.5951123 -46.6238254;-23.5950455 -46.6269057;332;42;48
142;Thu Mar 14 23:27:47 2019;-23.5951072360281,-46.6237893177635;-23.5950202045737,-46.6268998697663;-23.5951123 -46.6238254;-23.5950455 -46.6269057;332;42;48
143;Thu Mar 14 23:28:48 2019;-23.5951072360281,-46.6237893177635;-23.5950202045737,-46.6268998697663;-23.5951123 -46.6238254;-23.5950455 -46.6269057;332;42;48
144;Thu Mar 14 23:29:48 2019;-23.5951072360281,-46.6237893177635;-23.5950202045737,-46.6268998697663;-23.5951123 -46.6238254;-23.5950455 -46.6269057;332;42;48
145;Thu Mar 14 23:30:48 2019;-23.5951072360281,-46.6237893177635;-23.5950202045737,-46.6268998697663;-23.5951123 -46.6238254;-23.5950455 -46.6269057;332;42;48
146;Thu Mar 14 23:31:48 2019;-23.5951072360281,-46.6237893177635;-23.5950202045737,-46.6268998697663;-23.5951123 -46.6238254;-23.5950455 -46.6269057;332;42;48
147;Thu Mar 14 23:32:48 2019;-23.5951072360281,-46.6237893177635;-23.5950202045737,-46.6268998697663;-23.5951123 -46.6238254;-23.5950455 -46.6269057;332;42;48
148;Thu Mar 14 23:33:48 2019;-23.5951072360281,-46.6237893177635;-23.5950202045737,-46.6268998697663;-23.5951123 -46.6238254;-23.5950455 -46.6269057;332;42;48
149;Thu Mar 14 23:34:48 2019;-23.5951072360281,-46.6237893177635;-23.5950202045737,-46.6268998697663;-23.5951123 -46.6238254;-23.5950455 -46.6269057;332;42;48
150;Thu Mar 14 23:35:48 2019;-23.5951072360281,-46.6237893177635;-23.5950202045737,-46.6268998697663;-23.5951123 -46.6238254;-23.5950455 -46.6269057;332;42;48
151;Thu Mar 14 23:36:49 2019;-23.5951072360281,-46.6237893177635;-23.5950202045737,-46.6268998697663;-23.5951123 -46.6238254;-23.5950455 -46.6269057;332;42;48
152;Thu Mar 14 23:37:49 2019;-23.5951072360281,-46.6237893177635;-23.5950202045737,-46.6268998697663;-23.5951123 -46.6238254;-23.5950455 -46.6269057;332;42;50
153;Thu Mar 14 23:38:48 2019;-23.5951072360281,-46.6237893177635;-23.5950202045737,-46.6268998697663;-23.5951123 -46.6238254;-23.5950455 -46.6269057;332;42;50
154;Thu Mar 14 23:39:48 2019;-23.5951072360281,-46.6237893177635;-23.5950202045737,-46.6268998697663;-23.5951123 -46.6238254;-23.5950455 -46.6269057;332;42;50
155;Thu Mar 14 23:40:48 2019;-23.5951072360281,-46.6237893177635;-23.5950202045737,-46.6268998697663;-23.5951123 -46.6238254;-23.5950455 -46.6269057;332;42;50
156;Thu Mar 14 23:41:48 2019;-23.5951072360281,-46.6237893177635;-23.5950202045737,-46.6268998697663;-23.5951123 -46.6238254;-23.5950455 -46.6269057;332;42;50
157;Thu Mar 14 23:42:48 2019;-23.5951072360281,-46.6237893177635;-23.5950202045737,-46.6268998697663;-23.5951123 -46.6238254;-23.5950455 -46.6269057;332;42;50
158;Thu Mar 14 23:43:47 2019;-23.5951072360281,-46.6237893177635;-23.5950202045737,-46.6268998697663;-23.5951123 -46.6238254;-23.5950455 -46.6269057;332;42;50
159;Thu Mar 14 23:44:48 2019;-23.5951072360281,-46.6237893177635;-23.5950202045737,-46.6268998697663;-23.5951123 -46.6238254;-23.5950455 -46.6269057;332;42;50
160;Thu Mar 14 23:45:48 2019;-23.5951072360281,-46.6237893177635;-23.5950202045737,-46.6268998697663;-23.5951123 -46.6238254;-23.5950455 -46.6269057;332;42;50
161;Thu Mar 14 23:46:49 2019;-23.5951072360281,-46.6237893177635;-23.5950202045737,-46.6268998697663;-23.5951123 -46.6238254;-23.5950455 -46.6269057;332;42;50
162;Thu Mar 14 23:47:48 2019;-23.5951072360281,-46.6237893177635;-23.5950202045737,-46.6268998697663;-23.5951123 -46.6238254;-23.5950455 -46.6269057;332;42;50
163;Thu Mar 14 23:48:48 2019;-23.5951072360281,-46.6237893177635;-23.5950202045737,-46.6268998697663;-23.5951123 -46.6238254;-23.5950455 -46.6269057;332;42;50
164;Thu Mar 14 23:49:48 2019;-23.5951072360281,-46.6237893177635;-23.5950202045737,-46.6268998697663;-23.5951123 -46.6238254;-23.5950455 -46.6269057;332;42;50
165;Thu Mar 14 23:50:48 2019;-23.5951072360281,-46.6237893177635;-23.5950202045737,-46.6268998697663;-23.5951123 -46.6238254;-23.5950455 -46.6269057;332;42;50
166;Thu Mar 14 23:51:48 2019;-23.5951072360281,-46.6237893177635;-23.5950202045737,-46.6268998697663;-23.5951123 -46.6238254;-23.5950455 -46.6269057;332;42;49
167;Thu Mar 14 23:52:49 2019;-23.5951072360281,-46.6237893177635;-23.5950202045737,-46.6268998697663;-23.5951123 -46.6238254;-23.5950455 -46.6269057;332;42;46
168;Thu Mar 14 23:53:48 2019;-23.5951072360281,-46.6237893177635;-23.5950202045737,-46.6268998697663;-23.5951123 -46.6238254;-23.5950455 -46.6269057;332;42;46
169;Thu Mar 14 23:54:48 2019;-23.5951072360281,-46.6237893177635;-23.5950202045737,-46.6268998697663;-23.5951123 -46.6238254;-23.5950455 -46.6269057;332;42;46
170;Thu Mar 14 23:55:48 2019;-23.5951072360281,-46.6237893177635;-23.5950202045737,-46.6268998697663;-23.5951123 -46.6238254;-23.5950455 -46.6269057;332;42;46
171;Thu Mar 14 23:56:48 2019;-23.5951072360281,-46.6237893177635;-23.5950202045737,-46.6268998697663;-23.5951123 -46.6238254;-23.5950455 -46.6269057;332;42;46
172;Thu Mar 14 23:57:48 2019;-23.5951072360281,-46.6237893177635;-23.5950202045737,-46.6268998697663;-23.5951123 -46.6238254;-23.5950455 -46.6269057;332;42;46
173;Thu Mar 14 23:58:48 2019;-23.5951072360281,-46.6237893177635;-23.5950202045737,-46.6268998697663;-23.5951123 -46.6238254;-23.5950455 -46.6269057;332;42;46
174;Thu Mar 14 23:59:48 2019;-23.5951072360281,-46.6237893177635;-23.5950202045737,-46.6268998697663;-23.5951123 -46.6238254;-23.5950455 -46.6269057;332;42;46
