38972;Thu Mar 14 00:00:35 2019;-23.5927969162167,-46.6198686148975;-23.592821821463,-46.6213078936006;-23.5928068 -46.6199011;-23.5927983 -46.6213146;167;70;77
39213;Thu Mar 14 04:01:34 2019;-23.5927969162167,-46.6198686148975;-23.592821821463,-46.6213078936006;-23.5928068 -46.6199011;-23.5927983 -46.6213146;167;70;59
39214;Thu Mar 14 04:02:34 2019;-23.5927969162167,-46.6198686148975;-23.592821821463,-46.6213078936006;-23.5928068 -46.6199011;-23.5927983 -46.6213146;167;70;59
39215;Thu Mar 14 04:03:35 2019;-23.5927969162167,-46.6198686148975;-23.592821821463,-46.6213078936006;-23.5928068 -46.6199011;-23.5927983 -46.6213146;167;70;59
39216;Thu Mar 14 04:04:34 2019;-23.5927969162167,-46.6198686148975;-23.592821821463,-46.6213078936006;-23.5928068 -46.6199011;-23.5927983 -46.6213146;167;70;59
39217;Thu Mar 14 04:05:35 2019;-23.5927969162167,-46.6198686148975;-23.592821821463,-46.6213078936006;-23.5928068 -46.6199011;-23.5927983 -46.6213146;167;70;59
39218;Thu Mar 14 04:06:35 2019;-23.5927969162167,-46.6198686148975;-23.592821821463,-46.6213078936006;-23.5928068 -46.6199011;-23.5927983 -46.6213146;167;70;59
39219;Thu Mar 14 04:07:35 2019;-23.5927969162167,-46.6198686148975;-23.592821821463,-46.6213078936006;-23.5928068 -46.6199011;-23.5927983 -46.6213146;167;70;54
39220;Thu Mar 14 04:08:35 2019;-23.5927969162167,-46.6198686148975;-23.592821821463,-46.6213078936006;-23.5928068 -46.6199011;-23.5927983 -46.6213146;167;70;54
39221;Thu Mar 14 04:09:34 2019;-23.5927969162167,-46.6198686148975;-23.592821821463,-46.6213078936006;-23.5928068 -46.6199011;-23.5927983 -46.6213146;167;70;54
1;Thu Mar 14 21:06:56 2019;-23.5927969162167,-46.6198686148975;-23.592821821463,-46.6213078936006;-23.5928068 -46.6199011;-23.5927983 -46.6213146;167;70;106
2;Thu Mar 14 21:07:48 2019;-23.5927969162167,-46.6198686148975;-23.592821821463,-46.6213078936006;-23.5928068 -46.6199011;-23.5927983 -46.6213146;167;70;106
3;Thu Mar 14 21:08:52 2019;-23.5927969162167,-46.6198686148975;-23.592821821463,-46.6213078936006;-23.5928068 -46.6199011;-23.5927983 -46.6213146;167;70;106
4;Thu Mar 14 21:09:48 2019;-23.5927969162167,-46.6198686148975;-23.592821821463,-46.6213078936006;-23.5928068 -46.6199011;-23.5927983 -46.6213146;167;70;106
5;Thu Mar 14 21:10:48 2019;-23.5927969162167,-46.6198686148975;-23.592821821463,-46.6213078936006;-23.5928068 -46.6199011;-23.5927983 -46.6213146;167;70;106
6;Thu Mar 14 21:11:48 2019;-23.5927969162167,-46.6198686148975;-23.592821821463,-46.6213078936006;-23.5928068 -46.6199011;-23.5927983 -46.6213146;167;70;106
7;Thu Mar 14 21:12:47 2019;-23.5927969162167,-46.6198686148975;-23.592821821463,-46.6213078936006;-23.5928068 -46.6199011;-23.5927983 -46.6213146;167;70;106
8;Thu Mar 14 21:13:48 2019;-23.5927969162167,-46.6198686148975;-23.592821821463,-46.6213078936006;-23.5928068 -46.6199011;-23.5927983 -46.6213146;167;70;106
9;Thu Mar 14 21:14:48 2019;-23.5927969162167,-46.6198686148975;-23.592821821463,-46.6213078936006;-23.5928068 -46.6199011;-23.5927983 -46.6213146;167;70;106
10;Thu Mar 14 21:15:49 2019;-23.5927969162167,-46.6198686148975;-23.592821821463,-46.6213078936006;-23.5928068 -46.6199011;-23.5927983 -46.6213146;167;70;106
11;Thu Mar 14 21:16:49 2019;-23.5927969162167,-46.6198686148975;-23.592821821463,-46.6213078936006;-23.5928068 -46.6199011;-23.5927983 -46.6213146;167;70;106
12;Thu Mar 14 21:17:48 2019;-23.5927969162167,-46.6198686148975;-23.592821821463,-46.6213078936006;-23.5928068 -46.6199011;-23.5927983 -46.6213146;167;70;106
13;Thu Mar 14 21:18:48 2019;-23.5927969162167,-46.6198686148975;-23.592821821463,-46.6213078936006;-23.5928068 -46.6199011;-23.5927983 -46.6213146;167;70;106
14;Thu Mar 14 21:19:49 2019;-23.5927969162167,-46.6198686148975;-23.592821821463,-46.6213078936006;-23.5928068 -46.6199011;-23.5927983 -46.6213146;167;70;106
15;Thu Mar 14 21:20:48 2019;-23.5927969162167,-46.6198686148975;-23.592821821463,-46.6213078936006;-23.5928068 -46.6199011;-23.5927983 -46.6213146;167;70;106
16;Thu Mar 14 21:21:50 2019;-23.5927969162167,-46.6198686148975;-23.592821821463,-46.6213078936006;-23.5928068 -46.6199011;-23.5927983 -46.6213146;167;70;102
17;Thu Mar 14 21:22:48 2019;-23.5927969162167,-46.6198686148975;-23.592821821463,-46.6213078936006;-23.5928068 -46.6199011;-23.5927983 -46.6213146;167;70;101
18;Thu Mar 14 21:23:48 2019;-23.5927969162167,-46.6198686148975;-23.592821821463,-46.6213078936006;-23.5928068 -46.6199011;-23.5927983 -46.6213146;167;70;101
19;Thu Mar 14 21:24:48 2019;-23.5927969162167,-46.6198686148975;-23.592821821463,-46.6213078936006;-23.5928068 -46.6199011;-23.5927983 -46.6213146;167;70;101
20;Thu Mar 14 21:25:48 2019;-23.5927969162167,-46.6198686148975;-23.592821821463,-46.6213078936006;-23.5928068 -46.6199011;-23.5927983 -46.6213146;167;70;101
21;Thu Mar 14 21:26:49 2019;-23.5927969162167,-46.6198686148975;-23.592821821463,-46.6213078936006;-23.5928068 -46.6199011;-23.5927983 -46.6213146;167;70;101
22;Thu Mar 14 21:27:47 2019;-23.5927969162167,-46.6198686148975;-23.592821821463,-46.6213078936006;-23.5928068 -46.6199011;-23.5927983 -46.6213146;167;70;101
23;Thu Mar 14 21:28:48 2019;-23.5927969162167,-46.6198686148975;-23.592821821463,-46.6213078936006;-23.5928068 -46.6199011;-23.5927983 -46.6213146;167;70;101
24;Thu Mar 14 21:29:48 2019;-23.5927969162167,-46.6198686148975;-23.592821821463,-46.6213078936006;-23.5928068 -46.6199011;-23.5927983 -46.6213146;167;70;101
25;Thu Mar 14 21:30:48 2019;-23.5927969162167,-46.6198686148975;-23.592821821463,-46.6213078936006;-23.5928068 -46.6199011;-23.5927983 -46.6213146;167;70;101
26;Thu Mar 14 21:31:48 2019;-23.5927969162167,-46.6198686148975;-23.592821821463,-46.6213078936006;-23.5928068 -46.6199011;-23.5927983 -46.6213146;167;70;101
27;Thu Mar 14 21:32:47 2019;-23.5927969162167,-46.6198686148975;-23.592821821463,-46.6213078936006;-23.5928068 -46.6199011;-23.5927983 -46.6213146;167;70;101
28;Thu Mar 14 21:33:48 2019;-23.5927969162167,-46.6198686148975;-23.592821821463,-46.6213078936006;-23.5928068 -46.6199011;-23.5927983 -46.6213146;167;70;101
29;Thu Mar 14 21:34:48 2019;-23.5927969162167,-46.6198686148975;-23.592821821463,-46.6213078936006;-23.5928068 -46.6199011;-23.5927983 -46.6213146;167;70;101
30;Thu Mar 14 21:35:48 2019;-23.5927969162167,-46.6198686148975;-23.592821821463,-46.6213078936006;-23.5928068 -46.6199011;-23.5927983 -46.6213146;167;70;101
31;Thu Mar 14 21:36:48 2019;-23.5927969162167,-46.6198686148975;-23.592821821463,-46.6213078936006;-23.5928068 -46.6199011;-23.5927983 -46.6213146;167;70;98
32;Thu Mar 14 21:37:48 2019;-23.5927969162167,-46.6198686148975;-23.592821821463,-46.6213078936006;-23.5928068 -46.6199011;-23.5927983 -46.6213146;167;70;94
33;Thu Mar 14 21:38:48 2019;-23.5927969162167,-46.6198686148975;-23.592821821463,-46.6213078936006;-23.5928068 -46.6199011;-23.5927983 -46.6213146;167;70;94
34;Thu Mar 14 21:39:48 2019;-23.5927969162167,-46.6198686148975;-23.592821821463,-46.6213078936006;-23.5928068 -46.6199011;-23.5927983 -46.6213146;167;70;94
35;Thu Mar 14 21:40:48 2019;-23.5927969162167,-46.6198686148975;-23.592821821463,-46.6213078936006;-23.5928068 -46.6199011;-23.5927983 -46.6213146;167;70;94
36;Thu Mar 14 21:41:47 2019;-23.5927969162167,-46.6198686148975;-23.592821821463,-46.6213078936006;-23.5928068 -46.6199011;-23.5927983 -46.6213146;167;70;94
37;Thu Mar 14 21:42:48 2019;-23.5927969162167,-46.6198686148975;-23.592821821463,-46.6213078936006;-23.5928068 -46.6199011;-23.5927983 -46.6213146;167;70;94
38;Thu Mar 14 21:43:47 2019;-23.5927969162167,-46.6198686148975;-23.592821821463,-46.6213078936006;-23.5928068 -46.6199011;-23.5927983 -46.6213146;167;70;94
39;Thu Mar 14 21:44:48 2019;-23.5927969162167,-46.6198686148975;-23.592821821463,-46.6213078936006;-23.5928068 -46.6199011;-23.5927983 -46.6213146;167;70;94
40;Thu Mar 14 21:45:48 2019;-23.5927969162167,-46.6198686148975;-23.592821821463,-46.6213078936006;-23.5928068 -46.6199011;-23.5927983 -46.6213146;167;70;94
41;Thu Mar 14 21:46:48 2019;-23.5927969162167,-46.6198686148975;-23.592821821463,-46.6213078936006;-23.5928068 -46.6199011;-23.5927983 -46.6213146;167;70;94
42;Thu Mar 14 21:47:48 2019;-23.5927969162167,-46.6198686148975;-23.592821821463,-46.6213078936006;-23.5928068 -46.6199011;-23.5927983 -46.6213146;167;70;94
43;Thu Mar 14 21:48:48 2019;-23.5927969162167,-46.6198686148975;-23.592821821463,-46.6213078936006;-23.5928068 -46.6199011;-23.5927983 -46.6213146;167;70;94
44;Thu Mar 14 21:49:48 2019;-23.5927969162167,-46.6198686148975;-23.592821821463,-46.6213078936006;-23.5928068 -46.6199011;-23.5927983 -46.6213146;167;70;94
45;Thu Mar 14 21:50:48 2019;-23.5927969162167,-46.6198686148975;-23.592821821463,-46.6213078936006;-23.5928068 -46.6199011;-23.5927983 -46.6213146;167;70;94
46;Thu Mar 14 21:51:48 2019;-23.5927969162167,-46.6198686148975;-23.592821821463,-46.6213078936006;-23.5928068 -46.6199011;-23.5927983 -46.6213146;167;70;89
47;Thu Mar 14 21:52:48 2019;-23.5927969162167,-46.6198686148975;-23.592821821463,-46.6213078936006;-23.5928068 -46.6199011;-23.5927983 -46.6213146;167;70;82
48;Thu Mar 14 21:53:48 2019;-23.5927969162167,-46.6198686148975;-23.592821821463,-46.6213078936006;-23.5928068 -46.6199011;-23.5927983 -46.6213146;167;70;82
49;Thu Mar 14 21:54:49 2019;-23.5927969162167,-46.6198686148975;-23.592821821463,-46.6213078936006;-23.5928068 -46.6199011;-23.5927983 -46.6213146;167;70;82
50;Thu Mar 14 21:55:48 2019;-23.5927969162167,-46.6198686148975;-23.592821821463,-46.6213078936006;-23.5928068 -46.6199011;-23.5927983 -46.6213146;167;70;82
51;Thu Mar 14 21:56:49 2019;-23.5927969162167,-46.6198686148975;-23.592821821463,-46.6213078936006;-23.5928068 -46.6199011;-23.5927983 -46.6213146;167;70;82
52;Thu Mar 14 21:57:47 2019;-23.5927969162167,-46.6198686148975;-23.592821821463,-46.6213078936006;-23.5928068 -46.6199011;-23.5927983 -46.6213146;167;70;82
53;Thu Mar 14 21:58:48 2019;-23.5927969162167,-46.6198686148975;-23.592821821463,-46.6213078936006;-23.5928068 -46.6199011;-23.5927983 -46.6213146;167;70;82
54;Thu Mar 14 21:59:48 2019;-23.5927969162167,-46.6198686148975;-23.592821821463,-46.6213078936006;-23.5928068 -46.6199011;-23.5927983 -46.6213146;167;70;82
55;Thu Mar 14 22:00:48 2019;-23.5927969162167,-46.6198686148975;-23.592821821463,-46.6213078936006;-23.5928068 -46.6199011;-23.5927983 -46.6213146;167;70;82
56;Thu Mar 14 22:01:48 2019;-23.5927969162167,-46.6198686148975;-23.592821821463,-46.6213078936006;-23.5928068 -46.6199011;-23.5927983 -46.6213146;167;70;82
57;Thu Mar 14 22:02:47 2019;-23.5927969162167,-46.6198686148975;-23.592821821463,-46.6213078936006;-23.5928068 -46.6199011;-23.5927983 -46.6213146;167;70;82
58;Thu Mar 14 22:03:48 2019;-23.5927969162167,-46.6198686148975;-23.592821821463,-46.6213078936006;-23.5928068 -46.6199011;-23.5927983 -46.6213146;167;70;82
59;Thu Mar 14 22:04:48 2019;-23.5927969162167,-46.6198686148975;-23.592821821463,-46.6213078936006;-23.5928068 -46.6199011;-23.5927983 -46.6213146;167;70;82
60;Thu Mar 14 22:05:48 2019;-23.5927969162167,-46.6198686148975;-23.592821821463,-46.6213078936006;-23.5928068 -46.6199011;-23.5927983 -46.6213146;167;70;82
61;Thu Mar 14 22:06:49 2019;-23.5927969162167,-46.6198686148975;-23.592821821463,-46.6213078936006;-23.5928068 -46.6199011;-23.5927983 -46.6213146;167;70;86
62;Thu Mar 14 22:07:48 2019;-23.5927969162167,-46.6198686148975;-23.592821821463,-46.6213078936006;-23.5928068 -46.6199011;-23.5927983 -46.6213146;167;70;90
63;Thu Mar 14 22:08:49 2019;-23.5927969162167,-46.6198686148975;-23.592821821463,-46.6213078936006;-23.5928068 -46.6199011;-23.5927983 -46.6213146;167;70;90
64;Thu Mar 14 22:09:48 2019;-23.5927969162167,-46.6198686148975;-23.592821821463,-46.6213078936006;-23.5928068 -46.6199011;-23.5927983 -46.6213146;167;70;90
65;Thu Mar 14 22:10:48 2019;-23.5927969162167,-46.6198686148975;-23.592821821463,-46.6213078936006;-23.5928068 -46.6199011;-23.5927983 -46.6213146;167;70;90
66;Thu Mar 14 22:11:48 2019;-23.5927969162167,-46.6198686148975;-23.592821821463,-46.6213078936006;-23.5928068 -46.6199011;-23.5927983 -46.6213146;167;70;90
67;Thu Mar 14 22:12:47 2019;-23.5927969162167,-46.6198686148975;-23.592821821463,-46.6213078936006;-23.5928068 -46.6199011;-23.5927983 -46.6213146;167;70;90
68;Thu Mar 14 22:13:47 2019;-23.5927969162167,-46.6198686148975;-23.592821821463,-46.6213078936006;-23.5928068 -46.6199011;-23.5927983 -46.6213146;167;70;90
69;Thu Mar 14 22:14:48 2019;-23.5927969162167,-46.6198686148975;-23.592821821463,-46.6213078936006;-23.5928068 -46.6199011;-23.5927983 -46.6213146;167;70;90
70;Thu Mar 14 22:15:48 2019;-23.5927969162167,-46.6198686148975;-23.592821821463,-46.6213078936006;-23.5928068 -46.6199011;-23.5927983 -46.6213146;167;70;90
71;Thu Mar 14 22:16:48 2019;-23.5927969162167,-46.6198686148975;-23.592821821463,-46.6213078936006;-23.5928068 -46.6199011;-23.5927983 -46.6213146;167;70;90
72;Thu Mar 14 22:17:48 2019;-23.5927969162167,-46.6198686148975;-23.592821821463,-46.6213078936006;-23.5928068 -46.6199011;-23.5927983 -46.6213146;167;70;90
73;Thu Mar 14 22:18:48 2019;-23.5927969162167,-46.6198686148975;-23.592821821463,-46.6213078936006;-23.5928068 -46.6199011;-23.5927983 -46.6213146;167;70;90
74;Thu Mar 14 22:19:48 2019;-23.5927969162167,-46.6198686148975;-23.592821821463,-46.6213078936006;-23.5928068 -46.6199011;-23.5927983 -46.6213146;167;70;90
75;Thu Mar 14 22:20:48 2019;-23.5927969162167,-46.6198686148975;-23.592821821463,-46.6213078936006;-23.5928068 -46.6199011;-23.5927983 -46.6213146;167;70;90
76;Thu Mar 14 22:21:48 2019;-23.5927969162167,-46.6198686148975;-23.592821821463,-46.6213078936006;-23.5928068 -46.6199011;-23.5927983 -46.6213146;167;70;85
77;Thu Mar 14 22:22:48 2019;-23.5927969162167,-46.6198686148975;-23.592821821463,-46.6213078936006;-23.5928068 -46.6199011;-23.5927983 -46.6213146;167;70;82
78;Thu Mar 14 22:23:48 2019;-23.5927969162167,-46.6198686148975;-23.592821821463,-46.6213078936006;-23.5928068 -46.6199011;-23.5927983 -46.6213146;167;70;82
79;Thu Mar 14 22:24:48 2019;-23.5927969162167,-46.6198686148975;-23.592821821463,-46.6213078936006;-23.5928068 -46.6199011;-23.5927983 -46.6213146;167;70;82
80;Thu Mar 14 22:25:48 2019;-23.5927969162167,-46.6198686148975;-23.592821821463,-46.6213078936006;-23.5928068 -46.6199011;-23.5927983 -46.6213146;167;70;82
81;Thu Mar 14 22:26:48 2019;-23.5927969162167,-46.6198686148975;-23.592821821463,-46.6213078936006;-23.5928068 -46.6199011;-23.5927983 -46.6213146;167;70;82
82;Thu Mar 14 22:27:48 2019;-23.5927969162167,-46.6198686148975;-23.592821821463,-46.6213078936006;-23.5928068 -46.6199011;-23.5927983 -46.6213146;167;70;82
83;Thu Mar 14 22:28:48 2019;-23.5927969162167,-46.6198686148975;-23.592821821463,-46.6213078936006;-23.5928068 -46.6199011;-23.5927983 -46.6213146;167;70;82
84;Thu Mar 14 22:29:48 2019;-23.5927969162167,-46.6198686148975;-23.592821821463,-46.6213078936006;-23.5928068 -46.6199011;-23.5927983 -46.6213146;167;70;82
85;Thu Mar 14 22:30:48 2019;-23.5927969162167,-46.6198686148975;-23.592821821463,-46.6213078936006;-23.5928068 -46.6199011;-23.5927983 -46.6213146;167;70;82
86;Thu Mar 14 22:31:47 2019;-23.5927969162167,-46.6198686148975;-23.592821821463,-46.6213078936006;-23.5928068 -46.6199011;-23.5927983 -46.6213146;167;70;82
87;Thu Mar 14 22:32:48 2019;-23.5927969162167,-46.6198686148975;-23.592821821463,-46.6213078936006;-23.5928068 -46.6199011;-23.5927983 -46.6213146;167;70;82
88;Thu Mar 14 22:33:48 2019;-23.5927969162167,-46.6198686148975;-23.592821821463,-46.6213078936006;-23.5928068 -46.6199011;-23.5927983 -46.6213146;167;70;82
89;Thu Mar 14 22:34:47 2019;-23.5927969162167,-46.6198686148975;-23.592821821463,-46.6213078936006;-23.5928068 -46.6199011;-23.5927983 -46.6213146;167;70;82
90;Thu Mar 14 22:35:48 2019;-23.5927969162167,-46.6198686148975;-23.592821821463,-46.6213078936006;-23.5928068 -46.6199011;-23.5927983 -46.6213146;167;70;82
91;Thu Mar 14 22:36:48 2019;-23.5927969162167,-46.6198686148975;-23.592821821463,-46.6213078936006;-23.5928068 -46.6199011;-23.5927983 -46.6213146;167;70;83
92;Thu Mar 14 22:37:48 2019;-23.5927969162167,-46.6198686148975;-23.592821821463,-46.6213078936006;-23.5928068 -46.6199011;-23.5927983 -46.6213146;167;70;83
93;Thu Mar 14 22:38:49 2019;-23.5927969162167,-46.6198686148975;-23.592821821463,-46.6213078936006;-23.5928068 -46.6199011;-23.5927983 -46.6213146;167;70;83
94;Thu Mar 14 22:39:48 2019;-23.5927969162167,-46.6198686148975;-23.592821821463,-46.6213078936006;-23.5928068 -46.6199011;-23.5927983 -46.6213146;167;70;83
95;Thu Mar 14 22:40:48 2019;-23.5927969162167,-46.6198686148975;-23.592821821463,-46.6213078936006;-23.5928068 -46.6199011;-23.5927983 -46.6213146;167;70;83
96;Thu Mar 14 22:41:47 2019;-23.5927969162167,-46.6198686148975;-23.592821821463,-46.6213078936006;-23.5928068 -46.6199011;-23.5927983 -46.6213146;167;70;83
97;Thu Mar 14 22:42:48 2019;-23.5927969162167,-46.6198686148975;-23.592821821463,-46.6213078936006;-23.5928068 -46.6199011;-23.5927983 -46.6213146;167;70;83
98;Thu Mar 14 22:43:48 2019;-23.5927969162167,-46.6198686148975;-23.592821821463,-46.6213078936006;-23.5928068 -46.6199011;-23.5927983 -46.6213146;167;70;83
99;Thu Mar 14 22:44:48 2019;-23.5927969162167,-46.6198686148975;-23.592821821463,-46.6213078936006;-23.5928068 -46.6199011;-23.5927983 -46.6213146;167;70;83
100;Thu Mar 14 22:45:48 2019;-23.5927969162167,-46.6198686148975;-23.592821821463,-46.6213078936006;-23.5928068 -46.6199011;-23.5927983 -46.6213146;167;70;83
101;Thu Mar 14 22:46:49 2019;-23.5927969162167,-46.6198686148975;-23.592821821463,-46.6213078936006;-23.5928068 -46.6199011;-23.5927983 -46.6213146;167;70;83
102;Thu Mar 14 22:47:48 2019;-23.5927969162167,-46.6198686148975;-23.592821821463,-46.6213078936006;-23.5928068 -46.6199011;-23.5927983 -46.6213146;167;70;83
103;Thu Mar 14 22:48:48 2019;-23.5927969162167,-46.6198686148975;-23.592821821463,-46.6213078936006;-23.5928068 -46.6199011;-23.5927983 -46.6213146;167;70;83
104;Thu Mar 14 22:49:48 2019;-23.5927969162167,-46.6198686148975;-23.592821821463,-46.6213078936006;-23.5928068 -46.6199011;-23.5927983 -46.6213146;167;70;83
105;Thu Mar 14 22:50:48 2019;-23.5927969162167,-46.6198686148975;-23.592821821463,-46.6213078936006;-23.5928068 -46.6199011;-23.5927983 -46.6213146;167;70;83
106;Thu Mar 14 22:51:48 2019;-23.5927969162167,-46.6198686148975;-23.592821821463,-46.6213078936006;-23.5928068 -46.6199011;-23.5927983 -46.6213146;167;70;83
107;Thu Mar 14 22:52:48 2019;-23.5927969162167,-46.6198686148975;-23.592821821463,-46.6213078936006;-23.5928068 -46.6199011;-23.5927983 -46.6213146;167;70;86
108;Thu Mar 14 22:53:48 2019;-23.5927969162167,-46.6198686148975;-23.592821821463,-46.6213078936006;-23.5928068 -46.6199011;-23.5927983 -46.6213146;167;70;86
109;Thu Mar 14 22:54:48 2019;-23.5927969162167,-46.6198686148975;-23.592821821463,-46.6213078936006;-23.5928068 -46.6199011;-23.5927983 -46.6213146;167;70;86
110;Thu Mar 14 22:55:48 2019;-23.5927969162167,-46.6198686148975;-23.592821821463,-46.6213078936006;-23.5928068 -46.6199011;-23.5927983 -46.6213146;167;70;86
111;Thu Mar 14 22:56:49 2019;-23.5927969162167,-46.6198686148975;-23.592821821463,-46.6213078936006;-23.5928068 -46.6199011;-23.5927983 -46.6213146;167;70;86
112;Thu Mar 14 22:57:48 2019;-23.5927969162167,-46.6198686148975;-23.592821821463,-46.6213078936006;-23.5928068 -46.6199011;-23.5927983 -46.6213146;167;70;86
113;Thu Mar 14 22:58:48 2019;-23.5927969162167,-46.6198686148975;-23.592821821463,-46.6213078936006;-23.5928068 -46.6199011;-23.5927983 -46.6213146;167;70;86
114;Thu Mar 14 22:59:48 2019;-23.5927969162167,-46.6198686148975;-23.592821821463,-46.6213078936006;-23.5928068 -46.6199011;-23.5927983 -46.6213146;167;70;86
115;Thu Mar 14 23:00:48 2019;-23.5927969162167,-46.6198686148975;-23.592821821463,-46.6213078936006;-23.5928068 -46.6199011;-23.5927983 -46.6213146;167;70;86
116;Thu Mar 14 23:01:47 2019;-23.5927969162167,-46.6198686148975;-23.592821821463,-46.6213078936006;-23.5928068 -46.6199011;-23.5927983 -46.6213146;167;70;86
117;Thu Mar 14 23:02:47 2019;-23.5927969162167,-46.6198686148975;-23.592821821463,-46.6213078936006;-23.5928068 -46.6199011;-23.5927983 -46.6213146;167;70;86
118;Thu Mar 14 23:03:48 2019;-23.5927969162167,-46.6198686148975;-23.592821821463,-46.6213078936006;-23.5928068 -46.6199011;-23.5927983 -46.6213146;167;70;86
119;Thu Mar 14 23:04:48 2019;-23.5927969162167,-46.6198686148975;-23.592821821463,-46.6213078936006;-23.5928068 -46.6199011;-23.5927983 -46.6213146;167;70;86
120;Thu Mar 14 23:05:48 2019;-23.5927969162167,-46.6198686148975;-23.592821821463,-46.6213078936006;-23.5928068 -46.6199011;-23.5927983 -46.6213146;167;70;86
121;Thu Mar 14 23:06:48 2019;-23.5927969162167,-46.6198686148975;-23.592821821463,-46.6213078936006;-23.5928068 -46.6199011;-23.5927983 -46.6213146;167;70;83
122;Thu Mar 14 23:07:48 2019;-23.5927969162167,-46.6198686148975;-23.592821821463,-46.6213078936006;-23.5928068 -46.6199011;-23.5927983 -46.6213146;167;70;77
123;Thu Mar 14 23:08:48 2019;-23.5927969162167,-46.6198686148975;-23.592821821463,-46.6213078936006;-23.5928068 -46.6199011;-23.5927983 -46.6213146;167;70;77
124;Thu Mar 14 23:09:48 2019;-23.5927969162167,-46.6198686148975;-23.592821821463,-46.6213078936006;-23.5928068 -46.6199011;-23.5927983 -46.6213146;167;70;77
125;Thu Mar 14 23:10:48 2019;-23.5927969162167,-46.6198686148975;-23.592821821463,-46.6213078936006;-23.5928068 -46.6199011;-23.5927983 -46.6213146;167;70;77
126;Thu Mar 14 23:11:48 2019;-23.5927969162167,-46.6198686148975;-23.592821821463,-46.6213078936006;-23.5928068 -46.6199011;-23.5927983 -46.6213146;167;70;77
127;Thu Mar 14 23:12:48 2019;-23.5927969162167,-46.6198686148975;-23.592821821463,-46.6213078936006;-23.5928068 -46.6199011;-23.5927983 -46.6213146;167;70;77
128;Thu Mar 14 23:13:48 2019;-23.5927969162167,-46.6198686148975;-23.592821821463,-46.6213078936006;-23.5928068 -46.6199011;-23.5927983 -46.6213146;167;70;77
129;Thu Mar 14 23:14:47 2019;-23.5927969162167,-46.6198686148975;-23.592821821463,-46.6213078936006;-23.5928068 -46.6199011;-23.5927983 -46.6213146;167;70;77
130;Thu Mar 14 23:15:48 2019;-23.5927969162167,-46.6198686148975;-23.592821821463,-46.6213078936006;-23.5928068 -46.6199011;-23.5927983 -46.6213146;167;70;77
131;Thu Mar 14 23:16:48 2019;-23.5927969162167,-46.6198686148975;-23.592821821463,-46.6213078936006;-23.5928068 -46.6199011;-23.5927983 -46.6213146;167;70;77
132;Thu Mar 14 23:17:48 2019;-23.5927969162167,-46.6198686148975;-23.592821821463,-46.6213078936006;-23.5928068 -46.6199011;-23.5927983 -46.6213146;167;70;77
133;Thu Mar 14 23:18:47 2019;-23.5927969162167,-46.6198686148975;-23.592821821463,-46.6213078936006;-23.5928068 -46.6199011;-23.5927983 -46.6213146;167;70;77
134;Thu Mar 14 23:19:47 2019;-23.5927969162167,-46.6198686148975;-23.592821821463,-46.6213078936006;-23.5928068 -46.6199011;-23.5927983 -46.6213146;167;70;77
135;Thu Mar 14 23:20:48 2019;-23.5927969162167,-46.6198686148975;-23.592821821463,-46.6213078936006;-23.5928068 -46.6199011;-23.5927983 -46.6213146;167;70;77
136;Thu Mar 14 23:21:48 2019;-23.5927969162167,-46.6198686148975;-23.592821821463,-46.6213078936006;-23.5928068 -46.6199011;-23.5927983 -46.6213146;167;70;79
137;Thu Mar 14 23:22:49 2019;-23.5927969162167,-46.6198686148975;-23.592821821463,-46.6213078936006;-23.5928068 -46.6199011;-23.5927983 -46.6213146;167;70;82
138;Thu Mar 14 23:23:48 2019;-23.5927969162167,-46.6198686148975;-23.592821821463,-46.6213078936006;-23.5928068 -46.6199011;-23.5927983 -46.6213146;167;70;82
139;Thu Mar 14 23:24:48 2019;-23.5927969162167,-46.6198686148975;-23.592821821463,-46.6213078936006;-23.5928068 -46.6199011;-23.5927983 -46.6213146;167;70;82
140;Thu Mar 14 23:25:47 2019;-23.5927969162167,-46.6198686148975;-23.592821821463,-46.6213078936006;-23.5928068 -46.6199011;-23.5927983 -46.6213146;167;70;82
141;Thu Mar 14 23:26:49 2019;-23.5927969162167,-46.6198686148975;-23.592821821463,-46.6213078936006;-23.5928068 -46.6199011;-23.5927983 -46.6213146;167;70;82
142;Thu Mar 14 23:27:47 2019;-23.5927969162167,-46.6198686148975;-23.592821821463,-46.6213078936006;-23.5928068 -46.6199011;-23.5927983 -46.6213146;167;70;82
143;Thu Mar 14 23:28:48 2019;-23.5927969162167,-46.6198686148975;-23.592821821463,-46.6213078936006;-23.5928068 -46.6199011;-23.5927983 -46.6213146;167;70;82
144;Thu Mar 14 23:29:48 2019;-23.5927969162167,-46.6198686148975;-23.592821821463,-46.6213078936006;-23.5928068 -46.6199011;-23.5927983 -46.6213146;167;70;82
145;Thu Mar 14 23:30:48 2019;-23.5927969162167,-46.6198686148975;-23.592821821463,-46.6213078936006;-23.5928068 -46.6199011;-23.5927983 -46.6213146;167;70;82
146;Thu Mar 14 23:31:48 2019;-23.5927969162167,-46.6198686148975;-23.592821821463,-46.6213078936006;-23.5928068 -46.6199011;-23.5927983 -46.6213146;167;70;82
147;Thu Mar 14 23:32:48 2019;-23.5927969162167,-46.6198686148975;-23.592821821463,-46.6213078936006;-23.5928068 -46.6199011;-23.5927983 -46.6213146;167;70;82
148;Thu Mar 14 23:33:48 2019;-23.5927969162167,-46.6198686148975;-23.592821821463,-46.6213078936006;-23.5928068 -46.6199011;-23.5927983 -46.6213146;167;70;82
149;Thu Mar 14 23:34:48 2019;-23.5927969162167,-46.6198686148975;-23.592821821463,-46.6213078936006;-23.5928068 -46.6199011;-23.5927983 -46.6213146;167;70;82
150;Thu Mar 14 23:35:47 2019;-23.5927969162167,-46.6198686148975;-23.592821821463,-46.6213078936006;-23.5928068 -46.6199011;-23.5927983 -46.6213146;167;70;82
151;Thu Mar 14 23:36:48 2019;-23.5927969162167,-46.6198686148975;-23.592821821463,-46.6213078936006;-23.5928068 -46.6199011;-23.5927983 -46.6213146;167;70;79
152;Thu Mar 14 23:37:49 2019;-23.5927969162167,-46.6198686148975;-23.592821821463,-46.6213078936006;-23.5928068 -46.6199011;-23.5927983 -46.6213146;167;70;79
153;Thu Mar 14 23:38:48 2019;-23.5927969162167,-46.6198686148975;-23.592821821463,-46.6213078936006;-23.5928068 -46.6199011;-23.5927983 -46.6213146;167;70;79
154;Thu Mar 14 23:39:48 2019;-23.5927969162167,-46.6198686148975;-23.592821821463,-46.6213078936006;-23.5928068 -46.6199011;-23.5927983 -46.6213146;167;70;79
155;Thu Mar 14 23:40:48 2019;-23.5927969162167,-46.6198686148975;-23.592821821463,-46.6213078936006;-23.5928068 -46.6199011;-23.5927983 -46.6213146;167;70;79
156;Thu Mar 14 23:41:48 2019;-23.5927969162167,-46.6198686148975;-23.592821821463,-46.6213078936006;-23.5928068 -46.6199011;-23.5927983 -46.6213146;167;70;79
157;Thu Mar 14 23:42:48 2019;-23.5927969162167,-46.6198686148975;-23.592821821463,-46.6213078936006;-23.5928068 -46.6199011;-23.5927983 -46.6213146;167;70;79
158;Thu Mar 14 23:43:47 2019;-23.5927969162167,-46.6198686148975;-23.592821821463,-46.6213078936006;-23.5928068 -46.6199011;-23.5927983 -46.6213146;167;70;79
159;Thu Mar 14 23:44:48 2019;-23.5927969162167,-46.6198686148975;-23.592821821463,-46.6213078936006;-23.5928068 -46.6199011;-23.5927983 -46.6213146;167;70;79
160;Thu Mar 14 23:45:47 2019;-23.5927969162167,-46.6198686148975;-23.592821821463,-46.6213078936006;-23.5928068 -46.6199011;-23.5927983 -46.6213146;167;70;79
161;Thu Mar 14 23:46:49 2019;-23.5927969162167,-46.6198686148975;-23.592821821463,-46.6213078936006;-23.5928068 -46.6199011;-23.5927983 -46.6213146;167;70;79
162;Thu Mar 14 23:47:48 2019;-23.5927969162167,-46.6198686148975;-23.592821821463,-46.6213078936006;-23.5928068 -46.6199011;-23.5927983 -46.6213146;167;70;79
163;Thu Mar 14 23:48:48 2019;-23.5927969162167,-46.6198686148975;-23.592821821463,-46.6213078936006;-23.5928068 -46.6199011;-23.5927983 -46.6213146;167;70;79
164;Thu Mar 14 23:49:47 2019;-23.5927969162167,-46.6198686148975;-23.592821821463,-46.6213078936006;-23.5928068 -46.6199011;-23.5927983 -46.6213146;167;70;79
165;Thu Mar 14 23:50:48 2019;-23.5927969162167,-46.6198686148975;-23.592821821463,-46.6213078936006;-23.5928068 -46.6199011;-23.5927983 -46.6213146;167;70;79
166;Thu Mar 14 23:51:48 2019;-23.5927969162167,-46.6198686148975;-23.592821821463,-46.6213078936006;-23.5928068 -46.6199011;-23.5927983 -46.6213146;167;70;77
167;Thu Mar 14 23:52:48 2019;-23.5927969162167,-46.6198686148975;-23.592821821463,-46.6213078936006;-23.5928068 -46.6199011;-23.5927983 -46.6213146;167;70;78
168;Thu Mar 14 23:53:48 2019;-23.5927969162167,-46.6198686148975;-23.592821821463,-46.6213078936006;-23.5928068 -46.6199011;-23.5927983 -46.6213146;167;70;78
169;Thu Mar 14 23:54:47 2019;-23.5927969162167,-46.6198686148975;-23.592821821463,-46.6213078936006;-23.5928068 -46.6199011;-23.5927983 -46.6213146;167;70;78
170;Thu Mar 14 23:55:48 2019;-23.5927969162167,-46.6198686148975;-23.592821821463,-46.6213078936006;-23.5928068 -46.6199011;-23.5927983 -46.6213146;167;70;78
171;Thu Mar 14 23:56:48 2019;-23.5927969162167,-46.6198686148975;-23.592821821463,-46.6213078936006;-23.5928068 -46.6199011;-23.5927983 -46.6213146;167;70;78
172;Thu Mar 14 23:57:48 2019;-23.5927969162167,-46.6198686148975;-23.592821821463,-46.6213078936006;-23.5928068 -46.6199011;-23.5927983 -46.6213146;167;70;78
173;Thu Mar 14 23:58:48 2019;-23.5927969162167,-46.6198686148975;-23.592821821463,-46.6213078936006;-23.5928068 -46.6199011;-23.5927983 -46.6213146;167;70;78
174;Thu Mar 14 23:59:48 2019;-23.5927969162167,-46.6198686148975;-23.592821821463,-46.6213078936006;-23.5928068 -46.6199011;-23.5927983 -46.6213146;167;70;78
