38972;Thu Mar 14 00:00:35 2019;-23.5931874507308,-46.6297230843116;-23.5926269886946,-46.6305273188054;-23.5931819 -46.6297171;-23.5926323 -46.6305322;103;14;16
39213;Thu Mar 14 04:01:35 2019;-23.5931874507308,-46.6297230843116;-23.5926269886946,-46.6305273188054;-23.5931819 -46.6297171;-23.5926323 -46.6305322;103;14;12
39214;Thu Mar 14 04:02:34 2019;-23.5931874507308,-46.6297230843116;-23.5926269886946,-46.6305273188054;-23.5931819 -46.6297171;-23.5926323 -46.6305322;103;14;12
39215;Thu Mar 14 04:03:35 2019;-23.5931874507308,-46.6297230843116;-23.5926269886946,-46.6305273188054;-23.5931819 -46.6297171;-23.5926323 -46.6305322;103;14;12
39216;Thu Mar 14 04:04:35 2019;-23.5931874507308,-46.6297230843116;-23.5926269886946,-46.6305273188054;-23.5931819 -46.6297171;-23.5926323 -46.6305322;103;14;12
39217;Thu Mar 14 04:05:35 2019;-23.5931874507308,-46.6297230843116;-23.5926269886946,-46.6305273188054;-23.5931819 -46.6297171;-23.5926323 -46.6305322;103;14;12
39218;Thu Mar 14 04:06:35 2019;-23.5931874507308,-46.6297230843116;-23.5926269886946,-46.6305273188054;-23.5931819 -46.6297171;-23.5926323 -46.6305322;103;14;12
39219;Thu Mar 14 04:07:35 2019;-23.5931874507308,-46.6297230843116;-23.5926269886946,-46.6305273188054;-23.5931819 -46.6297171;-23.5926323 -46.6305322;103;14;10
39220;Thu Mar 14 04:08:35 2019;-23.5931874507308,-46.6297230843116;-23.5926269886946,-46.6305273188054;-23.5931819 -46.6297171;-23.5926323 -46.6305322;103;14;10
39221;Thu Mar 14 04:09:35 2019;-23.5931874507308,-46.6297230843116;-23.5926269886946,-46.6305273188054;-23.5931819 -46.6297171;-23.5926323 -46.6305322;103;14;10
1;Thu Mar 14 21:06:57 2019;-23.5931874507308,-46.6297230843116;-23.5926269886946,-46.6305273188054;-23.5931819 -46.6297171;-23.5926323 -46.6305322;103;14;23
2;Thu Mar 14 21:07:49 2019;-23.5931874507308,-46.6297230843116;-23.5926269886946,-46.6305273188054;-23.5931819 -46.6297171;-23.5926323 -46.6305322;103;14;21
3;Thu Mar 14 21:08:52 2019;-23.5931874507308,-46.6297230843116;-23.5926269886946,-46.6305273188054;-23.5931819 -46.6297171;-23.5926323 -46.6305322;103;14;21
4;Thu Mar 14 21:09:48 2019;-23.5931874507308,-46.6297230843116;-23.5926269886946,-46.6305273188054;-23.5931819 -46.6297171;-23.5926323 -46.6305322;103;14;21
5;Thu Mar 14 21:10:49 2019;-23.5931874507308,-46.6297230843116;-23.5926269886946,-46.6305273188054;-23.5931819 -46.6297171;-23.5926323 -46.6305322;103;14;21
6;Thu Mar 14 21:11:48 2019;-23.5931874507308,-46.6297230843116;-23.5926269886946,-46.6305273188054;-23.5931819 -46.6297171;-23.5926323 -46.6305322;103;14;21
7;Thu Mar 14 21:12:48 2019;-23.5931874507308,-46.6297230843116;-23.5926269886946,-46.6305273188054;-23.5931819 -46.6297171;-23.5926323 -46.6305322;103;14;21
8;Thu Mar 14 21:13:48 2019;-23.5931874507308,-46.6297230843116;-23.5926269886946,-46.6305273188054;-23.5931819 -46.6297171;-23.5926323 -46.6305322;103;14;21
9;Thu Mar 14 21:14:48 2019;-23.5931874507308,-46.6297230843116;-23.5926269886946,-46.6305273188054;-23.5931819 -46.6297171;-23.5926323 -46.6305322;103;14;21
10;Thu Mar 14 21:15:49 2019;-23.5931874507308,-46.6297230843116;-23.5926269886946,-46.6305273188054;-23.5931819 -46.6297171;-23.5926323 -46.6305322;103;14;21
11;Thu Mar 14 21:16:49 2019;-23.5931874507308,-46.6297230843116;-23.5926269886946,-46.6305273188054;-23.5931819 -46.6297171;-23.5926323 -46.6305322;103;14;21
12;Thu Mar 14 21:17:48 2019;-23.5931874507308,-46.6297230843116;-23.5926269886946,-46.6305273188054;-23.5931819 -46.6297171;-23.5926323 -46.6305322;103;14;21
13;Thu Mar 14 21:18:48 2019;-23.5931874507308,-46.6297230843116;-23.5926269886946,-46.6305273188054;-23.5931819 -46.6297171;-23.5926323 -46.6305322;103;14;21
14;Thu Mar 14 21:19:49 2019;-23.5931874507308,-46.6297230843116;-23.5926269886946,-46.6305273188054;-23.5931819 -46.6297171;-23.5926323 -46.6305322;103;14;21
15;Thu Mar 14 21:20:49 2019;-23.5931874507308,-46.6297230843116;-23.5926269886946,-46.6305273188054;-23.5931819 -46.6297171;-23.5926323 -46.6305322;103;14;21
16;Thu Mar 14 21:21:50 2019;-23.5931874507308,-46.6297230843116;-23.5926269886946,-46.6305273188054;-23.5931819 -46.6297171;-23.5926323 -46.6305322;103;14;21
17;Thu Mar 14 21:22:48 2019;-23.5931874507308,-46.6297230843116;-23.5926269886946,-46.6305273188054;-23.5931819 -46.6297171;-23.5926323 -46.6305322;103;14;21
18;Thu Mar 14 21:23:48 2019;-23.5931874507308,-46.6297230843116;-23.5926269886946,-46.6305273188054;-23.5931819 -46.6297171;-23.5926323 -46.6305322;103;14;21
19;Thu Mar 14 21:24:48 2019;-23.5931874507308,-46.6297230843116;-23.5926269886946,-46.6305273188054;-23.5931819 -46.6297171;-23.5926323 -46.6305322;103;14;21
20;Thu Mar 14 21:25:48 2019;-23.5931874507308,-46.6297230843116;-23.5926269886946,-46.6305273188054;-23.5931819 -46.6297171;-23.5926323 -46.6305322;103;14;21
21;Thu Mar 14 21:26:49 2019;-23.5931874507308,-46.6297230843116;-23.5926269886946,-46.6305273188054;-23.5931819 -46.6297171;-23.5926323 -46.6305322;103;14;21
22;Thu Mar 14 21:27:48 2019;-23.5931874507308,-46.6297230843116;-23.5926269886946,-46.6305273188054;-23.5931819 -46.6297171;-23.5926323 -46.6305322;103;14;21
23;Thu Mar 14 21:28:48 2019;-23.5931874507308,-46.6297230843116;-23.5926269886946,-46.6305273188054;-23.5931819 -46.6297171;-23.5926323 -46.6305322;103;14;21
24;Thu Mar 14 21:29:48 2019;-23.5931874507308,-46.6297230843116;-23.5926269886946,-46.6305273188054;-23.5931819 -46.6297171;-23.5926323 -46.6305322;103;14;21
25;Thu Mar 14 21:30:48 2019;-23.5931874507308,-46.6297230843116;-23.5926269886946,-46.6305273188054;-23.5931819 -46.6297171;-23.5926323 -46.6305322;103;14;21
26;Thu Mar 14 21:31:48 2019;-23.5931874507308,-46.6297230843116;-23.5926269886946,-46.6305273188054;-23.5931819 -46.6297171;-23.5926323 -46.6305322;103;14;21
27;Thu Mar 14 21:32:48 2019;-23.5931874507308,-46.6297230843116;-23.5926269886946,-46.6305273188054;-23.5931819 -46.6297171;-23.5926323 -46.6305322;103;14;21
28;Thu Mar 14 21:33:48 2019;-23.5931874507308,-46.6297230843116;-23.5926269886946,-46.6305273188054;-23.5931819 -46.6297171;-23.5926323 -46.6305322;103;14;21
29;Thu Mar 14 21:34:49 2019;-23.5931874507308,-46.6297230843116;-23.5926269886946,-46.6305273188054;-23.5931819 -46.6297171;-23.5926323 -46.6305322;103;14;21
30;Thu Mar 14 21:35:48 2019;-23.5931874507308,-46.6297230843116;-23.5926269886946,-46.6305273188054;-23.5931819 -46.6297171;-23.5926323 -46.6305322;103;14;21
31;Thu Mar 14 21:36:48 2019;-23.5931874507308,-46.6297230843116;-23.5926269886946,-46.6305273188054;-23.5931819 -46.6297171;-23.5926323 -46.6305322;103;14;21
32;Thu Mar 14 21:37:49 2019;-23.5931874507308,-46.6297230843116;-23.5926269886946,-46.6305273188054;-23.5931819 -46.6297171;-23.5926323 -46.6305322;103;14;21
33;Thu Mar 14 21:38:48 2019;-23.5931874507308,-46.6297230843116;-23.5926269886946,-46.6305273188054;-23.5931819 -46.6297171;-23.5926323 -46.6305322;103;14;21
34;Thu Mar 14 21:39:48 2019;-23.5931874507308,-46.6297230843116;-23.5926269886946,-46.6305273188054;-23.5931819 -46.6297171;-23.5926323 -46.6305322;103;14;21
35;Thu Mar 14 21:40:48 2019;-23.5931874507308,-46.6297230843116;-23.5926269886946,-46.6305273188054;-23.5931819 -46.6297171;-23.5926323 -46.6305322;103;14;21
36;Thu Mar 14 21:41:48 2019;-23.5931874507308,-46.6297230843116;-23.5926269886946,-46.6305273188054;-23.5931819 -46.6297171;-23.5926323 -46.6305322;103;14;21
37;Thu Mar 14 21:42:48 2019;-23.5931874507308,-46.6297230843116;-23.5926269886946,-46.6305273188054;-23.5931819 -46.6297171;-23.5926323 -46.6305322;103;14;21
38;Thu Mar 14 21:43:48 2019;-23.5931874507308,-46.6297230843116;-23.5926269886946,-46.6305273188054;-23.5931819 -46.6297171;-23.5926323 -46.6305322;103;14;21
39;Thu Mar 14 21:44:48 2019;-23.5931874507308,-46.6297230843116;-23.5926269886946,-46.6305273188054;-23.5931819 -46.6297171;-23.5926323 -46.6305322;103;14;21
40;Thu Mar 14 21:45:48 2019;-23.5931874507308,-46.6297230843116;-23.5926269886946,-46.6305273188054;-23.5931819 -46.6297171;-23.5926323 -46.6305322;103;14;21
41;Thu Mar 14 21:46:48 2019;-23.5931874507308,-46.6297230843116;-23.5926269886946,-46.6305273188054;-23.5931819 -46.6297171;-23.5926323 -46.6305322;103;14;21
42;Thu Mar 14 21:47:48 2019;-23.5931874507308,-46.6297230843116;-23.5926269886946,-46.6305273188054;-23.5931819 -46.6297171;-23.5926323 -46.6305322;103;14;21
43;Thu Mar 14 21:48:49 2019;-23.5931874507308,-46.6297230843116;-23.5926269886946,-46.6305273188054;-23.5931819 -46.6297171;-23.5926323 -46.6305322;103;14;21
44;Thu Mar 14 21:49:48 2019;-23.5931874507308,-46.6297230843116;-23.5926269886946,-46.6305273188054;-23.5931819 -46.6297171;-23.5926323 -46.6305322;103;14;21
45;Thu Mar 14 21:50:48 2019;-23.5931874507308,-46.6297230843116;-23.5926269886946,-46.6305273188054;-23.5931819 -46.6297171;-23.5926323 -46.6305322;103;14;21
46;Thu Mar 14 21:51:48 2019;-23.5931874507308,-46.6297230843116;-23.5926269886946,-46.6305273188054;-23.5931819 -46.6297171;-23.5926323 -46.6305322;103;14;21
47;Thu Mar 14 21:52:49 2019;-23.5931874507308,-46.6297230843116;-23.5926269886946,-46.6305273188054;-23.5931819 -46.6297171;-23.5926323 -46.6305322;103;14;18
48;Thu Mar 14 21:53:48 2019;-23.5931874507308,-46.6297230843116;-23.5926269886946,-46.6305273188054;-23.5931819 -46.6297171;-23.5926323 -46.6305322;103;14;18
49;Thu Mar 14 21:54:49 2019;-23.5931874507308,-46.6297230843116;-23.5926269886946,-46.6305273188054;-23.5931819 -46.6297171;-23.5926323 -46.6305322;103;14;18
50;Thu Mar 14 21:55:48 2019;-23.5931874507308,-46.6297230843116;-23.5926269886946,-46.6305273188054;-23.5931819 -46.6297171;-23.5926323 -46.6305322;103;14;18
51;Thu Mar 14 21:56:49 2019;-23.5931874507308,-46.6297230843116;-23.5926269886946,-46.6305273188054;-23.5931819 -46.6297171;-23.5926323 -46.6305322;103;14;18
52;Thu Mar 14 21:57:48 2019;-23.5931874507308,-46.6297230843116;-23.5926269886946,-46.6305273188054;-23.5931819 -46.6297171;-23.5926323 -46.6305322;103;14;18
53;Thu Mar 14 21:58:48 2019;-23.5931874507308,-46.6297230843116;-23.5926269886946,-46.6305273188054;-23.5931819 -46.6297171;-23.5926323 -46.6305322;103;14;18
54;Thu Mar 14 21:59:48 2019;-23.5931874507308,-46.6297230843116;-23.5926269886946,-46.6305273188054;-23.5931819 -46.6297171;-23.5926323 -46.6305322;103;14;18
55;Thu Mar 14 22:00:48 2019;-23.5931874507308,-46.6297230843116;-23.5926269886946,-46.6305273188054;-23.5931819 -46.6297171;-23.5926323 -46.6305322;103;14;18
56;Thu Mar 14 22:01:48 2019;-23.5931874507308,-46.6297230843116;-23.5926269886946,-46.6305273188054;-23.5931819 -46.6297171;-23.5926323 -46.6305322;103;14;18
57;Thu Mar 14 22:02:48 2019;-23.5931874507308,-46.6297230843116;-23.5926269886946,-46.6305273188054;-23.5931819 -46.6297171;-23.5926323 -46.6305322;103;14;18
58;Thu Mar 14 22:03:48 2019;-23.5931874507308,-46.6297230843116;-23.5926269886946,-46.6305273188054;-23.5931819 -46.6297171;-23.5926323 -46.6305322;103;14;18
59;Thu Mar 14 22:04:48 2019;-23.5931874507308,-46.6297230843116;-23.5926269886946,-46.6305273188054;-23.5931819 -46.6297171;-23.5926323 -46.6305322;103;14;18
60;Thu Mar 14 22:05:49 2019;-23.5931874507308,-46.6297230843116;-23.5926269886946,-46.6305273188054;-23.5931819 -46.6297171;-23.5926323 -46.6305322;103;14;18
61;Thu Mar 14 22:06:49 2019;-23.5931874507308,-46.6297230843116;-23.5926269886946,-46.6305273188054;-23.5931819 -46.6297171;-23.5926323 -46.6305322;103;14;18
62;Thu Mar 14 22:07:49 2019;-23.5931874507308,-46.6297230843116;-23.5926269886946,-46.6305273188054;-23.5931819 -46.6297171;-23.5926323 -46.6305322;103;14;27
63;Thu Mar 14 22:08:49 2019;-23.5931874507308,-46.6297230843116;-23.5926269886946,-46.6305273188054;-23.5931819 -46.6297171;-23.5926323 -46.6305322;103;14;27
64;Thu Mar 14 22:09:48 2019;-23.5931874507308,-46.6297230843116;-23.5926269886946,-46.6305273188054;-23.5931819 -46.6297171;-23.5926323 -46.6305322;103;14;27
65;Thu Mar 14 22:10:48 2019;-23.5931874507308,-46.6297230843116;-23.5926269886946,-46.6305273188054;-23.5931819 -46.6297171;-23.5926323 -46.6305322;103;14;27
66;Thu Mar 14 22:11:49 2019;-23.5931874507308,-46.6297230843116;-23.5926269886946,-46.6305273188054;-23.5931819 -46.6297171;-23.5926323 -46.6305322;103;14;27
67;Thu Mar 14 22:12:48 2019;-23.5931874507308,-46.6297230843116;-23.5926269886946,-46.6305273188054;-23.5931819 -46.6297171;-23.5926323 -46.6305322;103;14;27
68;Thu Mar 14 22:13:48 2019;-23.5931874507308,-46.6297230843116;-23.5926269886946,-46.6305273188054;-23.5931819 -46.6297171;-23.5926323 -46.6305322;103;14;27
69;Thu Mar 14 22:14:48 2019;-23.5931874507308,-46.6297230843116;-23.5926269886946,-46.6305273188054;-23.5931819 -46.6297171;-23.5926323 -46.6305322;103;14;27
70;Thu Mar 14 22:15:48 2019;-23.5931874507308,-46.6297230843116;-23.5926269886946,-46.6305273188054;-23.5931819 -46.6297171;-23.5926323 -46.6305322;103;14;27
71;Thu Mar 14 22:16:48 2019;-23.5931874507308,-46.6297230843116;-23.5926269886946,-46.6305273188054;-23.5931819 -46.6297171;-23.5926323 -46.6305322;103;14;27
72;Thu Mar 14 22:17:48 2019;-23.5931874507308,-46.6297230843116;-23.5926269886946,-46.6305273188054;-23.5931819 -46.6297171;-23.5926323 -46.6305322;103;14;27
73;Thu Mar 14 22:18:48 2019;-23.5931874507308,-46.6297230843116;-23.5926269886946,-46.6305273188054;-23.5931819 -46.6297171;-23.5926323 -46.6305322;103;14;27
74;Thu Mar 14 22:19:49 2019;-23.5931874507308,-46.6297230843116;-23.5926269886946,-46.6305273188054;-23.5931819 -46.6297171;-23.5926323 -46.6305322;103;14;27
75;Thu Mar 14 22:20:48 2019;-23.5931874507308,-46.6297230843116;-23.5926269886946,-46.6305273188054;-23.5931819 -46.6297171;-23.5926323 -46.6305322;103;14;27
76;Thu Mar 14 22:21:48 2019;-23.5931874507308,-46.6297230843116;-23.5926269886946,-46.6305273188054;-23.5931819 -46.6297171;-23.5926323 -46.6305322;103;14;27
77;Thu Mar 14 22:22:48 2019;-23.5931874507308,-46.6297230843116;-23.5926269886946,-46.6305273188054;-23.5931819 -46.6297171;-23.5926323 -46.6305322;103;14;23
78;Thu Mar 14 22:23:48 2019;-23.5931874507308,-46.6297230843116;-23.5926269886946,-46.6305273188054;-23.5931819 -46.6297171;-23.5926323 -46.6305322;103;14;23
79;Thu Mar 14 22:24:48 2019;-23.5931874507308,-46.6297230843116;-23.5926269886946,-46.6305273188054;-23.5931819 -46.6297171;-23.5926323 -46.6305322;103;14;23
80;Thu Mar 14 22:25:48 2019;-23.5931874507308,-46.6297230843116;-23.5926269886946,-46.6305273188054;-23.5931819 -46.6297171;-23.5926323 -46.6305322;103;14;23
81;Thu Mar 14 22:26:49 2019;-23.5931874507308,-46.6297230843116;-23.5926269886946,-46.6305273188054;-23.5931819 -46.6297171;-23.5926323 -46.6305322;103;14;23
82;Thu Mar 14 22:27:48 2019;-23.5931874507308,-46.6297230843116;-23.5926269886946,-46.6305273188054;-23.5931819 -46.6297171;-23.5926323 -46.6305322;103;14;23
83;Thu Mar 14 22:28:48 2019;-23.5931874507308,-46.6297230843116;-23.5926269886946,-46.6305273188054;-23.5931819 -46.6297171;-23.5926323 -46.6305322;103;14;23
84;Thu Mar 14 22:29:48 2019;-23.5931874507308,-46.6297230843116;-23.5926269886946,-46.6305273188054;-23.5931819 -46.6297171;-23.5926323 -46.6305322;103;14;23
85;Thu Mar 14 22:30:48 2019;-23.5931874507308,-46.6297230843116;-23.5926269886946,-46.6305273188054;-23.5931819 -46.6297171;-23.5926323 -46.6305322;103;14;23
86;Thu Mar 14 22:31:48 2019;-23.5931874507308,-46.6297230843116;-23.5926269886946,-46.6305273188054;-23.5931819 -46.6297171;-23.5926323 -46.6305322;103;14;23
87;Thu Mar 14 22:32:48 2019;-23.5931874507308,-46.6297230843116;-23.5926269886946,-46.6305273188054;-23.5931819 -46.6297171;-23.5926323 -46.6305322;103;14;23
88;Thu Mar 14 22:33:48 2019;-23.5931874507308,-46.6297230843116;-23.5926269886946,-46.6305273188054;-23.5931819 -46.6297171;-23.5926323 -46.6305322;103;14;23
89;Thu Mar 14 22:34:48 2019;-23.5931874507308,-46.6297230843116;-23.5926269886946,-46.6305273188054;-23.5931819 -46.6297171;-23.5926323 -46.6305322;103;14;23
90;Thu Mar 14 22:35:48 2019;-23.5931874507308,-46.6297230843116;-23.5926269886946,-46.6305273188054;-23.5931819 -46.6297171;-23.5926323 -46.6305322;103;14;23
91;Thu Mar 14 22:36:48 2019;-23.5931874507308,-46.6297230843116;-23.5926269886946,-46.6305273188054;-23.5931819 -46.6297171;-23.5926323 -46.6305322;103;14;23
92;Thu Mar 14 22:37:48 2019;-23.5931874507308,-46.6297230843116;-23.5926269886946,-46.6305273188054;-23.5931819 -46.6297171;-23.5926323 -46.6305322;103;14;20
93;Thu Mar 14 22:38:50 2019;-23.5931874507308,-46.6297230843116;-23.5926269886946,-46.6305273188054;-23.5931819 -46.6297171;-23.5926323 -46.6305322;103;14;20
94;Thu Mar 14 22:39:48 2019;-23.5931874507308,-46.6297230843116;-23.5926269886946,-46.6305273188054;-23.5931819 -46.6297171;-23.5926323 -46.6305322;103;14;20
95;Thu Mar 14 22:40:48 2019;-23.5931874507308,-46.6297230843116;-23.5926269886946,-46.6305273188054;-23.5931819 -46.6297171;-23.5926323 -46.6305322;103;14;20
96;Thu Mar 14 22:41:48 2019;-23.5931874507308,-46.6297230843116;-23.5926269886946,-46.6305273188054;-23.5931819 -46.6297171;-23.5926323 -46.6305322;103;14;20
97;Thu Mar 14 22:42:48 2019;-23.5931874507308,-46.6297230843116;-23.5926269886946,-46.6305273188054;-23.5931819 -46.6297171;-23.5926323 -46.6305322;103;14;20
98;Thu Mar 14 22:43:48 2019;-23.5931874507308,-46.6297230843116;-23.5926269886946,-46.6305273188054;-23.5931819 -46.6297171;-23.5926323 -46.6305322;103;14;20
99;Thu Mar 14 22:44:48 2019;-23.5931874507308,-46.6297230843116;-23.5926269886946,-46.6305273188054;-23.5931819 -46.6297171;-23.5926323 -46.6305322;103;14;20
100;Thu Mar 14 22:45:48 2019;-23.5931874507308,-46.6297230843116;-23.5926269886946,-46.6305273188054;-23.5931819 -46.6297171;-23.5926323 -46.6305322;103;14;20
101;Thu Mar 14 22:46:49 2019;-23.5931874507308,-46.6297230843116;-23.5926269886946,-46.6305273188054;-23.5931819 -46.6297171;-23.5926323 -46.6305322;103;14;20
102;Thu Mar 14 22:47:48 2019;-23.5931874507308,-46.6297230843116;-23.5926269886946,-46.6305273188054;-23.5931819 -46.6297171;-23.5926323 -46.6305322;103;14;20
103;Thu Mar 14 22:48:48 2019;-23.5931874507308,-46.6297230843116;-23.5926269886946,-46.6305273188054;-23.5931819 -46.6297171;-23.5926323 -46.6305322;103;14;20
104;Thu Mar 14 22:49:48 2019;-23.5931874507308,-46.6297230843116;-23.5926269886946,-46.6305273188054;-23.5931819 -46.6297171;-23.5926323 -46.6305322;103;14;20
105;Thu Mar 14 22:50:48 2019;-23.5931874507308,-46.6297230843116;-23.5926269886946,-46.6305273188054;-23.5931819 -46.6297171;-23.5926323 -46.6305322;103;14;20
106;Thu Mar 14 22:51:48 2019;-23.5931874507308,-46.6297230843116;-23.5926269886946,-46.6305273188054;-23.5931819 -46.6297171;-23.5926323 -46.6305322;103;14;20
107;Thu Mar 14 22:52:48 2019;-23.5931874507308,-46.6297230843116;-23.5926269886946,-46.6305273188054;-23.5931819 -46.6297171;-23.5926323 -46.6305322;103;14;22
108;Thu Mar 14 22:53:49 2019;-23.5931874507308,-46.6297230843116;-23.5926269886946,-46.6305273188054;-23.5931819 -46.6297171;-23.5926323 -46.6305322;103;14;22
109;Thu Mar 14 22:54:48 2019;-23.5931874507308,-46.6297230843116;-23.5926269886946,-46.6305273188054;-23.5931819 -46.6297171;-23.5926323 -46.6305322;103;14;22
110;Thu Mar 14 22:55:48 2019;-23.5931874507308,-46.6297230843116;-23.5926269886946,-46.6305273188054;-23.5931819 -46.6297171;-23.5926323 -46.6305322;103;14;22
111;Thu Mar 14 22:56:50 2019;-23.5931874507308,-46.6297230843116;-23.5926269886946,-46.6305273188054;-23.5931819 -46.6297171;-23.5926323 -46.6305322;103;14;22
112;Thu Mar 14 22:57:48 2019;-23.5931874507308,-46.6297230843116;-23.5926269886946,-46.6305273188054;-23.5931819 -46.6297171;-23.5926323 -46.6305322;103;14;22
113;Thu Mar 14 22:58:48 2019;-23.5931874507308,-46.6297230843116;-23.5926269886946,-46.6305273188054;-23.5931819 -46.6297171;-23.5926323 -46.6305322;103;14;22
114;Thu Mar 14 22:59:48 2019;-23.5931874507308,-46.6297230843116;-23.5926269886946,-46.6305273188054;-23.5931819 -46.6297171;-23.5926323 -46.6305322;103;14;22
115;Thu Mar 14 23:00:48 2019;-23.5931874507308,-46.6297230843116;-23.5926269886946,-46.6305273188054;-23.5931819 -46.6297171;-23.5926323 -46.6305322;103;14;22
116;Thu Mar 14 23:01:47 2019;-23.5931874507308,-46.6297230843116;-23.5926269886946,-46.6305273188054;-23.5931819 -46.6297171;-23.5926323 -46.6305322;103;14;22
117;Thu Mar 14 23:02:48 2019;-23.5931874507308,-46.6297230843116;-23.5926269886946,-46.6305273188054;-23.5931819 -46.6297171;-23.5926323 -46.6305322;103;14;22
118;Thu Mar 14 23:03:48 2019;-23.5931874507308,-46.6297230843116;-23.5926269886946,-46.6305273188054;-23.5931819 -46.6297171;-23.5926323 -46.6305322;103;14;22
119;Thu Mar 14 23:04:48 2019;-23.5931874507308,-46.6297230843116;-23.5926269886946,-46.6305273188054;-23.5931819 -46.6297171;-23.5926323 -46.6305322;103;14;22
120;Thu Mar 14 23:05:48 2019;-23.5931874507308,-46.6297230843116;-23.5926269886946,-46.6305273188054;-23.5931819 -46.6297171;-23.5926323 -46.6305322;103;14;22
121;Thu Mar 14 23:06:49 2019;-23.5931874507308,-46.6297230843116;-23.5926269886946,-46.6305273188054;-23.5931819 -46.6297171;-23.5926323 -46.6305322;103;14;22
122;Thu Mar 14 23:07:49 2019;-23.5931874507308,-46.6297230843116;-23.5926269886946,-46.6305273188054;-23.5931819 -46.6297171;-23.5926323 -46.6305322;103;14;19
123;Thu Mar 14 23:08:48 2019;-23.5931874507308,-46.6297230843116;-23.5926269886946,-46.6305273188054;-23.5931819 -46.6297171;-23.5926323 -46.6305322;103;14;19
124;Thu Mar 14 23:09:48 2019;-23.5931874507308,-46.6297230843116;-23.5926269886946,-46.6305273188054;-23.5931819 -46.6297171;-23.5926323 -46.6305322;103;14;19
125;Thu Mar 14 23:10:48 2019;-23.5931874507308,-46.6297230843116;-23.5926269886946,-46.6305273188054;-23.5931819 -46.6297171;-23.5926323 -46.6305322;103;14;19
126;Thu Mar 14 23:11:48 2019;-23.5931874507308,-46.6297230843116;-23.5926269886946,-46.6305273188054;-23.5931819 -46.6297171;-23.5926323 -46.6305322;103;14;19
127;Thu Mar 14 23:12:48 2019;-23.5931874507308,-46.6297230843116;-23.5926269886946,-46.6305273188054;-23.5931819 -46.6297171;-23.5926323 -46.6305322;103;14;19
128;Thu Mar 14 23:13:48 2019;-23.5931874507308,-46.6297230843116;-23.5926269886946,-46.6305273188054;-23.5931819 -46.6297171;-23.5926323 -46.6305322;103;14;19
129;Thu Mar 14 23:14:48 2019;-23.5931874507308,-46.6297230843116;-23.5926269886946,-46.6305273188054;-23.5931819 -46.6297171;-23.5926323 -46.6305322;103;14;19
130;Thu Mar 14 23:15:48 2019;-23.5931874507308,-46.6297230843116;-23.5926269886946,-46.6305273188054;-23.5931819 -46.6297171;-23.5926323 -46.6305322;103;14;19
131;Thu Mar 14 23:16:48 2019;-23.5931874507308,-46.6297230843116;-23.5926269886946,-46.6305273188054;-23.5931819 -46.6297171;-23.5926323 -46.6305322;103;14;19
132;Thu Mar 14 23:17:48 2019;-23.5931874507308,-46.6297230843116;-23.5926269886946,-46.6305273188054;-23.5931819 -46.6297171;-23.5926323 -46.6305322;103;14;19
133;Thu Mar 14 23:18:48 2019;-23.5931874507308,-46.6297230843116;-23.5926269886946,-46.6305273188054;-23.5931819 -46.6297171;-23.5926323 -46.6305322;103;14;19
134;Thu Mar 14 23:19:48 2019;-23.5931874507308,-46.6297230843116;-23.5926269886946,-46.6305273188054;-23.5931819 -46.6297171;-23.5926323 -46.6305322;103;14;19
135;Thu Mar 14 23:20:48 2019;-23.5931874507308,-46.6297230843116;-23.5926269886946,-46.6305273188054;-23.5931819 -46.6297171;-23.5926323 -46.6305322;103;14;19
136;Thu Mar 14 23:21:48 2019;-23.5931874507308,-46.6297230843116;-23.5926269886946,-46.6305273188054;-23.5931819 -46.6297171;-23.5926323 -46.6305322;103;14;19
137;Thu Mar 14 23:22:49 2019;-23.5931874507308,-46.6297230843116;-23.5926269886946,-46.6305273188054;-23.5931819 -46.6297171;-23.5926323 -46.6305322;103;14;19
138;Thu Mar 14 23:23:48 2019;-23.5931874507308,-46.6297230843116;-23.5926269886946,-46.6305273188054;-23.5931819 -46.6297171;-23.5926323 -46.6305322;103;14;19
139;Thu Mar 14 23:24:48 2019;-23.5931874507308,-46.6297230843116;-23.5926269886946,-46.6305273188054;-23.5931819 -46.6297171;-23.5926323 -46.6305322;103;14;19
140;Thu Mar 14 23:25:48 2019;-23.5931874507308,-46.6297230843116;-23.5926269886946,-46.6305273188054;-23.5931819 -46.6297171;-23.5926323 -46.6305322;103;14;19
141;Thu Mar 14 23:26:49 2019;-23.5931874507308,-46.6297230843116;-23.5926269886946,-46.6305273188054;-23.5931819 -46.6297171;-23.5926323 -46.6305322;103;14;19
142;Thu Mar 14 23:27:48 2019;-23.5931874507308,-46.6297230843116;-23.5926269886946,-46.6305273188054;-23.5931819 -46.6297171;-23.5926323 -46.6305322;103;14;19
143;Thu Mar 14 23:28:48 2019;-23.5931874507308,-46.6297230843116;-23.5926269886946,-46.6305273188054;-23.5931819 -46.6297171;-23.5926323 -46.6305322;103;14;19
144;Thu Mar 14 23:29:48 2019;-23.5931874507308,-46.6297230843116;-23.5926269886946,-46.6305273188054;-23.5931819 -46.6297171;-23.5926323 -46.6305322;103;14;19
145;Thu Mar 14 23:30:48 2019;-23.5931874507308,-46.6297230843116;-23.5926269886946,-46.6305273188054;-23.5931819 -46.6297171;-23.5926323 -46.6305322;103;14;19
146;Thu Mar 14 23:31:48 2019;-23.5931874507308,-46.6297230843116;-23.5926269886946,-46.6305273188054;-23.5931819 -46.6297171;-23.5926323 -46.6305322;103;14;19
147;Thu Mar 14 23:32:48 2019;-23.5931874507308,-46.6297230843116;-23.5926269886946,-46.6305273188054;-23.5931819 -46.6297171;-23.5926323 -46.6305322;103;14;19
148;Thu Mar 14 23:33:48 2019;-23.5931874507308,-46.6297230843116;-23.5926269886946,-46.6305273188054;-23.5931819 -46.6297171;-23.5926323 -46.6305322;103;14;19
149;Thu Mar 14 23:34:48 2019;-23.5931874507308,-46.6297230843116;-23.5926269886946,-46.6305273188054;-23.5931819 -46.6297171;-23.5926323 -46.6305322;103;14;19
150;Thu Mar 14 23:35:48 2019;-23.5931874507308,-46.6297230843116;-23.5926269886946,-46.6305273188054;-23.5931819 -46.6297171;-23.5926323 -46.6305322;103;14;19
151;Thu Mar 14 23:36:49 2019;-23.5931874507308,-46.6297230843116;-23.5926269886946,-46.6305273188054;-23.5931819 -46.6297171;-23.5926323 -46.6305322;103;14;19
152;Thu Mar 14 23:37:49 2019;-23.5931874507308,-46.6297230843116;-23.5926269886946,-46.6305273188054;-23.5931819 -46.6297171;-23.5926323 -46.6305322;103;14;21
153;Thu Mar 14 23:38:48 2019;-23.5931874507308,-46.6297230843116;-23.5926269886946,-46.6305273188054;-23.5931819 -46.6297171;-23.5926323 -46.6305322;103;14;21
154;Thu Mar 14 23:39:48 2019;-23.5931874507308,-46.6297230843116;-23.5926269886946,-46.6305273188054;-23.5931819 -46.6297171;-23.5926323 -46.6305322;103;14;21
155;Thu Mar 14 23:40:48 2019;-23.5931874507308,-46.6297230843116;-23.5926269886946,-46.6305273188054;-23.5931819 -46.6297171;-23.5926323 -46.6305322;103;14;21
156;Thu Mar 14 23:41:48 2019;-23.5931874507308,-46.6297230843116;-23.5926269886946,-46.6305273188054;-23.5931819 -46.6297171;-23.5926323 -46.6305322;103;14;21
157;Thu Mar 14 23:42:48 2019;-23.5931874507308,-46.6297230843116;-23.5926269886946,-46.6305273188054;-23.5931819 -46.6297171;-23.5926323 -46.6305322;103;14;21
158;Thu Mar 14 23:43:48 2019;-23.5931874507308,-46.6297230843116;-23.5926269886946,-46.6305273188054;-23.5931819 -46.6297171;-23.5926323 -46.6305322;103;14;21
159;Thu Mar 14 23:44:48 2019;-23.5931874507308,-46.6297230843116;-23.5926269886946,-46.6305273188054;-23.5931819 -46.6297171;-23.5926323 -46.6305322;103;14;21
160;Thu Mar 14 23:45:48 2019;-23.5931874507308,-46.6297230843116;-23.5926269886946,-46.6305273188054;-23.5931819 -46.6297171;-23.5926323 -46.6305322;103;14;21
161;Thu Mar 14 23:46:49 2019;-23.5931874507308,-46.6297230843116;-23.5926269886946,-46.6305273188054;-23.5931819 -46.6297171;-23.5926323 -46.6305322;103;14;21
162;Thu Mar 14 23:47:48 2019;-23.5931874507308,-46.6297230843116;-23.5926269886946,-46.6305273188054;-23.5931819 -46.6297171;-23.5926323 -46.6305322;103;14;21
163;Thu Mar 14 23:48:48 2019;-23.5931874507308,-46.6297230843116;-23.5926269886946,-46.6305273188054;-23.5931819 -46.6297171;-23.5926323 -46.6305322;103;14;21
164;Thu Mar 14 23:49:48 2019;-23.5931874507308,-46.6297230843116;-23.5926269886946,-46.6305273188054;-23.5931819 -46.6297171;-23.5926323 -46.6305322;103;14;21
165;Thu Mar 14 23:50:48 2019;-23.5931874507308,-46.6297230843116;-23.5926269886946,-46.6305273188054;-23.5931819 -46.6297171;-23.5926323 -46.6305322;103;14;21
166;Thu Mar 14 23:51:49 2019;-23.5931874507308,-46.6297230843116;-23.5926269886946,-46.6305273188054;-23.5931819 -46.6297171;-23.5926323 -46.6305322;103;14;21
167;Thu Mar 14 23:52:49 2019;-23.5931874507308,-46.6297230843116;-23.5926269886946,-46.6305273188054;-23.5931819 -46.6297171;-23.5926323 -46.6305322;103;14;18
168;Thu Mar 14 23:53:48 2019;-23.5931874507308,-46.6297230843116;-23.5926269886946,-46.6305273188054;-23.5931819 -46.6297171;-23.5926323 -46.6305322;103;14;18
169;Thu Mar 14 23:54:48 2019;-23.5931874507308,-46.6297230843116;-23.5926269886946,-46.6305273188054;-23.5931819 -46.6297171;-23.5926323 -46.6305322;103;14;18
170;Thu Mar 14 23:55:48 2019;-23.5931874507308,-46.6297230843116;-23.5926269886946,-46.6305273188054;-23.5931819 -46.6297171;-23.5926323 -46.6305322;103;14;18
171;Thu Mar 14 23:56:49 2019;-23.5931874507308,-46.6297230843116;-23.5926269886946,-46.6305273188054;-23.5931819 -46.6297171;-23.5926323 -46.6305322;103;14;18
172;Thu Mar 14 23:57:48 2019;-23.5931874507308,-46.6297230843116;-23.5926269886946,-46.6305273188054;-23.5931819 -46.6297171;-23.5926323 -46.6305322;103;14;18
173;Thu Mar 14 23:58:48 2019;-23.5931874507308,-46.6297230843116;-23.5926269886946,-46.6305273188054;-23.5931819 -46.6297171;-23.5926323 -46.6305322;103;14;18
174;Thu Mar 14 23:59:48 2019;-23.5931874507308,-46.6297230843116;-23.5926269886946,-46.6305273188054;-23.5931819 -46.6297171;-23.5926323 -46.6305322;103;14;18
