38972;Thu Mar 14 00:00:34 2019;-23.5964170809876,-46.6165202977249;-23.5955448934394,-46.617134202324;-23.5964338 -46.6165287;-23.5955759 -46.6171751;123;15;14
39213;Thu Mar 14 04:01:34 2019;-23.5964170809876,-46.6165202977249;-23.5955448934394,-46.617134202324;-23.5964338 -46.6165287;-23.5955759 -46.6171751;123;15;13
39214;Thu Mar 14 04:02:34 2019;-23.5964170809876,-46.6165202977249;-23.5955448934394,-46.617134202324;-23.5964338 -46.6165287;-23.5955759 -46.6171751;123;15;13
39215;Thu Mar 14 04:03:34 2019;-23.5964170809876,-46.6165202977249;-23.5955448934394,-46.617134202324;-23.5964338 -46.6165287;-23.5955759 -46.6171751;123;15;13
39216;Thu Mar 14 04:04:34 2019;-23.5964170809876,-46.6165202977249;-23.5955448934394,-46.617134202324;-23.5964338 -46.6165287;-23.5955759 -46.6171751;123;15;13
39217;Thu Mar 14 04:05:34 2019;-23.5964170809876,-46.6165202977249;-23.5955448934394,-46.617134202324;-23.5964338 -46.6165287;-23.5955759 -46.6171751;123;15;13
39218;Thu Mar 14 04:06:34 2019;-23.5964170809876,-46.6165202977249;-23.5955448934394,-46.617134202324;-23.5964338 -46.6165287;-23.5955759 -46.6171751;123;15;13
39219;Thu Mar 14 04:07:34 2019;-23.5964170809876,-46.6165202977249;-23.5955448934394,-46.617134202324;-23.5964338 -46.6165287;-23.5955759 -46.6171751;123;15;12
39220;Thu Mar 14 04:08:34 2019;-23.5964170809876,-46.6165202977249;-23.5955448934394,-46.617134202324;-23.5964338 -46.6165287;-23.5955759 -46.6171751;123;15;12
39221;Thu Mar 14 04:09:34 2019;-23.5964170809876,-46.6165202977249;-23.5955448934394,-46.617134202324;-23.5964338 -46.6165287;-23.5955759 -46.6171751;123;15;12
1;Thu Mar 14 21:06:55 2019;-23.5964170809876,-46.6165202977249;-23.5955448934394,-46.617134202324;-23.5964338 -46.6165287;-23.5955759 -46.6171751;123;15;18
2;Thu Mar 14 21:07:48 2019;-23.5964170809876,-46.6165202977249;-23.5955448934394,-46.617134202324;-23.5964338 -46.6165287;-23.5955759 -46.6171751;123;15;18
3;Thu Mar 14 21:08:51 2019;-23.5964170809876,-46.6165202977249;-23.5955448934394,-46.617134202324;-23.5964338 -46.6165287;-23.5955759 -46.6171751;123;15;18
4;Thu Mar 14 21:09:48 2019;-23.5964170809876,-46.6165202977249;-23.5955448934394,-46.617134202324;-23.5964338 -46.6165287;-23.5955759 -46.6171751;123;15;18
5;Thu Mar 14 21:10:48 2019;-23.5964170809876,-46.6165202977249;-23.5955448934394,-46.617134202324;-23.5964338 -46.6165287;-23.5955759 -46.6171751;123;15;18
6;Thu Mar 14 21:11:47 2019;-23.5964170809876,-46.6165202977249;-23.5955448934394,-46.617134202324;-23.5964338 -46.6165287;-23.5955759 -46.6171751;123;15;18
7;Thu Mar 14 21:12:47 2019;-23.5964170809876,-46.6165202977249;-23.5955448934394,-46.617134202324;-23.5964338 -46.6165287;-23.5955759 -46.6171751;123;15;18
8;Thu Mar 14 21:13:47 2019;-23.5964170809876,-46.6165202977249;-23.5955448934394,-46.617134202324;-23.5964338 -46.6165287;-23.5955759 -46.6171751;123;15;18
9;Thu Mar 14 21:14:48 2019;-23.5964170809876,-46.6165202977249;-23.5955448934394,-46.617134202324;-23.5964338 -46.6165287;-23.5955759 -46.6171751;123;15;18
10;Thu Mar 14 21:15:48 2019;-23.5964170809876,-46.6165202977249;-23.5955448934394,-46.617134202324;-23.5964338 -46.6165287;-23.5955759 -46.6171751;123;15;18
11;Thu Mar 14 21:16:48 2019;-23.5964170809876,-46.6165202977249;-23.5955448934394,-46.617134202324;-23.5964338 -46.6165287;-23.5955759 -46.6171751;123;15;18
12;Thu Mar 14 21:17:48 2019;-23.5964170809876,-46.6165202977249;-23.5955448934394,-46.617134202324;-23.5964338 -46.6165287;-23.5955759 -46.6171751;123;15;18
13;Thu Mar 14 21:18:48 2019;-23.5964170809876,-46.6165202977249;-23.5955448934394,-46.617134202324;-23.5964338 -46.6165287;-23.5955759 -46.6171751;123;15;18
14;Thu Mar 14 21:19:48 2019;-23.5964170809876,-46.6165202977249;-23.5955448934394,-46.617134202324;-23.5964338 -46.6165287;-23.5955759 -46.6171751;123;15;18
15;Thu Mar 14 21:20:48 2019;-23.5964170809876,-46.6165202977249;-23.5955448934394,-46.617134202324;-23.5964338 -46.6165287;-23.5955759 -46.6171751;123;15;18
16;Thu Mar 14 21:21:49 2019;-23.5964170809876,-46.6165202977249;-23.5955448934394,-46.617134202324;-23.5964338 -46.6165287;-23.5955759 -46.6171751;123;15;18
17;Thu Mar 14 21:22:48 2019;-23.5964170809876,-46.6165202977249;-23.5955448934394,-46.617134202324;-23.5964338 -46.6165287;-23.5955759 -46.6171751;123;15;19
18;Thu Mar 14 21:23:48 2019;-23.5964170809876,-46.6165202977249;-23.5955448934394,-46.617134202324;-23.5964338 -46.6165287;-23.5955759 -46.6171751;123;15;19
19;Thu Mar 14 21:24:48 2019;-23.5964170809876,-46.6165202977249;-23.5955448934394,-46.617134202324;-23.5964338 -46.6165287;-23.5955759 -46.6171751;123;15;19
20;Thu Mar 14 21:25:47 2019;-23.5964170809876,-46.6165202977249;-23.5955448934394,-46.617134202324;-23.5964338 -46.6165287;-23.5955759 -46.6171751;123;15;19
21;Thu Mar 14 21:26:48 2019;-23.5964170809876,-46.6165202977249;-23.5955448934394,-46.617134202324;-23.5964338 -46.6165287;-23.5955759 -46.6171751;123;15;19
22;Thu Mar 14 21:27:47 2019;-23.5964170809876,-46.6165202977249;-23.5955448934394,-46.617134202324;-23.5964338 -46.6165287;-23.5955759 -46.6171751;123;15;19
23;Thu Mar 14 21:28:47 2019;-23.5964170809876,-46.6165202977249;-23.5955448934394,-46.617134202324;-23.5964338 -46.6165287;-23.5955759 -46.6171751;123;15;19
24;Thu Mar 14 21:29:48 2019;-23.5964170809876,-46.6165202977249;-23.5955448934394,-46.617134202324;-23.5964338 -46.6165287;-23.5955759 -46.6171751;123;15;19
25;Thu Mar 14 21:30:47 2019;-23.5964170809876,-46.6165202977249;-23.5955448934394,-46.617134202324;-23.5964338 -46.6165287;-23.5955759 -46.6171751;123;15;19
26;Thu Mar 14 21:31:47 2019;-23.5964170809876,-46.6165202977249;-23.5955448934394,-46.617134202324;-23.5964338 -46.6165287;-23.5955759 -46.6171751;123;15;19
27;Thu Mar 14 21:32:47 2019;-23.5964170809876,-46.6165202977249;-23.5955448934394,-46.617134202324;-23.5964338 -46.6165287;-23.5955759 -46.6171751;123;15;19
28;Thu Mar 14 21:33:48 2019;-23.5964170809876,-46.6165202977249;-23.5955448934394,-46.617134202324;-23.5964338 -46.6165287;-23.5955759 -46.6171751;123;15;19
29;Thu Mar 14 21:34:48 2019;-23.5964170809876,-46.6165202977249;-23.5955448934394,-46.617134202324;-23.5964338 -46.6165287;-23.5955759 -46.6171751;123;15;19
30;Thu Mar 14 21:35:47 2019;-23.5964170809876,-46.6165202977249;-23.5955448934394,-46.617134202324;-23.5964338 -46.6165287;-23.5955759 -46.6171751;123;15;19
31;Thu Mar 14 21:36:47 2019;-23.5964170809876,-46.6165202977249;-23.5955448934394,-46.617134202324;-23.5964338 -46.6165287;-23.5955759 -46.6171751;123;15;19
32;Thu Mar 14 21:37:47 2019;-23.5964170809876,-46.6165202977249;-23.5955448934394,-46.617134202324;-23.5964338 -46.6165287;-23.5955759 -46.6171751;123;15;18
33;Thu Mar 14 21:38:48 2019;-23.5964170809876,-46.6165202977249;-23.5955448934394,-46.617134202324;-23.5964338 -46.6165287;-23.5955759 -46.6171751;123;15;18
34;Thu Mar 14 21:39:47 2019;-23.5964170809876,-46.6165202977249;-23.5955448934394,-46.617134202324;-23.5964338 -46.6165287;-23.5955759 -46.6171751;123;15;18
35;Thu Mar 14 21:40:48 2019;-23.5964170809876,-46.6165202977249;-23.5955448934394,-46.617134202324;-23.5964338 -46.6165287;-23.5955759 -46.6171751;123;15;18
36;Thu Mar 14 21:41:47 2019;-23.5964170809876,-46.6165202977249;-23.5955448934394,-46.617134202324;-23.5964338 -46.6165287;-23.5955759 -46.6171751;123;15;18
37;Thu Mar 14 21:42:47 2019;-23.5964170809876,-46.6165202977249;-23.5955448934394,-46.617134202324;-23.5964338 -46.6165287;-23.5955759 -46.6171751;123;15;18
38;Thu Mar 14 21:43:47 2019;-23.5964170809876,-46.6165202977249;-23.5955448934394,-46.617134202324;-23.5964338 -46.6165287;-23.5955759 -46.6171751;123;15;18
39;Thu Mar 14 21:44:48 2019;-23.5964170809876,-46.6165202977249;-23.5955448934394,-46.617134202324;-23.5964338 -46.6165287;-23.5955759 -46.6171751;123;15;18
40;Thu Mar 14 21:45:47 2019;-23.5964170809876,-46.6165202977249;-23.5955448934394,-46.617134202324;-23.5964338 -46.6165287;-23.5955759 -46.6171751;123;15;18
41;Thu Mar 14 21:46:48 2019;-23.5964170809876,-46.6165202977249;-23.5955448934394,-46.617134202324;-23.5964338 -46.6165287;-23.5955759 -46.6171751;123;15;18
42;Thu Mar 14 21:47:47 2019;-23.5964170809876,-46.6165202977249;-23.5955448934394,-46.617134202324;-23.5964338 -46.6165287;-23.5955759 -46.6171751;123;15;18
43;Thu Mar 14 21:48:48 2019;-23.5964170809876,-46.6165202977249;-23.5955448934394,-46.617134202324;-23.5964338 -46.6165287;-23.5955759 -46.6171751;123;15;18
44;Thu Mar 14 21:49:47 2019;-23.5964170809876,-46.6165202977249;-23.5955448934394,-46.617134202324;-23.5964338 -46.6165287;-23.5955759 -46.6171751;123;15;18
45;Thu Mar 14 21:50:47 2019;-23.5964170809876,-46.6165202977249;-23.5955448934394,-46.617134202324;-23.5964338 -46.6165287;-23.5955759 -46.6171751;123;15;18
46;Thu Mar 14 21:51:47 2019;-23.5964170809876,-46.6165202977249;-23.5955448934394,-46.617134202324;-23.5964338 -46.6165287;-23.5955759 -46.6171751;123;15;18
47;Thu Mar 14 21:52:47 2019;-23.5964170809876,-46.6165202977249;-23.5955448934394,-46.617134202324;-23.5964338 -46.6165287;-23.5955759 -46.6171751;123;15;18
48;Thu Mar 14 21:53:47 2019;-23.5964170809876,-46.6165202977249;-23.5955448934394,-46.617134202324;-23.5964338 -46.6165287;-23.5955759 -46.6171751;123;15;18
49;Thu Mar 14 21:54:48 2019;-23.5964170809876,-46.6165202977249;-23.5955448934394,-46.617134202324;-23.5964338 -46.6165287;-23.5955759 -46.6171751;123;15;18
50;Thu Mar 14 21:55:47 2019;-23.5964170809876,-46.6165202977249;-23.5955448934394,-46.617134202324;-23.5964338 -46.6165287;-23.5955759 -46.6171751;123;15;18
51;Thu Mar 14 21:56:48 2019;-23.5964170809876,-46.6165202977249;-23.5955448934394,-46.617134202324;-23.5964338 -46.6165287;-23.5955759 -46.6171751;123;15;18
52;Thu Mar 14 21:57:47 2019;-23.5964170809876,-46.6165202977249;-23.5955448934394,-46.617134202324;-23.5964338 -46.6165287;-23.5955759 -46.6171751;123;15;18
53;Thu Mar 14 21:58:48 2019;-23.5964170809876,-46.6165202977249;-23.5955448934394,-46.617134202324;-23.5964338 -46.6165287;-23.5955759 -46.6171751;123;15;18
54;Thu Mar 14 21:59:47 2019;-23.5964170809876,-46.6165202977249;-23.5955448934394,-46.617134202324;-23.5964338 -46.6165287;-23.5955759 -46.6171751;123;15;18
55;Thu Mar 14 22:00:47 2019;-23.5964170809876,-46.6165202977249;-23.5955448934394,-46.617134202324;-23.5964338 -46.6165287;-23.5955759 -46.6171751;123;15;18
56;Thu Mar 14 22:01:47 2019;-23.5964170809876,-46.6165202977249;-23.5955448934394,-46.617134202324;-23.5964338 -46.6165287;-23.5955759 -46.6171751;123;15;18
57;Thu Mar 14 22:02:47 2019;-23.5964170809876,-46.6165202977249;-23.5955448934394,-46.617134202324;-23.5964338 -46.6165287;-23.5955759 -46.6171751;123;15;18
58;Thu Mar 14 22:03:47 2019;-23.5964170809876,-46.6165202977249;-23.5955448934394,-46.617134202324;-23.5964338 -46.6165287;-23.5955759 -46.6171751;123;15;18
59;Thu Mar 14 22:04:48 2019;-23.5964170809876,-46.6165202977249;-23.5955448934394,-46.617134202324;-23.5964338 -46.6165287;-23.5955759 -46.6171751;123;15;18
60;Thu Mar 14 22:05:48 2019;-23.5964170809876,-46.6165202977249;-23.5955448934394,-46.617134202324;-23.5964338 -46.6165287;-23.5955759 -46.6171751;123;15;18
61;Thu Mar 14 22:06:48 2019;-23.5964170809876,-46.6165202977249;-23.5955448934394,-46.617134202324;-23.5964338 -46.6165287;-23.5955759 -46.6171751;123;15;18
62;Thu Mar 14 22:07:47 2019;-23.5964170809876,-46.6165202977249;-23.5955448934394,-46.617134202324;-23.5964338 -46.6165287;-23.5955759 -46.6171751;123;15;16
63;Thu Mar 14 22:08:48 2019;-23.5964170809876,-46.6165202977249;-23.5955448934394,-46.617134202324;-23.5964338 -46.6165287;-23.5955759 -46.6171751;123;15;16
64;Thu Mar 14 22:09:47 2019;-23.5964170809876,-46.6165202977249;-23.5955448934394,-46.617134202324;-23.5964338 -46.6165287;-23.5955759 -46.6171751;123;15;16
65;Thu Mar 14 22:10:47 2019;-23.5964170809876,-46.6165202977249;-23.5955448934394,-46.617134202324;-23.5964338 -46.6165287;-23.5955759 -46.6171751;123;15;16
66;Thu Mar 14 22:11:48 2019;-23.5964170809876,-46.6165202977249;-23.5955448934394,-46.617134202324;-23.5964338 -46.6165287;-23.5955759 -46.6171751;123;15;16
67;Thu Mar 14 22:12:47 2019;-23.5964170809876,-46.6165202977249;-23.5955448934394,-46.617134202324;-23.5964338 -46.6165287;-23.5955759 -46.6171751;123;15;16
68;Thu Mar 14 22:13:47 2019;-23.5964170809876,-46.6165202977249;-23.5955448934394,-46.617134202324;-23.5964338 -46.6165287;-23.5955759 -46.6171751;123;15;16
69;Thu Mar 14 22:14:47 2019;-23.5964170809876,-46.6165202977249;-23.5955448934394,-46.617134202324;-23.5964338 -46.6165287;-23.5955759 -46.6171751;123;15;16
70;Thu Mar 14 22:15:48 2019;-23.5964170809876,-46.6165202977249;-23.5955448934394,-46.617134202324;-23.5964338 -46.6165287;-23.5955759 -46.6171751;123;15;16
71;Thu Mar 14 22:16:47 2019;-23.5964170809876,-46.6165202977249;-23.5955448934394,-46.617134202324;-23.5964338 -46.6165287;-23.5955759 -46.6171751;123;15;16
72;Thu Mar 14 22:17:48 2019;-23.5964170809876,-46.6165202977249;-23.5955448934394,-46.617134202324;-23.5964338 -46.6165287;-23.5955759 -46.6171751;123;15;16
73;Thu Mar 14 22:18:48 2019;-23.5964170809876,-46.6165202977249;-23.5955448934394,-46.617134202324;-23.5964338 -46.6165287;-23.5955759 -46.6171751;123;15;16
74;Thu Mar 14 22:19:48 2019;-23.5964170809876,-46.6165202977249;-23.5955448934394,-46.617134202324;-23.5964338 -46.6165287;-23.5955759 -46.6171751;123;15;16
75;Thu Mar 14 22:20:47 2019;-23.5964170809876,-46.6165202977249;-23.5955448934394,-46.617134202324;-23.5964338 -46.6165287;-23.5955759 -46.6171751;123;15;16
76;Thu Mar 14 22:21:47 2019;-23.5964170809876,-46.6165202977249;-23.5955448934394,-46.617134202324;-23.5964338 -46.6165287;-23.5955759 -46.6171751;123;15;16
77;Thu Mar 14 22:22:47 2019;-23.5964170809876,-46.6165202977249;-23.5955448934394,-46.617134202324;-23.5964338 -46.6165287;-23.5955759 -46.6171751;123;15;15
78;Thu Mar 14 22:23:47 2019;-23.5964170809876,-46.6165202977249;-23.5955448934394,-46.617134202324;-23.5964338 -46.6165287;-23.5955759 -46.6171751;123;15;15
79;Thu Mar 14 22:24:48 2019;-23.5964170809876,-46.6165202977249;-23.5955448934394,-46.617134202324;-23.5964338 -46.6165287;-23.5955759 -46.6171751;123;15;15
80;Thu Mar 14 22:25:48 2019;-23.5964170809876,-46.6165202977249;-23.5955448934394,-46.617134202324;-23.5964338 -46.6165287;-23.5955759 -46.6171751;123;15;15
81;Thu Mar 14 22:26:48 2019;-23.5964170809876,-46.6165202977249;-23.5955448934394,-46.617134202324;-23.5964338 -46.6165287;-23.5955759 -46.6171751;123;15;15
82;Thu Mar 14 22:27:48 2019;-23.5964170809876,-46.6165202977249;-23.5955448934394,-46.617134202324;-23.5964338 -46.6165287;-23.5955759 -46.6171751;123;15;15
83;Thu Mar 14 22:28:48 2019;-23.5964170809876,-46.6165202977249;-23.5955448934394,-46.617134202324;-23.5964338 -46.6165287;-23.5955759 -46.6171751;123;15;15
84;Thu Mar 14 22:29:47 2019;-23.5964170809876,-46.6165202977249;-23.5955448934394,-46.617134202324;-23.5964338 -46.6165287;-23.5955759 -46.6171751;123;15;15
85;Thu Mar 14 22:30:48 2019;-23.5964170809876,-46.6165202977249;-23.5955448934394,-46.617134202324;-23.5964338 -46.6165287;-23.5955759 -46.6171751;123;15;15
86;Thu Mar 14 22:31:47 2019;-23.5964170809876,-46.6165202977249;-23.5955448934394,-46.617134202324;-23.5964338 -46.6165287;-23.5955759 -46.6171751;123;15;15
87;Thu Mar 14 22:32:48 2019;-23.5964170809876,-46.6165202977249;-23.5955448934394,-46.617134202324;-23.5964338 -46.6165287;-23.5955759 -46.6171751;123;15;15
88;Thu Mar 14 22:33:47 2019;-23.5964170809876,-46.6165202977249;-23.5955448934394,-46.617134202324;-23.5964338 -46.6165287;-23.5955759 -46.6171751;123;15;15
89;Thu Mar 14 22:34:47 2019;-23.5964170809876,-46.6165202977249;-23.5955448934394,-46.617134202324;-23.5964338 -46.6165287;-23.5955759 -46.6171751;123;15;15
90;Thu Mar 14 22:35:47 2019;-23.5964170809876,-46.6165202977249;-23.5955448934394,-46.617134202324;-23.5964338 -46.6165287;-23.5955759 -46.6171751;123;15;15
91;Thu Mar 14 22:36:48 2019;-23.5964170809876,-46.6165202977249;-23.5955448934394,-46.617134202324;-23.5964338 -46.6165287;-23.5955759 -46.6171751;123;15;15
92;Thu Mar 14 22:37:47 2019;-23.5964170809876,-46.6165202977249;-23.5955448934394,-46.617134202324;-23.5964338 -46.6165287;-23.5955759 -46.6171751;123;15;15
93;Thu Mar 14 22:38:49 2019;-23.5964170809876,-46.6165202977249;-23.5955448934394,-46.617134202324;-23.5964338 -46.6165287;-23.5955759 -46.6171751;123;15;15
94;Thu Mar 14 22:39:47 2019;-23.5964170809876,-46.6165202977249;-23.5955448934394,-46.617134202324;-23.5964338 -46.6165287;-23.5955759 -46.6171751;123;15;15
95;Thu Mar 14 22:40:48 2019;-23.5964170809876,-46.6165202977249;-23.5955448934394,-46.617134202324;-23.5964338 -46.6165287;-23.5955759 -46.6171751;123;15;15
96;Thu Mar 14 22:41:47 2019;-23.5964170809876,-46.6165202977249;-23.5955448934394,-46.617134202324;-23.5964338 -46.6165287;-23.5955759 -46.6171751;123;15;15
97;Thu Mar 14 22:42:48 2019;-23.5964170809876,-46.6165202977249;-23.5955448934394,-46.617134202324;-23.5964338 -46.6165287;-23.5955759 -46.6171751;123;15;15
98;Thu Mar 14 22:43:47 2019;-23.5964170809876,-46.6165202977249;-23.5955448934394,-46.617134202324;-23.5964338 -46.6165287;-23.5955759 -46.6171751;123;15;15
99;Thu Mar 14 22:44:48 2019;-23.5964170809876,-46.6165202977249;-23.5955448934394,-46.617134202324;-23.5964338 -46.6165287;-23.5955759 -46.6171751;123;15;15
100;Thu Mar 14 22:45:48 2019;-23.5964170809876,-46.6165202977249;-23.5955448934394,-46.617134202324;-23.5964338 -46.6165287;-23.5955759 -46.6171751;123;15;15
101;Thu Mar 14 22:46:48 2019;-23.5964170809876,-46.6165202977249;-23.5955448934394,-46.617134202324;-23.5964338 -46.6165287;-23.5955759 -46.6171751;123;15;15
102;Thu Mar 14 22:47:47 2019;-23.5964170809876,-46.6165202977249;-23.5955448934394,-46.617134202324;-23.5964338 -46.6165287;-23.5955759 -46.6171751;123;15;15
103;Thu Mar 14 22:48:47 2019;-23.5964170809876,-46.6165202977249;-23.5955448934394,-46.617134202324;-23.5964338 -46.6165287;-23.5955759 -46.6171751;123;15;15
104;Thu Mar 14 22:49:47 2019;-23.5964170809876,-46.6165202977249;-23.5955448934394,-46.617134202324;-23.5964338 -46.6165287;-23.5955759 -46.6171751;123;15;15
105;Thu Mar 14 22:50:48 2019;-23.5964170809876,-46.6165202977249;-23.5955448934394,-46.617134202324;-23.5964338 -46.6165287;-23.5955759 -46.6171751;123;15;15
106;Thu Mar 14 22:51:47 2019;-23.5964170809876,-46.6165202977249;-23.5955448934394,-46.617134202324;-23.5964338 -46.6165287;-23.5955759 -46.6171751;123;15;15
107;Thu Mar 14 22:52:47 2019;-23.5964170809876,-46.6165202977249;-23.5955448934394,-46.617134202324;-23.5964338 -46.6165287;-23.5955759 -46.6171751;123;15;18
108;Thu Mar 14 22:53:48 2019;-23.5964170809876,-46.6165202977249;-23.5955448934394,-46.617134202324;-23.5964338 -46.6165287;-23.5955759 -46.6171751;123;15;18
109;Thu Mar 14 22:54:47 2019;-23.5964170809876,-46.6165202977249;-23.5955448934394,-46.617134202324;-23.5964338 -46.6165287;-23.5955759 -46.6171751;123;15;18
110;Thu Mar 14 22:55:48 2019;-23.5964170809876,-46.6165202977249;-23.5955448934394,-46.617134202324;-23.5964338 -46.6165287;-23.5955759 -46.6171751;123;15;18
111;Thu Mar 14 22:56:48 2019;-23.5964170809876,-46.6165202977249;-23.5955448934394,-46.617134202324;-23.5964338 -46.6165287;-23.5955759 -46.6171751;123;15;18
112;Thu Mar 14 22:57:47 2019;-23.5964170809876,-46.6165202977249;-23.5955448934394,-46.617134202324;-23.5964338 -46.6165287;-23.5955759 -46.6171751;123;15;18
113;Thu Mar 14 22:58:47 2019;-23.5964170809876,-46.6165202977249;-23.5955448934394,-46.617134202324;-23.5964338 -46.6165287;-23.5955759 -46.6171751;123;15;18
114;Thu Mar 14 22:59:47 2019;-23.5964170809876,-46.6165202977249;-23.5955448934394,-46.617134202324;-23.5964338 -46.6165287;-23.5955759 -46.6171751;123;15;18
115;Thu Mar 14 23:00:47 2019;-23.5964170809876,-46.6165202977249;-23.5955448934394,-46.617134202324;-23.5964338 -46.6165287;-23.5955759 -46.6171751;123;15;18
116;Thu Mar 14 23:01:47 2019;-23.5964170809876,-46.6165202977249;-23.5955448934394,-46.617134202324;-23.5964338 -46.6165287;-23.5955759 -46.6171751;123;15;18
117;Thu Mar 14 23:02:47 2019;-23.5964170809876,-46.6165202977249;-23.5955448934394,-46.617134202324;-23.5964338 -46.6165287;-23.5955759 -46.6171751;123;15;18
118;Thu Mar 14 23:03:48 2019;-23.5964170809876,-46.6165202977249;-23.5955448934394,-46.617134202324;-23.5964338 -46.6165287;-23.5955759 -46.6171751;123;15;18
119;Thu Mar 14 23:04:48 2019;-23.5964170809876,-46.6165202977249;-23.5955448934394,-46.617134202324;-23.5964338 -46.6165287;-23.5955759 -46.6171751;123;15;18
120;Thu Mar 14 23:05:47 2019;-23.5964170809876,-46.6165202977249;-23.5955448934394,-46.617134202324;-23.5964338 -46.6165287;-23.5955759 -46.6171751;123;15;18
121;Thu Mar 14 23:06:48 2019;-23.5964170809876,-46.6165202977249;-23.5955448934394,-46.617134202324;-23.5964338 -46.6165287;-23.5955759 -46.6171751;123;15;18
122;Thu Mar 14 23:07:48 2019;-23.5964170809876,-46.6165202977249;-23.5955448934394,-46.617134202324;-23.5964338 -46.6165287;-23.5955759 -46.6171751;123;15;15
123;Thu Mar 14 23:08:47 2019;-23.5964170809876,-46.6165202977249;-23.5955448934394,-46.617134202324;-23.5964338 -46.6165287;-23.5955759 -46.6171751;123;15;15
124;Thu Mar 14 23:09:47 2019;-23.5964170809876,-46.6165202977249;-23.5955448934394,-46.617134202324;-23.5964338 -46.6165287;-23.5955759 -46.6171751;123;15;15
125;Thu Mar 14 23:10:47 2019;-23.5964170809876,-46.6165202977249;-23.5955448934394,-46.617134202324;-23.5964338 -46.6165287;-23.5955759 -46.6171751;123;15;15
126;Thu Mar 14 23:11:48 2019;-23.5964170809876,-46.6165202977249;-23.5955448934394,-46.617134202324;-23.5964338 -46.6165287;-23.5955759 -46.6171751;123;15;15
127;Thu Mar 14 23:12:47 2019;-23.5964170809876,-46.6165202977249;-23.5955448934394,-46.617134202324;-23.5964338 -46.6165287;-23.5955759 -46.6171751;123;15;15
128;Thu Mar 14 23:13:47 2019;-23.5964170809876,-46.6165202977249;-23.5955448934394,-46.617134202324;-23.5964338 -46.6165287;-23.5955759 -46.6171751;123;15;15
129;Thu Mar 14 23:14:47 2019;-23.5964170809876,-46.6165202977249;-23.5955448934394,-46.617134202324;-23.5964338 -46.6165287;-23.5955759 -46.6171751;123;15;15
130;Thu Mar 14 23:15:47 2019;-23.5964170809876,-46.6165202977249;-23.5955448934394,-46.617134202324;-23.5964338 -46.6165287;-23.5955759 -46.6171751;123;15;15
131;Thu Mar 14 23:16:48 2019;-23.5964170809876,-46.6165202977249;-23.5955448934394,-46.617134202324;-23.5964338 -46.6165287;-23.5955759 -46.6171751;123;15;15
132;Thu Mar 14 23:17:47 2019;-23.5964170809876,-46.6165202977249;-23.5955448934394,-46.617134202324;-23.5964338 -46.6165287;-23.5955759 -46.6171751;123;15;15
133;Thu Mar 14 23:18:47 2019;-23.5964170809876,-46.6165202977249;-23.5955448934394,-46.617134202324;-23.5964338 -46.6165287;-23.5955759 -46.6171751;123;15;15
134;Thu Mar 14 23:19:47 2019;-23.5964170809876,-46.6165202977249;-23.5955448934394,-46.617134202324;-23.5964338 -46.6165287;-23.5955759 -46.6171751;123;15;15
135;Thu Mar 14 23:20:47 2019;-23.5964170809876,-46.6165202977249;-23.5955448934394,-46.617134202324;-23.5964338 -46.6165287;-23.5955759 -46.6171751;123;15;15
136;Thu Mar 14 23:21:47 2019;-23.5964170809876,-46.6165202977249;-23.5955448934394,-46.617134202324;-23.5964338 -46.6165287;-23.5955759 -46.6171751;123;15;15
137;Thu Mar 14 23:22:48 2019;-23.5964170809876,-46.6165202977249;-23.5955448934394,-46.617134202324;-23.5964338 -46.6165287;-23.5955759 -46.6171751;123;15;15
138;Thu Mar 14 23:23:47 2019;-23.5964170809876,-46.6165202977249;-23.5955448934394,-46.617134202324;-23.5964338 -46.6165287;-23.5955759 -46.6171751;123;15;15
139;Thu Mar 14 23:24:48 2019;-23.5964170809876,-46.6165202977249;-23.5955448934394,-46.617134202324;-23.5964338 -46.6165287;-23.5955759 -46.6171751;123;15;15
140;Thu Mar 14 23:25:47 2019;-23.5964170809876,-46.6165202977249;-23.5955448934394,-46.617134202324;-23.5964338 -46.6165287;-23.5955759 -46.6171751;123;15;15
141;Thu Mar 14 23:26:49 2019;-23.5964170809876,-46.6165202977249;-23.5955448934394,-46.617134202324;-23.5964338 -46.6165287;-23.5955759 -46.6171751;123;15;15
142;Thu Mar 14 23:27:47 2019;-23.5964170809876,-46.6165202977249;-23.5955448934394,-46.617134202324;-23.5964338 -46.6165287;-23.5955759 -46.6171751;123;15;15
143;Thu Mar 14 23:28:47 2019;-23.5964170809876,-46.6165202977249;-23.5955448934394,-46.617134202324;-23.5964338 -46.6165287;-23.5955759 -46.6171751;123;15;15
144;Thu Mar 14 23:29:47 2019;-23.5964170809876,-46.6165202977249;-23.5955448934394,-46.617134202324;-23.5964338 -46.6165287;-23.5955759 -46.6171751;123;15;15
145;Thu Mar 14 23:30:47 2019;-23.5964170809876,-46.6165202977249;-23.5955448934394,-46.617134202324;-23.5964338 -46.6165287;-23.5955759 -46.6171751;123;15;15
146;Thu Mar 14 23:31:47 2019;-23.5964170809876,-46.6165202977249;-23.5955448934394,-46.617134202324;-23.5964338 -46.6165287;-23.5955759 -46.6171751;123;15;15
147;Thu Mar 14 23:32:48 2019;-23.5964170809876,-46.6165202977249;-23.5955448934394,-46.617134202324;-23.5964338 -46.6165287;-23.5955759 -46.6171751;123;15;15
148;Thu Mar 14 23:33:48 2019;-23.5964170809876,-46.6165202977249;-23.5955448934394,-46.617134202324;-23.5964338 -46.6165287;-23.5955759 -46.6171751;123;15;15
149;Thu Mar 14 23:34:47 2019;-23.5964170809876,-46.6165202977249;-23.5955448934394,-46.617134202324;-23.5964338 -46.6165287;-23.5955759 -46.6171751;123;15;15
150;Thu Mar 14 23:35:47 2019;-23.5964170809876,-46.6165202977249;-23.5955448934394,-46.617134202324;-23.5964338 -46.6165287;-23.5955759 -46.6171751;123;15;15
151;Thu Mar 14 23:36:48 2019;-23.5964170809876,-46.6165202977249;-23.5955448934394,-46.617134202324;-23.5964338 -46.6165287;-23.5955759 -46.6171751;123;15;15
152;Thu Mar 14 23:37:48 2019;-23.5964170809876,-46.6165202977249;-23.5955448934394,-46.617134202324;-23.5964338 -46.6165287;-23.5955759 -46.6171751;123;15;16
153;Thu Mar 14 23:38:48 2019;-23.5964170809876,-46.6165202977249;-23.5955448934394,-46.617134202324;-23.5964338 -46.6165287;-23.5955759 -46.6171751;123;15;16
154;Thu Mar 14 23:39:47 2019;-23.5964170809876,-46.6165202977249;-23.5955448934394,-46.617134202324;-23.5964338 -46.6165287;-23.5955759 -46.6171751;123;15;16
155;Thu Mar 14 23:40:48 2019;-23.5964170809876,-46.6165202977249;-23.5955448934394,-46.617134202324;-23.5964338 -46.6165287;-23.5955759 -46.6171751;123;15;16
156;Thu Mar 14 23:41:48 2019;-23.5964170809876,-46.6165202977249;-23.5955448934394,-46.617134202324;-23.5964338 -46.6165287;-23.5955759 -46.6171751;123;15;16
157;Thu Mar 14 23:42:48 2019;-23.5964170809876,-46.6165202977249;-23.5955448934394,-46.617134202324;-23.5964338 -46.6165287;-23.5955759 -46.6171751;123;15;16
158;Thu Mar 14 23:43:47 2019;-23.5964170809876,-46.6165202977249;-23.5955448934394,-46.617134202324;-23.5964338 -46.6165287;-23.5955759 -46.6171751;123;15;16
159;Thu Mar 14 23:44:47 2019;-23.5964170809876,-46.6165202977249;-23.5955448934394,-46.617134202324;-23.5964338 -46.6165287;-23.5955759 -46.6171751;123;15;16
160;Thu Mar 14 23:45:47 2019;-23.5964170809876,-46.6165202977249;-23.5955448934394,-46.617134202324;-23.5964338 -46.6165287;-23.5955759 -46.6171751;123;15;16
161;Thu Mar 14 23:46:49 2019;-23.5964170809876,-46.6165202977249;-23.5955448934394,-46.617134202324;-23.5964338 -46.6165287;-23.5955759 -46.6171751;123;15;16
162;Thu Mar 14 23:47:48 2019;-23.5964170809876,-46.6165202977249;-23.5955448934394,-46.617134202324;-23.5964338 -46.6165287;-23.5955759 -46.6171751;123;15;16
163;Thu Mar 14 23:48:47 2019;-23.5964170809876,-46.6165202977249;-23.5955448934394,-46.617134202324;-23.5964338 -46.6165287;-23.5955759 -46.6171751;123;15;16
164;Thu Mar 14 23:49:47 2019;-23.5964170809876,-46.6165202977249;-23.5955448934394,-46.617134202324;-23.5964338 -46.6165287;-23.5955759 -46.6171751;123;15;16
165;Thu Mar 14 23:50:47 2019;-23.5964170809876,-46.6165202977249;-23.5955448934394,-46.617134202324;-23.5964338 -46.6165287;-23.5955759 -46.6171751;123;15;16
166;Thu Mar 14 23:51:48 2019;-23.5964170809876,-46.6165202977249;-23.5955448934394,-46.617134202324;-23.5964338 -46.6165287;-23.5955759 -46.6171751;123;15;16
167;Thu Mar 14 23:52:48 2019;-23.5964170809876,-46.6165202977249;-23.5955448934394,-46.617134202324;-23.5964338 -46.6165287;-23.5955759 -46.6171751;123;15;16
168;Thu Mar 14 23:53:48 2019;-23.5964170809876,-46.6165202977249;-23.5955448934394,-46.617134202324;-23.5964338 -46.6165287;-23.5955759 -46.6171751;123;15;16
169;Thu Mar 14 23:54:47 2019;-23.5964170809876,-46.6165202977249;-23.5955448934394,-46.617134202324;-23.5964338 -46.6165287;-23.5955759 -46.6171751;123;15;16
170;Thu Mar 14 23:55:48 2019;-23.5964170809876,-46.6165202977249;-23.5955448934394,-46.617134202324;-23.5964338 -46.6165287;-23.5955759 -46.6171751;123;15;16
171;Thu Mar 14 23:56:48 2019;-23.5964170809876,-46.6165202977249;-23.5955448934394,-46.617134202324;-23.5964338 -46.6165287;-23.5955759 -46.6171751;123;15;16
172;Thu Mar 14 23:57:47 2019;-23.5964170809876,-46.6165202977249;-23.5955448934394,-46.617134202324;-23.5964338 -46.6165287;-23.5955759 -46.6171751;123;15;16
173;Thu Mar 14 23:58:48 2019;-23.5964170809876,-46.6165202977249;-23.5955448934394,-46.617134202324;-23.5964338 -46.6165287;-23.5955759 -46.6171751;123;15;16
174;Thu Mar 14 23:59:47 2019;-23.5964170809876,-46.6165202977249;-23.5955448934394,-46.617134202324;-23.5964338 -46.6165287;-23.5955759 -46.6171751;123;15;16
