38972;Thu Mar 14 00:00:33 2019;-23.6304977514816,-46.6038687602859;-23.6294293937468,-46.6047248879112;-23.6304816 -46.6038767;-23.6294585 -46.6047459;226;41;39
39213;Thu Mar 14 04:01:33 2019;-23.6304977514816,-46.6038687602859;-23.6294293937468,-46.6047248879112;-23.6304816 -46.6038767;-23.6294585 -46.6047459;226;41;28
39214;Thu Mar 14 04:02:33 2019;-23.6304977514816,-46.6038687602859;-23.6294293937468,-46.6047248879112;-23.6304816 -46.6038767;-23.6294585 -46.6047459;226;41;28
39215;Thu Mar 14 04:03:33 2019;-23.6304977514816,-46.6038687602859;-23.6294293937468,-46.6047248879112;-23.6304816 -46.6038767;-23.6294585 -46.6047459;226;41;28
39216;Thu Mar 14 04:04:33 2019;-23.6304977514816,-46.6038687602859;-23.6294293937468,-46.6047248879112;-23.6304816 -46.6038767;-23.6294585 -46.6047459;226;41;28
39217;Thu Mar 14 04:05:33 2019;-23.6304977514816,-46.6038687602859;-23.6294293937468,-46.6047248879112;-23.6304816 -46.6038767;-23.6294585 -46.6047459;226;41;28
39218;Thu Mar 14 04:06:33 2019;-23.6304977514816,-46.6038687602859;-23.6294293937468,-46.6047248879112;-23.6304816 -46.6038767;-23.6294585 -46.6047459;226;41;28
39219;Thu Mar 14 04:07:33 2019;-23.6304977514816,-46.6038687602859;-23.6294293937468,-46.6047248879112;-23.6304816 -46.6038767;-23.6294585 -46.6047459;226;41;28
39220;Thu Mar 14 04:08:33 2019;-23.6304977514816,-46.6038687602859;-23.6294293937468,-46.6047248879112;-23.6304816 -46.6038767;-23.6294585 -46.6047459;226;41;28
39221;Thu Mar 14 04:09:33 2019;-23.6304977514816,-46.6038687602859;-23.6294293937468,-46.6047248879112;-23.6304816 -46.6038767;-23.6294585 -46.6047459;226;41;28
1;Thu Mar 14 21:06:50 2019;-23.6304977514816,-46.6038687602859;-23.6294293937468,-46.6047248879112;-23.6304816 -46.6038767;-23.6294585 -46.6047459;226;41;64
2;Thu Mar 14 21:07:46 2019;-23.6304977514816,-46.6038687602859;-23.6294293937468,-46.6047248879112;-23.6304816 -46.6038767;-23.6294585 -46.6047459;226;41;61
3;Thu Mar 14 21:08:49 2019;-23.6304977514816,-46.6038687602859;-23.6294293937468,-46.6047248879112;-23.6304816 -46.6038767;-23.6294585 -46.6047459;226;41;61
4;Thu Mar 14 21:09:46 2019;-23.6304977514816,-46.6038687602859;-23.6294293937468,-46.6047248879112;-23.6304816 -46.6038767;-23.6294585 -46.6047459;226;41;61
5;Thu Mar 14 21:10:46 2019;-23.6304977514816,-46.6038687602859;-23.6294293937468,-46.6047248879112;-23.6304816 -46.6038767;-23.6294585 -46.6047459;226;41;61
6;Thu Mar 14 21:11:46 2019;-23.6304977514816,-46.6038687602859;-23.6294293937468,-46.6047248879112;-23.6304816 -46.6038767;-23.6294585 -46.6047459;226;41;61
7;Thu Mar 14 21:12:45 2019;-23.6304977514816,-46.6038687602859;-23.6294293937468,-46.6047248879112;-23.6304816 -46.6038767;-23.6294585 -46.6047459;226;41;61
8;Thu Mar 14 21:13:46 2019;-23.6304977514816,-46.6038687602859;-23.6294293937468,-46.6047248879112;-23.6304816 -46.6038767;-23.6294585 -46.6047459;226;41;61
9;Thu Mar 14 21:14:46 2019;-23.6304977514816,-46.6038687602859;-23.6294293937468,-46.6047248879112;-23.6304816 -46.6038767;-23.6294585 -46.6047459;226;41;61
10;Thu Mar 14 21:15:47 2019;-23.6304977514816,-46.6038687602859;-23.6294293937468,-46.6047248879112;-23.6304816 -46.6038767;-23.6294585 -46.6047459;226;41;61
11;Thu Mar 14 21:16:46 2019;-23.6304977514816,-46.6038687602859;-23.6294293937468,-46.6047248879112;-23.6304816 -46.6038767;-23.6294585 -46.6047459;226;41;61
12;Thu Mar 14 21:17:46 2019;-23.6304977514816,-46.6038687602859;-23.6294293937468,-46.6047248879112;-23.6304816 -46.6038767;-23.6294585 -46.6047459;226;41;61
13;Thu Mar 14 21:18:46 2019;-23.6304977514816,-46.6038687602859;-23.6294293937468,-46.6047248879112;-23.6304816 -46.6038767;-23.6294585 -46.6047459;226;41;61
14;Thu Mar 14 21:19:46 2019;-23.6304977514816,-46.6038687602859;-23.6294293937468,-46.6047248879112;-23.6304816 -46.6038767;-23.6294585 -46.6047459;226;41;61
15;Thu Mar 14 21:20:47 2019;-23.6304977514816,-46.6038687602859;-23.6294293937468,-46.6047248879112;-23.6304816 -46.6038767;-23.6294585 -46.6047459;226;41;61
16;Thu Mar 14 21:21:47 2019;-23.6304977514816,-46.6038687602859;-23.6294293937468,-46.6047248879112;-23.6304816 -46.6038767;-23.6294585 -46.6047459;226;41;62
17;Thu Mar 14 21:22:46 2019;-23.6304977514816,-46.6038687602859;-23.6294293937468,-46.6047248879112;-23.6304816 -46.6038767;-23.6294585 -46.6047459;226;41;61
18;Thu Mar 14 21:23:46 2019;-23.6304977514816,-46.6038687602859;-23.6294293937468,-46.6047248879112;-23.6304816 -46.6038767;-23.6294585 -46.6047459;226;41;61
19;Thu Mar 14 21:24:46 2019;-23.6304977514816,-46.6038687602859;-23.6294293937468,-46.6047248879112;-23.6304816 -46.6038767;-23.6294585 -46.6047459;226;41;61
20;Thu Mar 14 21:25:46 2019;-23.6304977514816,-46.6038687602859;-23.6294293937468,-46.6047248879112;-23.6304816 -46.6038767;-23.6294585 -46.6047459;226;41;61
21;Thu Mar 14 21:26:46 2019;-23.6304977514816,-46.6038687602859;-23.6294293937468,-46.6047248879112;-23.6304816 -46.6038767;-23.6294585 -46.6047459;226;41;61
22;Thu Mar 14 21:27:46 2019;-23.6304977514816,-46.6038687602859;-23.6294293937468,-46.6047248879112;-23.6304816 -46.6038767;-23.6294585 -46.6047459;226;41;61
23;Thu Mar 14 21:28:46 2019;-23.6304977514816,-46.6038687602859;-23.6294293937468,-46.6047248879112;-23.6304816 -46.6038767;-23.6294585 -46.6047459;226;41;61
24;Thu Mar 14 21:29:46 2019;-23.6304977514816,-46.6038687602859;-23.6294293937468,-46.6047248879112;-23.6304816 -46.6038767;-23.6294585 -46.6047459;226;41;61
25;Thu Mar 14 21:30:46 2019;-23.6304977514816,-46.6038687602859;-23.6294293937468,-46.6047248879112;-23.6304816 -46.6038767;-23.6294585 -46.6047459;226;41;61
26;Thu Mar 14 21:31:46 2019;-23.6304977514816,-46.6038687602859;-23.6294293937468,-46.6047248879112;-23.6304816 -46.6038767;-23.6294585 -46.6047459;226;41;61
27;Thu Mar 14 21:32:46 2019;-23.6304977514816,-46.6038687602859;-23.6294293937468,-46.6047248879112;-23.6304816 -46.6038767;-23.6294585 -46.6047459;226;41;61
28;Thu Mar 14 21:33:46 2019;-23.6304977514816,-46.6038687602859;-23.6294293937468,-46.6047248879112;-23.6304816 -46.6038767;-23.6294585 -46.6047459;226;41;61
29;Thu Mar 14 21:34:46 2019;-23.6304977514816,-46.6038687602859;-23.6294293937468,-46.6047248879112;-23.6304816 -46.6038767;-23.6294585 -46.6047459;226;41;61
30;Thu Mar 14 21:35:46 2019;-23.6304977514816,-46.6038687602859;-23.6294293937468,-46.6047248879112;-23.6304816 -46.6038767;-23.6294585 -46.6047459;226;41;61
31;Thu Mar 14 21:36:46 2019;-23.6304977514816,-46.6038687602859;-23.6294293937468,-46.6047248879112;-23.6304816 -46.6038767;-23.6294585 -46.6047459;226;41;61
32;Thu Mar 14 21:37:46 2019;-23.6304977514816,-46.6038687602859;-23.6294293937468,-46.6047248879112;-23.6304816 -46.6038767;-23.6294585 -46.6047459;226;41;59
33;Thu Mar 14 21:38:46 2019;-23.6304977514816,-46.6038687602859;-23.6294293937468,-46.6047248879112;-23.6304816 -46.6038767;-23.6294585 -46.6047459;226;41;59
34;Thu Mar 14 21:39:46 2019;-23.6304977514816,-46.6038687602859;-23.6294293937468,-46.6047248879112;-23.6304816 -46.6038767;-23.6294585 -46.6047459;226;41;59
35;Thu Mar 14 21:40:46 2019;-23.6304977514816,-46.6038687602859;-23.6294293937468,-46.6047248879112;-23.6304816 -46.6038767;-23.6294585 -46.6047459;226;41;59
36;Thu Mar 14 21:41:46 2019;-23.6304977514816,-46.6038687602859;-23.6294293937468,-46.6047248879112;-23.6304816 -46.6038767;-23.6294585 -46.6047459;226;41;59
37;Thu Mar 14 21:42:46 2019;-23.6304977514816,-46.6038687602859;-23.6294293937468,-46.6047248879112;-23.6304816 -46.6038767;-23.6294585 -46.6047459;226;41;59
38;Thu Mar 14 21:43:46 2019;-23.6304977514816,-46.6038687602859;-23.6294293937468,-46.6047248879112;-23.6304816 -46.6038767;-23.6294585 -46.6047459;226;41;59
39;Thu Mar 14 21:44:46 2019;-23.6304977514816,-46.6038687602859;-23.6294293937468,-46.6047248879112;-23.6304816 -46.6038767;-23.6294585 -46.6047459;226;41;59
40;Thu Mar 14 21:45:46 2019;-23.6304977514816,-46.6038687602859;-23.6294293937468,-46.6047248879112;-23.6304816 -46.6038767;-23.6294585 -46.6047459;226;41;59
41;Thu Mar 14 21:46:46 2019;-23.6304977514816,-46.6038687602859;-23.6294293937468,-46.6047248879112;-23.6304816 -46.6038767;-23.6294585 -46.6047459;226;41;59
42;Thu Mar 14 21:47:46 2019;-23.6304977514816,-46.6038687602859;-23.6294293937468,-46.6047248879112;-23.6304816 -46.6038767;-23.6294585 -46.6047459;226;41;59
43;Thu Mar 14 21:48:46 2019;-23.6304977514816,-46.6038687602859;-23.6294293937468,-46.6047248879112;-23.6304816 -46.6038767;-23.6294585 -46.6047459;226;41;59
44;Thu Mar 14 21:49:46 2019;-23.6304977514816,-46.6038687602859;-23.6294293937468,-46.6047248879112;-23.6304816 -46.6038767;-23.6294585 -46.6047459;226;41;59
45;Thu Mar 14 21:50:46 2019;-23.6304977514816,-46.6038687602859;-23.6294293937468,-46.6047248879112;-23.6304816 -46.6038767;-23.6294585 -46.6047459;226;41;59
46;Thu Mar 14 21:51:46 2019;-23.6304977514816,-46.6038687602859;-23.6294293937468,-46.6047248879112;-23.6304816 -46.6038767;-23.6294585 -46.6047459;226;41;57
47;Thu Mar 14 21:52:46 2019;-23.6304977514816,-46.6038687602859;-23.6294293937468,-46.6047248879112;-23.6304816 -46.6038767;-23.6294585 -46.6047459;226;41;48
48;Thu Mar 14 21:53:46 2019;-23.6304977514816,-46.6038687602859;-23.6294293937468,-46.6047248879112;-23.6304816 -46.6038767;-23.6294585 -46.6047459;226;41;48
49;Thu Mar 14 21:54:46 2019;-23.6304977514816,-46.6038687602859;-23.6294293937468,-46.6047248879112;-23.6304816 -46.6038767;-23.6294585 -46.6047459;226;41;48
50;Thu Mar 14 21:55:46 2019;-23.6304977514816,-46.6038687602859;-23.6294293937468,-46.6047248879112;-23.6304816 -46.6038767;-23.6294585 -46.6047459;226;41;48
51;Thu Mar 14 21:56:46 2019;-23.6304977514816,-46.6038687602859;-23.6294293937468,-46.6047248879112;-23.6304816 -46.6038767;-23.6294585 -46.6047459;226;41;48
52;Thu Mar 14 21:57:46 2019;-23.6304977514816,-46.6038687602859;-23.6294293937468,-46.6047248879112;-23.6304816 -46.6038767;-23.6294585 -46.6047459;226;41;48
53;Thu Mar 14 21:58:46 2019;-23.6304977514816,-46.6038687602859;-23.6294293937468,-46.6047248879112;-23.6304816 -46.6038767;-23.6294585 -46.6047459;226;41;48
54;Thu Mar 14 21:59:46 2019;-23.6304977514816,-46.6038687602859;-23.6294293937468,-46.6047248879112;-23.6304816 -46.6038767;-23.6294585 -46.6047459;226;41;48
55;Thu Mar 14 22:00:46 2019;-23.6304977514816,-46.6038687602859;-23.6294293937468,-46.6047248879112;-23.6304816 -46.6038767;-23.6294585 -46.6047459;226;41;48
56;Thu Mar 14 22:01:46 2019;-23.6304977514816,-46.6038687602859;-23.6294293937468,-46.6047248879112;-23.6304816 -46.6038767;-23.6294585 -46.6047459;226;41;48
57;Thu Mar 14 22:02:46 2019;-23.6304977514816,-46.6038687602859;-23.6294293937468,-46.6047248879112;-23.6304816 -46.6038767;-23.6294585 -46.6047459;226;41;48
58;Thu Mar 14 22:03:46 2019;-23.6304977514816,-46.6038687602859;-23.6294293937468,-46.6047248879112;-23.6304816 -46.6038767;-23.6294585 -46.6047459;226;41;48
59;Thu Mar 14 22:04:46 2019;-23.6304977514816,-46.6038687602859;-23.6294293937468,-46.6047248879112;-23.6304816 -46.6038767;-23.6294585 -46.6047459;226;41;48
60;Thu Mar 14 22:05:46 2019;-23.6304977514816,-46.6038687602859;-23.6294293937468,-46.6047248879112;-23.6304816 -46.6038767;-23.6294585 -46.6047459;226;41;48
61;Thu Mar 14 22:06:47 2019;-23.6304977514816,-46.6038687602859;-23.6294293937468,-46.6047248879112;-23.6304816 -46.6038767;-23.6294585 -46.6047459;226;41;48
62;Thu Mar 14 22:07:46 2019;-23.6304977514816,-46.6038687602859;-23.6294293937468,-46.6047248879112;-23.6304816 -46.6038767;-23.6294585 -46.6047459;226;41;50
63;Thu Mar 14 22:08:46 2019;-23.6304977514816,-46.6038687602859;-23.6294293937468,-46.6047248879112;-23.6304816 -46.6038767;-23.6294585 -46.6047459;226;41;50
64;Thu Mar 14 22:09:46 2019;-23.6304977514816,-46.6038687602859;-23.6294293937468,-46.6047248879112;-23.6304816 -46.6038767;-23.6294585 -46.6047459;226;41;50
65;Thu Mar 14 22:10:46 2019;-23.6304977514816,-46.6038687602859;-23.6294293937468,-46.6047248879112;-23.6304816 -46.6038767;-23.6294585 -46.6047459;226;41;50
66;Thu Mar 14 22:11:46 2019;-23.6304977514816,-46.6038687602859;-23.6294293937468,-46.6047248879112;-23.6304816 -46.6038767;-23.6294585 -46.6047459;226;41;50
67;Thu Mar 14 22:12:46 2019;-23.6304977514816,-46.6038687602859;-23.6294293937468,-46.6047248879112;-23.6304816 -46.6038767;-23.6294585 -46.6047459;226;41;50
68;Thu Mar 14 22:13:46 2019;-23.6304977514816,-46.6038687602859;-23.6294293937468,-46.6047248879112;-23.6304816 -46.6038767;-23.6294585 -46.6047459;226;41;50
69;Thu Mar 14 22:14:46 2019;-23.6304977514816,-46.6038687602859;-23.6294293937468,-46.6047248879112;-23.6304816 -46.6038767;-23.6294585 -46.6047459;226;41;50
70;Thu Mar 14 22:15:46 2019;-23.6304977514816,-46.6038687602859;-23.6294293937468,-46.6047248879112;-23.6304816 -46.6038767;-23.6294585 -46.6047459;226;41;50
71;Thu Mar 14 22:16:46 2019;-23.6304977514816,-46.6038687602859;-23.6294293937468,-46.6047248879112;-23.6304816 -46.6038767;-23.6294585 -46.6047459;226;41;50
72;Thu Mar 14 22:17:46 2019;-23.6304977514816,-46.6038687602859;-23.6294293937468,-46.6047248879112;-23.6304816 -46.6038767;-23.6294585 -46.6047459;226;41;50
73;Thu Mar 14 22:18:46 2019;-23.6304977514816,-46.6038687602859;-23.6294293937468,-46.6047248879112;-23.6304816 -46.6038767;-23.6294585 -46.6047459;226;41;50
74;Thu Mar 14 22:19:46 2019;-23.6304977514816,-46.6038687602859;-23.6294293937468,-46.6047248879112;-23.6304816 -46.6038767;-23.6294585 -46.6047459;226;41;50
75;Thu Mar 14 22:20:46 2019;-23.6304977514816,-46.6038687602859;-23.6294293937468,-46.6047248879112;-23.6304816 -46.6038767;-23.6294585 -46.6047459;226;41;50
76;Thu Mar 14 22:21:46 2019;-23.6304977514816,-46.6038687602859;-23.6294293937468,-46.6047248879112;-23.6304816 -46.6038767;-23.6294585 -46.6047459;226;41;50
77;Thu Mar 14 22:22:46 2019;-23.6304977514816,-46.6038687602859;-23.6294293937468,-46.6047248879112;-23.6304816 -46.6038767;-23.6294585 -46.6047459;226;41;50
78;Thu Mar 14 22:23:46 2019;-23.6304977514816,-46.6038687602859;-23.6294293937468,-46.6047248879112;-23.6304816 -46.6038767;-23.6294585 -46.6047459;226;41;50
79;Thu Mar 14 22:24:46 2019;-23.6304977514816,-46.6038687602859;-23.6294293937468,-46.6047248879112;-23.6304816 -46.6038767;-23.6294585 -46.6047459;226;41;50
80;Thu Mar 14 22:25:46 2019;-23.6304977514816,-46.6038687602859;-23.6294293937468,-46.6047248879112;-23.6304816 -46.6038767;-23.6294585 -46.6047459;226;41;50
81;Thu Mar 14 22:26:46 2019;-23.6304977514816,-46.6038687602859;-23.6294293937468,-46.6047248879112;-23.6304816 -46.6038767;-23.6294585 -46.6047459;226;41;50
82;Thu Mar 14 22:27:46 2019;-23.6304977514816,-46.6038687602859;-23.6294293937468,-46.6047248879112;-23.6304816 -46.6038767;-23.6294585 -46.6047459;226;41;50
83;Thu Mar 14 22:28:46 2019;-23.6304977514816,-46.6038687602859;-23.6294293937468,-46.6047248879112;-23.6304816 -46.6038767;-23.6294585 -46.6047459;226;41;50
84;Thu Mar 14 22:29:46 2019;-23.6304977514816,-46.6038687602859;-23.6294293937468,-46.6047248879112;-23.6304816 -46.6038767;-23.6294585 -46.6047459;226;41;50
85;Thu Mar 14 22:30:46 2019;-23.6304977514816,-46.6038687602859;-23.6294293937468,-46.6047248879112;-23.6304816 -46.6038767;-23.6294585 -46.6047459;226;41;50
86;Thu Mar 14 22:31:46 2019;-23.6304977514816,-46.6038687602859;-23.6294293937468,-46.6047248879112;-23.6304816 -46.6038767;-23.6294585 -46.6047459;226;41;50
87;Thu Mar 14 22:32:46 2019;-23.6304977514816,-46.6038687602859;-23.6294293937468,-46.6047248879112;-23.6304816 -46.6038767;-23.6294585 -46.6047459;226;41;50
88;Thu Mar 14 22:33:46 2019;-23.6304977514816,-46.6038687602859;-23.6294293937468,-46.6047248879112;-23.6304816 -46.6038767;-23.6294585 -46.6047459;226;41;50
89;Thu Mar 14 22:34:46 2019;-23.6304977514816,-46.6038687602859;-23.6294293937468,-46.6047248879112;-23.6304816 -46.6038767;-23.6294585 -46.6047459;226;41;50
90;Thu Mar 14 22:35:46 2019;-23.6304977514816,-46.6038687602859;-23.6294293937468,-46.6047248879112;-23.6304816 -46.6038767;-23.6294585 -46.6047459;226;41;50
91;Thu Mar 14 22:36:46 2019;-23.6304977514816,-46.6038687602859;-23.6294293937468,-46.6047248879112;-23.6304816 -46.6038767;-23.6294585 -46.6047459;226;41;50
92;Thu Mar 14 22:37:45 2019;-23.6304977514816,-46.6038687602859;-23.6294293937468,-46.6047248879112;-23.6304816 -46.6038767;-23.6294585 -46.6047459;226;41;52
93;Thu Mar 14 22:38:47 2019;-23.6304977514816,-46.6038687602859;-23.6294293937468,-46.6047248879112;-23.6304816 -46.6038767;-23.6294585 -46.6047459;226;41;52
94;Thu Mar 14 22:39:46 2019;-23.6304977514816,-46.6038687602859;-23.6294293937468,-46.6047248879112;-23.6304816 -46.6038767;-23.6294585 -46.6047459;226;41;52
95;Thu Mar 14 22:40:46 2019;-23.6304977514816,-46.6038687602859;-23.6294293937468,-46.6047248879112;-23.6304816 -46.6038767;-23.6294585 -46.6047459;226;41;52
96;Thu Mar 14 22:41:46 2019;-23.6304977514816,-46.6038687602859;-23.6294293937468,-46.6047248879112;-23.6304816 -46.6038767;-23.6294585 -46.6047459;226;41;52
97;Thu Mar 14 22:42:46 2019;-23.6304977514816,-46.6038687602859;-23.6294293937468,-46.6047248879112;-23.6304816 -46.6038767;-23.6294585 -46.6047459;226;41;52
98;Thu Mar 14 22:43:46 2019;-23.6304977514816,-46.6038687602859;-23.6294293937468,-46.6047248879112;-23.6304816 -46.6038767;-23.6294585 -46.6047459;226;41;52
99;Thu Mar 14 22:44:46 2019;-23.6304977514816,-46.6038687602859;-23.6294293937468,-46.6047248879112;-23.6304816 -46.6038767;-23.6294585 -46.6047459;226;41;52
100;Thu Mar 14 22:45:46 2019;-23.6304977514816,-46.6038687602859;-23.6294293937468,-46.6047248879112;-23.6304816 -46.6038767;-23.6294585 -46.6047459;226;41;52
101;Thu Mar 14 22:46:46 2019;-23.6304977514816,-46.6038687602859;-23.6294293937468,-46.6047248879112;-23.6304816 -46.6038767;-23.6294585 -46.6047459;226;41;52
102;Thu Mar 14 22:47:46 2019;-23.6304977514816,-46.6038687602859;-23.6294293937468,-46.6047248879112;-23.6304816 -46.6038767;-23.6294585 -46.6047459;226;41;52
103;Thu Mar 14 22:48:46 2019;-23.6304977514816,-46.6038687602859;-23.6294293937468,-46.6047248879112;-23.6304816 -46.6038767;-23.6294585 -46.6047459;226;41;52
104;Thu Mar 14 22:49:46 2019;-23.6304977514816,-46.6038687602859;-23.6294293937468,-46.6047248879112;-23.6304816 -46.6038767;-23.6294585 -46.6047459;226;41;52
105;Thu Mar 14 22:50:46 2019;-23.6304977514816,-46.6038687602859;-23.6294293937468,-46.6047248879112;-23.6304816 -46.6038767;-23.6294585 -46.6047459;226;41;52
106;Thu Mar 14 22:51:46 2019;-23.6304977514816,-46.6038687602859;-23.6294293937468,-46.6047248879112;-23.6304816 -46.6038767;-23.6294585 -46.6047459;226;41;52
107;Thu Mar 14 22:52:46 2019;-23.6304977514816,-46.6038687602859;-23.6294293937468,-46.6047248879112;-23.6304816 -46.6038767;-23.6294585 -46.6047459;226;41;43
108;Thu Mar 14 22:53:46 2019;-23.6304977514816,-46.6038687602859;-23.6294293937468,-46.6047248879112;-23.6304816 -46.6038767;-23.6294585 -46.6047459;226;41;43
109;Thu Mar 14 22:54:46 2019;-23.6304977514816,-46.6038687602859;-23.6294293937468,-46.6047248879112;-23.6304816 -46.6038767;-23.6294585 -46.6047459;226;41;43
110;Thu Mar 14 22:55:46 2019;-23.6304977514816,-46.6038687602859;-23.6294293937468,-46.6047248879112;-23.6304816 -46.6038767;-23.6294585 -46.6047459;226;41;43
111;Thu Mar 14 22:56:47 2019;-23.6304977514816,-46.6038687602859;-23.6294293937468,-46.6047248879112;-23.6304816 -46.6038767;-23.6294585 -46.6047459;226;41;43
112;Thu Mar 14 22:57:46 2019;-23.6304977514816,-46.6038687602859;-23.6294293937468,-46.6047248879112;-23.6304816 -46.6038767;-23.6294585 -46.6047459;226;41;43
113;Thu Mar 14 22:58:46 2019;-23.6304977514816,-46.6038687602859;-23.6294293937468,-46.6047248879112;-23.6304816 -46.6038767;-23.6294585 -46.6047459;226;41;43
114;Thu Mar 14 22:59:46 2019;-23.6304977514816,-46.6038687602859;-23.6294293937468,-46.6047248879112;-23.6304816 -46.6038767;-23.6294585 -46.6047459;226;41;43
115;Thu Mar 14 23:00:46 2019;-23.6304977514816,-46.6038687602859;-23.6294293937468,-46.6047248879112;-23.6304816 -46.6038767;-23.6294585 -46.6047459;226;41;43
116;Thu Mar 14 23:01:45 2019;-23.6304977514816,-46.6038687602859;-23.6294293937468,-46.6047248879112;-23.6304816 -46.6038767;-23.6294585 -46.6047459;226;41;43
117;Thu Mar 14 23:02:46 2019;-23.6304977514816,-46.6038687602859;-23.6294293937468,-46.6047248879112;-23.6304816 -46.6038767;-23.6294585 -46.6047459;226;41;43
118;Thu Mar 14 23:03:46 2019;-23.6304977514816,-46.6038687602859;-23.6294293937468,-46.6047248879112;-23.6304816 -46.6038767;-23.6294585 -46.6047459;226;41;43
119;Thu Mar 14 23:04:46 2019;-23.6304977514816,-46.6038687602859;-23.6294293937468,-46.6047248879112;-23.6304816 -46.6038767;-23.6294585 -46.6047459;226;41;43
120;Thu Mar 14 23:05:46 2019;-23.6304977514816,-46.6038687602859;-23.6294293937468,-46.6047248879112;-23.6304816 -46.6038767;-23.6294585 -46.6047459;226;41;43
121;Thu Mar 14 23:06:46 2019;-23.6304977514816,-46.6038687602859;-23.6294293937468,-46.6047248879112;-23.6304816 -46.6038767;-23.6294585 -46.6047459;226;41;43
122;Thu Mar 14 23:07:46 2019;-23.6304977514816,-46.6038687602859;-23.6294293937468,-46.6047248879112;-23.6304816 -46.6038767;-23.6294585 -46.6047459;226;41;39
123;Thu Mar 14 23:08:46 2019;-23.6304977514816,-46.6038687602859;-23.6294293937468,-46.6047248879112;-23.6304816 -46.6038767;-23.6294585 -46.6047459;226;41;39
124;Thu Mar 14 23:09:46 2019;-23.6304977514816,-46.6038687602859;-23.6294293937468,-46.6047248879112;-23.6304816 -46.6038767;-23.6294585 -46.6047459;226;41;39
125;Thu Mar 14 23:10:45 2019;-23.6304977514816,-46.6038687602859;-23.6294293937468,-46.6047248879112;-23.6304816 -46.6038767;-23.6294585 -46.6047459;226;41;39
126;Thu Mar 14 23:11:46 2019;-23.6304977514816,-46.6038687602859;-23.6294293937468,-46.6047248879112;-23.6304816 -46.6038767;-23.6294585 -46.6047459;226;41;39
127;Thu Mar 14 23:12:46 2019;-23.6304977514816,-46.6038687602859;-23.6294293937468,-46.6047248879112;-23.6304816 -46.6038767;-23.6294585 -46.6047459;226;41;39
128;Thu Mar 14 23:13:45 2019;-23.6304977514816,-46.6038687602859;-23.6294293937468,-46.6047248879112;-23.6304816 -46.6038767;-23.6294585 -46.6047459;226;41;39
129;Thu Mar 14 23:14:46 2019;-23.6304977514816,-46.6038687602859;-23.6294293937468,-46.6047248879112;-23.6304816 -46.6038767;-23.6294585 -46.6047459;226;41;39
130;Thu Mar 14 23:15:46 2019;-23.6304977514816,-46.6038687602859;-23.6294293937468,-46.6047248879112;-23.6304816 -46.6038767;-23.6294585 -46.6047459;226;41;39
131;Thu Mar 14 23:16:46 2019;-23.6304977514816,-46.6038687602859;-23.6294293937468,-46.6047248879112;-23.6304816 -46.6038767;-23.6294585 -46.6047459;226;41;39
132;Thu Mar 14 23:17:46 2019;-23.6304977514816,-46.6038687602859;-23.6294293937468,-46.6047248879112;-23.6304816 -46.6038767;-23.6294585 -46.6047459;226;41;39
133;Thu Mar 14 23:18:46 2019;-23.6304977514816,-46.6038687602859;-23.6294293937468,-46.6047248879112;-23.6304816 -46.6038767;-23.6294585 -46.6047459;226;41;39
134;Thu Mar 14 23:19:46 2019;-23.6304977514816,-46.6038687602859;-23.6294293937468,-46.6047248879112;-23.6304816 -46.6038767;-23.6294585 -46.6047459;226;41;39
135;Thu Mar 14 23:20:45 2019;-23.6304977514816,-46.6038687602859;-23.6294293937468,-46.6047248879112;-23.6304816 -46.6038767;-23.6294585 -46.6047459;226;41;39
136;Thu Mar 14 23:21:46 2019;-23.6304977514816,-46.6038687602859;-23.6294293937468,-46.6047248879112;-23.6304816 -46.6038767;-23.6294585 -46.6047459;226;41;39
137;Thu Mar 14 23:22:46 2019;-23.6304977514816,-46.6038687602859;-23.6294293937468,-46.6047248879112;-23.6304816 -46.6038767;-23.6294585 -46.6047459;226;41;47
138;Thu Mar 14 23:23:46 2019;-23.6304977514816,-46.6038687602859;-23.6294293937468,-46.6047248879112;-23.6304816 -46.6038767;-23.6294585 -46.6047459;226;41;47
139;Thu Mar 14 23:24:46 2019;-23.6304977514816,-46.6038687602859;-23.6294293937468,-46.6047248879112;-23.6304816 -46.6038767;-23.6294585 -46.6047459;226;41;47
140;Thu Mar 14 23:25:45 2019;-23.6304977514816,-46.6038687602859;-23.6294293937468,-46.6047248879112;-23.6304816 -46.6038767;-23.6294585 -46.6047459;226;41;47
141;Thu Mar 14 23:26:47 2019;-23.6304977514816,-46.6038687602859;-23.6294293937468,-46.6047248879112;-23.6304816 -46.6038767;-23.6294585 -46.6047459;226;41;47
142;Thu Mar 14 23:27:46 2019;-23.6304977514816,-46.6038687602859;-23.6294293937468,-46.6047248879112;-23.6304816 -46.6038767;-23.6294585 -46.6047459;226;41;47
143;Thu Mar 14 23:28:46 2019;-23.6304977514816,-46.6038687602859;-23.6294293937468,-46.6047248879112;-23.6304816 -46.6038767;-23.6294585 -46.6047459;226;41;47
144;Thu Mar 14 23:29:46 2019;-23.6304977514816,-46.6038687602859;-23.6294293937468,-46.6047248879112;-23.6304816 -46.6038767;-23.6294585 -46.6047459;226;41;47
145;Thu Mar 14 23:30:46 2019;-23.6304977514816,-46.6038687602859;-23.6294293937468,-46.6047248879112;-23.6304816 -46.6038767;-23.6294585 -46.6047459;226;41;47
146;Thu Mar 14 23:31:46 2019;-23.6304977514816,-46.6038687602859;-23.6294293937468,-46.6047248879112;-23.6304816 -46.6038767;-23.6294585 -46.6047459;226;41;47
147;Thu Mar 14 23:32:46 2019;-23.6304977514816,-46.6038687602859;-23.6294293937468,-46.6047248879112;-23.6304816 -46.6038767;-23.6294585 -46.6047459;226;41;47
148;Thu Mar 14 23:33:46 2019;-23.6304977514816,-46.6038687602859;-23.6294293937468,-46.6047248879112;-23.6304816 -46.6038767;-23.6294585 -46.6047459;226;41;47
149;Thu Mar 14 23:34:46 2019;-23.6304977514816,-46.6038687602859;-23.6294293937468,-46.6047248879112;-23.6304816 -46.6038767;-23.6294585 -46.6047459;226;41;47
150;Thu Mar 14 23:35:46 2019;-23.6304977514816,-46.6038687602859;-23.6294293937468,-46.6047248879112;-23.6304816 -46.6038767;-23.6294585 -46.6047459;226;41;47
151;Thu Mar 14 23:36:46 2019;-23.6304977514816,-46.6038687602859;-23.6294293937468,-46.6047248879112;-23.6304816 -46.6038767;-23.6294585 -46.6047459;226;41;47
152;Thu Mar 14 23:37:46 2019;-23.6304977514816,-46.6038687602859;-23.6294293937468,-46.6047248879112;-23.6304816 -46.6038767;-23.6294585 -46.6047459;226;41;39
153;Thu Mar 14 23:38:46 2019;-23.6304977514816,-46.6038687602859;-23.6294293937468,-46.6047248879112;-23.6304816 -46.6038767;-23.6294585 -46.6047459;226;41;39
154;Thu Mar 14 23:39:46 2019;-23.6304977514816,-46.6038687602859;-23.6294293937468,-46.6047248879112;-23.6304816 -46.6038767;-23.6294585 -46.6047459;226;41;39
155;Thu Mar 14 23:40:46 2019;-23.6304977514816,-46.6038687602859;-23.6294293937468,-46.6047248879112;-23.6304816 -46.6038767;-23.6294585 -46.6047459;226;41;39
156;Thu Mar 14 23:41:46 2019;-23.6304977514816,-46.6038687602859;-23.6294293937468,-46.6047248879112;-23.6304816 -46.6038767;-23.6294585 -46.6047459;226;41;39
157;Thu Mar 14 23:42:46 2019;-23.6304977514816,-46.6038687602859;-23.6294293937468,-46.6047248879112;-23.6304816 -46.6038767;-23.6294585 -46.6047459;226;41;39
158;Thu Mar 14 23:43:45 2019;-23.6304977514816,-46.6038687602859;-23.6294293937468,-46.6047248879112;-23.6304816 -46.6038767;-23.6294585 -46.6047459;226;41;39
159;Thu Mar 14 23:44:46 2019;-23.6304977514816,-46.6038687602859;-23.6294293937468,-46.6047248879112;-23.6304816 -46.6038767;-23.6294585 -46.6047459;226;41;39
160;Thu Mar 14 23:45:45 2019;-23.6304977514816,-46.6038687602859;-23.6294293937468,-46.6047248879112;-23.6304816 -46.6038767;-23.6294585 -46.6047459;226;41;39
161;Thu Mar 14 23:46:46 2019;-23.6304977514816,-46.6038687602859;-23.6294293937468,-46.6047248879112;-23.6304816 -46.6038767;-23.6294585 -46.6047459;226;41;39
162;Thu Mar 14 23:47:46 2019;-23.6304977514816,-46.6038687602859;-23.6294293937468,-46.6047248879112;-23.6304816 -46.6038767;-23.6294585 -46.6047459;226;41;39
163;Thu Mar 14 23:48:46 2019;-23.6304977514816,-46.6038687602859;-23.6294293937468,-46.6047248879112;-23.6304816 -46.6038767;-23.6294585 -46.6047459;226;41;39
164;Thu Mar 14 23:49:46 2019;-23.6304977514816,-46.6038687602859;-23.6294293937468,-46.6047248879112;-23.6304816 -46.6038767;-23.6294585 -46.6047459;226;41;39
165;Thu Mar 14 23:50:46 2019;-23.6304977514816,-46.6038687602859;-23.6294293937468,-46.6047248879112;-23.6304816 -46.6038767;-23.6294585 -46.6047459;226;41;39
166;Thu Mar 14 23:51:46 2019;-23.6304977514816,-46.6038687602859;-23.6294293937468,-46.6047248879112;-23.6304816 -46.6038767;-23.6294585 -46.6047459;226;41;39
167;Thu Mar 14 23:52:46 2019;-23.6304977514816,-46.6038687602859;-23.6294293937468,-46.6047248879112;-23.6304816 -46.6038767;-23.6294585 -46.6047459;226;41;41
168;Thu Mar 14 23:53:46 2019;-23.6304977514816,-46.6038687602859;-23.6294293937468,-46.6047248879112;-23.6304816 -46.6038767;-23.6294585 -46.6047459;226;41;41
169;Thu Mar 14 23:54:46 2019;-23.6304977514816,-46.6038687602859;-23.6294293937468,-46.6047248879112;-23.6304816 -46.6038767;-23.6294585 -46.6047459;226;41;41
170;Thu Mar 14 23:55:46 2019;-23.6304977514816,-46.6038687602859;-23.6294293937468,-46.6047248879112;-23.6304816 -46.6038767;-23.6294585 -46.6047459;226;41;41
171;Thu Mar 14 23:56:46 2019;-23.6304977514816,-46.6038687602859;-23.6294293937468,-46.6047248879112;-23.6304816 -46.6038767;-23.6294585 -46.6047459;226;41;41
172;Thu Mar 14 23:57:46 2019;-23.6304977514816,-46.6038687602859;-23.6294293937468,-46.6047248879112;-23.6304816 -46.6038767;-23.6294585 -46.6047459;226;41;41
173;Thu Mar 14 23:58:46 2019;-23.6304977514816,-46.6038687602859;-23.6294293937468,-46.6047248879112;-23.6304816 -46.6038767;-23.6294585 -46.6047459;226;41;41
174;Thu Mar 14 23:59:46 2019;-23.6304977514816,-46.6038687602859;-23.6294293937468,-46.6047248879112;-23.6304816 -46.6038767;-23.6294585 -46.6047459;226;41;41
