38972;Thu Mar 14 00:00:33 2019;-23.6352490309203,-46.6060593591848;-23.6328908584029,-46.6050373925733;-23.6352449 -46.6060678;-23.6328855 -46.6050517;282;67;52
39213;Thu Mar 14 04:01:33 2019;-23.6352490309203,-46.6060593591848;-23.6328908584029,-46.6050373925733;-23.6352449 -46.6060678;-23.6328855 -46.6050517;282;67;35
39214;Thu Mar 14 04:02:33 2019;-23.6352490309203,-46.6060593591848;-23.6328908584029,-46.6050373925733;-23.6352449 -46.6060678;-23.6328855 -46.6050517;282;67;35
39215;Thu Mar 14 04:03:33 2019;-23.6352490309203,-46.6060593591848;-23.6328908584029,-46.6050373925733;-23.6352449 -46.6060678;-23.6328855 -46.6050517;282;67;35
39216;Thu Mar 14 04:04:33 2019;-23.6352490309203,-46.6060593591848;-23.6328908584029,-46.6050373925733;-23.6352449 -46.6060678;-23.6328855 -46.6050517;282;67;35
39217;Thu Mar 14 04:05:33 2019;-23.6352490309203,-46.6060593591848;-23.6328908584029,-46.6050373925733;-23.6352449 -46.6060678;-23.6328855 -46.6050517;282;67;35
39218;Thu Mar 14 04:06:33 2019;-23.6352490309203,-46.6060593591848;-23.6328908584029,-46.6050373925733;-23.6352449 -46.6060678;-23.6328855 -46.6050517;282;67;35
39219;Thu Mar 14 04:07:33 2019;-23.6352490309203,-46.6060593591848;-23.6328908584029,-46.6050373925733;-23.6352449 -46.6060678;-23.6328855 -46.6050517;282;67;36
39220;Thu Mar 14 04:08:33 2019;-23.6352490309203,-46.6060593591848;-23.6328908584029,-46.6050373925733;-23.6352449 -46.6060678;-23.6328855 -46.6050517;282;67;36
39221;Thu Mar 14 04:09:33 2019;-23.6352490309203,-46.6060593591848;-23.6328908584029,-46.6050373925733;-23.6352449 -46.6060678;-23.6328855 -46.6050517;282;67;36
1;Thu Mar 14 21:06:50 2019;-23.6352490309203,-46.6060593591848;-23.6328908584029,-46.6050373925733;-23.6352449 -46.6060678;-23.6328855 -46.6050517;282;67;87
2;Thu Mar 14 21:07:46 2019;-23.6352490309203,-46.6060593591848;-23.6328908584029,-46.6050373925733;-23.6352449 -46.6060678;-23.6328855 -46.6050517;282;67;93
3;Thu Mar 14 21:08:49 2019;-23.6352490309203,-46.6060593591848;-23.6328908584029,-46.6050373925733;-23.6352449 -46.6060678;-23.6328855 -46.6050517;282;67;93
4;Thu Mar 14 21:09:46 2019;-23.6352490309203,-46.6060593591848;-23.6328908584029,-46.6050373925733;-23.6352449 -46.6060678;-23.6328855 -46.6050517;282;67;93
5;Thu Mar 14 21:10:46 2019;-23.6352490309203,-46.6060593591848;-23.6328908584029,-46.6050373925733;-23.6352449 -46.6060678;-23.6328855 -46.6050517;282;67;93
6;Thu Mar 14 21:11:46 2019;-23.6352490309203,-46.6060593591848;-23.6328908584029,-46.6050373925733;-23.6352449 -46.6060678;-23.6328855 -46.6050517;282;67;93
7;Thu Mar 14 21:12:45 2019;-23.6352490309203,-46.6060593591848;-23.6328908584029,-46.6050373925733;-23.6352449 -46.6060678;-23.6328855 -46.6050517;282;67;93
8;Thu Mar 14 21:13:46 2019;-23.6352490309203,-46.6060593591848;-23.6328908584029,-46.6050373925733;-23.6352449 -46.6060678;-23.6328855 -46.6050517;282;67;93
9;Thu Mar 14 21:14:46 2019;-23.6352490309203,-46.6060593591848;-23.6328908584029,-46.6050373925733;-23.6352449 -46.6060678;-23.6328855 -46.6050517;282;67;93
10;Thu Mar 14 21:15:46 2019;-23.6352490309203,-46.6060593591848;-23.6328908584029,-46.6050373925733;-23.6352449 -46.6060678;-23.6328855 -46.6050517;282;67;93
11;Thu Mar 14 21:16:46 2019;-23.6352490309203,-46.6060593591848;-23.6328908584029,-46.6050373925733;-23.6352449 -46.6060678;-23.6328855 -46.6050517;282;67;93
12;Thu Mar 14 21:17:46 2019;-23.6352490309203,-46.6060593591848;-23.6328908584029,-46.6050373925733;-23.6352449 -46.6060678;-23.6328855 -46.6050517;282;67;93
13;Thu Mar 14 21:18:46 2019;-23.6352490309203,-46.6060593591848;-23.6328908584029,-46.6050373925733;-23.6352449 -46.6060678;-23.6328855 -46.6050517;282;67;93
14;Thu Mar 14 21:19:46 2019;-23.6352490309203,-46.6060593591848;-23.6328908584029,-46.6050373925733;-23.6352449 -46.6060678;-23.6328855 -46.6050517;282;67;93
15;Thu Mar 14 21:20:46 2019;-23.6352490309203,-46.6060593591848;-23.6328908584029,-46.6050373925733;-23.6352449 -46.6060678;-23.6328855 -46.6050517;282;67;93
16;Thu Mar 14 21:21:47 2019;-23.6352490309203,-46.6060593591848;-23.6328908584029,-46.6050373925733;-23.6352449 -46.6060678;-23.6328855 -46.6050517;282;67;95
17;Thu Mar 14 21:22:46 2019;-23.6352490309203,-46.6060593591848;-23.6328908584029,-46.6050373925733;-23.6352449 -46.6060678;-23.6328855 -46.6050517;282;67;90
18;Thu Mar 14 21:23:46 2019;-23.6352490309203,-46.6060593591848;-23.6328908584029,-46.6050373925733;-23.6352449 -46.6060678;-23.6328855 -46.6050517;282;67;90
19;Thu Mar 14 21:24:46 2019;-23.6352490309203,-46.6060593591848;-23.6328908584029,-46.6050373925733;-23.6352449 -46.6060678;-23.6328855 -46.6050517;282;67;90
20;Thu Mar 14 21:25:46 2019;-23.6352490309203,-46.6060593591848;-23.6328908584029,-46.6050373925733;-23.6352449 -46.6060678;-23.6328855 -46.6050517;282;67;90
21;Thu Mar 14 21:26:46 2019;-23.6352490309203,-46.6060593591848;-23.6328908584029,-46.6050373925733;-23.6352449 -46.6060678;-23.6328855 -46.6050517;282;67;90
22;Thu Mar 14 21:27:46 2019;-23.6352490309203,-46.6060593591848;-23.6328908584029,-46.6050373925733;-23.6352449 -46.6060678;-23.6328855 -46.6050517;282;67;90
23;Thu Mar 14 21:28:46 2019;-23.6352490309203,-46.6060593591848;-23.6328908584029,-46.6050373925733;-23.6352449 -46.6060678;-23.6328855 -46.6050517;282;67;90
24;Thu Mar 14 21:29:46 2019;-23.6352490309203,-46.6060593591848;-23.6328908584029,-46.6050373925733;-23.6352449 -46.6060678;-23.6328855 -46.6050517;282;67;90
25;Thu Mar 14 21:30:46 2019;-23.6352490309203,-46.6060593591848;-23.6328908584029,-46.6050373925733;-23.6352449 -46.6060678;-23.6328855 -46.6050517;282;67;90
26;Thu Mar 14 21:31:46 2019;-23.6352490309203,-46.6060593591848;-23.6328908584029,-46.6050373925733;-23.6352449 -46.6060678;-23.6328855 -46.6050517;282;67;90
27;Thu Mar 14 21:32:46 2019;-23.6352490309203,-46.6060593591848;-23.6328908584029,-46.6050373925733;-23.6352449 -46.6060678;-23.6328855 -46.6050517;282;67;90
28;Thu Mar 14 21:33:46 2019;-23.6352490309203,-46.6060593591848;-23.6328908584029,-46.6050373925733;-23.6352449 -46.6060678;-23.6328855 -46.6050517;282;67;90
29;Thu Mar 14 21:34:46 2019;-23.6352490309203,-46.6060593591848;-23.6328908584029,-46.6050373925733;-23.6352449 -46.6060678;-23.6328855 -46.6050517;282;67;90
30;Thu Mar 14 21:35:46 2019;-23.6352490309203,-46.6060593591848;-23.6328908584029,-46.6050373925733;-23.6352449 -46.6060678;-23.6328855 -46.6050517;282;67;90
31;Thu Mar 14 21:36:46 2019;-23.6352490309203,-46.6060593591848;-23.6328908584029,-46.6050373925733;-23.6352449 -46.6060678;-23.6328855 -46.6050517;282;67;83
32;Thu Mar 14 21:37:45 2019;-23.6352490309203,-46.6060593591848;-23.6328908584029,-46.6050373925733;-23.6352449 -46.6060678;-23.6328855 -46.6050517;282;67;82
33;Thu Mar 14 21:38:46 2019;-23.6352490309203,-46.6060593591848;-23.6328908584029,-46.6050373925733;-23.6352449 -46.6060678;-23.6328855 -46.6050517;282;67;82
34;Thu Mar 14 21:39:46 2019;-23.6352490309203,-46.6060593591848;-23.6328908584029,-46.6050373925733;-23.6352449 -46.6060678;-23.6328855 -46.6050517;282;67;82
35;Thu Mar 14 21:40:46 2019;-23.6352490309203,-46.6060593591848;-23.6328908584029,-46.6050373925733;-23.6352449 -46.6060678;-23.6328855 -46.6050517;282;67;82
36;Thu Mar 14 21:41:46 2019;-23.6352490309203,-46.6060593591848;-23.6328908584029,-46.6050373925733;-23.6352449 -46.6060678;-23.6328855 -46.6050517;282;67;82
37;Thu Mar 14 21:42:46 2019;-23.6352490309203,-46.6060593591848;-23.6328908584029,-46.6050373925733;-23.6352449 -46.6060678;-23.6328855 -46.6050517;282;67;82
38;Thu Mar 14 21:43:45 2019;-23.6352490309203,-46.6060593591848;-23.6328908584029,-46.6050373925733;-23.6352449 -46.6060678;-23.6328855 -46.6050517;282;67;82
39;Thu Mar 14 21:44:46 2019;-23.6352490309203,-46.6060593591848;-23.6328908584029,-46.6050373925733;-23.6352449 -46.6060678;-23.6328855 -46.6050517;282;67;82
40;Thu Mar 14 21:45:46 2019;-23.6352490309203,-46.6060593591848;-23.6328908584029,-46.6050373925733;-23.6352449 -46.6060678;-23.6328855 -46.6050517;282;67;82
41;Thu Mar 14 21:46:46 2019;-23.6352490309203,-46.6060593591848;-23.6328908584029,-46.6050373925733;-23.6352449 -46.6060678;-23.6328855 -46.6050517;282;67;82
42;Thu Mar 14 21:47:46 2019;-23.6352490309203,-46.6060593591848;-23.6328908584029,-46.6050373925733;-23.6352449 -46.6060678;-23.6328855 -46.6050517;282;67;82
43;Thu Mar 14 21:48:46 2019;-23.6352490309203,-46.6060593591848;-23.6328908584029,-46.6050373925733;-23.6352449 -46.6060678;-23.6328855 -46.6050517;282;67;82
44;Thu Mar 14 21:49:46 2019;-23.6352490309203,-46.6060593591848;-23.6328908584029,-46.6050373925733;-23.6352449 -46.6060678;-23.6328855 -46.6050517;282;67;82
45;Thu Mar 14 21:50:46 2019;-23.6352490309203,-46.6060593591848;-23.6328908584029,-46.6050373925733;-23.6352449 -46.6060678;-23.6328855 -46.6050517;282;67;82
46;Thu Mar 14 21:51:45 2019;-23.6352490309203,-46.6060593591848;-23.6328908584029,-46.6050373925733;-23.6352449 -46.6060678;-23.6328855 -46.6050517;282;67;80
47;Thu Mar 14 21:52:46 2019;-23.6352490309203,-46.6060593591848;-23.6328908584029,-46.6050373925733;-23.6352449 -46.6060678;-23.6328855 -46.6050517;282;67;76
48;Thu Mar 14 21:53:46 2019;-23.6352490309203,-46.6060593591848;-23.6328908584029,-46.6050373925733;-23.6352449 -46.6060678;-23.6328855 -46.6050517;282;67;76
49;Thu Mar 14 21:54:46 2019;-23.6352490309203,-46.6060593591848;-23.6328908584029,-46.6050373925733;-23.6352449 -46.6060678;-23.6328855 -46.6050517;282;67;76
50;Thu Mar 14 21:55:46 2019;-23.6352490309203,-46.6060593591848;-23.6328908584029,-46.6050373925733;-23.6352449 -46.6060678;-23.6328855 -46.6050517;282;67;76
51;Thu Mar 14 21:56:46 2019;-23.6352490309203,-46.6060593591848;-23.6328908584029,-46.6050373925733;-23.6352449 -46.6060678;-23.6328855 -46.6050517;282;67;76
52;Thu Mar 14 21:57:45 2019;-23.6352490309203,-46.6060593591848;-23.6328908584029,-46.6050373925733;-23.6352449 -46.6060678;-23.6328855 -46.6050517;282;67;76
53;Thu Mar 14 21:58:46 2019;-23.6352490309203,-46.6060593591848;-23.6328908584029,-46.6050373925733;-23.6352449 -46.6060678;-23.6328855 -46.6050517;282;67;76
54;Thu Mar 14 21:59:46 2019;-23.6352490309203,-46.6060593591848;-23.6328908584029,-46.6050373925733;-23.6352449 -46.6060678;-23.6328855 -46.6050517;282;67;76
55;Thu Mar 14 22:00:46 2019;-23.6352490309203,-46.6060593591848;-23.6328908584029,-46.6050373925733;-23.6352449 -46.6060678;-23.6328855 -46.6050517;282;67;76
56;Thu Mar 14 22:01:46 2019;-23.6352490309203,-46.6060593591848;-23.6328908584029,-46.6050373925733;-23.6352449 -46.6060678;-23.6328855 -46.6050517;282;67;76
57;Thu Mar 14 22:02:45 2019;-23.6352490309203,-46.6060593591848;-23.6328908584029,-46.6050373925733;-23.6352449 -46.6060678;-23.6328855 -46.6050517;282;67;76
58;Thu Mar 14 22:03:46 2019;-23.6352490309203,-46.6060593591848;-23.6328908584029,-46.6050373925733;-23.6352449 -46.6060678;-23.6328855 -46.6050517;282;67;76
59;Thu Mar 14 22:04:46 2019;-23.6352490309203,-46.6060593591848;-23.6328908584029,-46.6050373925733;-23.6352449 -46.6060678;-23.6328855 -46.6050517;282;67;76
60;Thu Mar 14 22:05:46 2019;-23.6352490309203,-46.6060593591848;-23.6328908584029,-46.6050373925733;-23.6352449 -46.6060678;-23.6328855 -46.6050517;282;67;76
61;Thu Mar 14 22:06:46 2019;-23.6352490309203,-46.6060593591848;-23.6328908584029,-46.6050373925733;-23.6352449 -46.6060678;-23.6328855 -46.6050517;282;67;77
62;Thu Mar 14 22:07:46 2019;-23.6352490309203,-46.6060593591848;-23.6328908584029,-46.6050373925733;-23.6352449 -46.6060678;-23.6328855 -46.6050517;282;67;77
63;Thu Mar 14 22:08:46 2019;-23.6352490309203,-46.6060593591848;-23.6328908584029,-46.6050373925733;-23.6352449 -46.6060678;-23.6328855 -46.6050517;282;67;77
64;Thu Mar 14 22:09:45 2019;-23.6352490309203,-46.6060593591848;-23.6328908584029,-46.6050373925733;-23.6352449 -46.6060678;-23.6328855 -46.6050517;282;67;77
65;Thu Mar 14 22:10:46 2019;-23.6352490309203,-46.6060593591848;-23.6328908584029,-46.6050373925733;-23.6352449 -46.6060678;-23.6328855 -46.6050517;282;67;77
66;Thu Mar 14 22:11:46 2019;-23.6352490309203,-46.6060593591848;-23.6328908584029,-46.6050373925733;-23.6352449 -46.6060678;-23.6328855 -46.6050517;282;67;77
67;Thu Mar 14 22:12:45 2019;-23.6352490309203,-46.6060593591848;-23.6328908584029,-46.6050373925733;-23.6352449 -46.6060678;-23.6328855 -46.6050517;282;67;77
68;Thu Mar 14 22:13:46 2019;-23.6352490309203,-46.6060593591848;-23.6328908584029,-46.6050373925733;-23.6352449 -46.6060678;-23.6328855 -46.6050517;282;67;77
69;Thu Mar 14 22:14:45 2019;-23.6352490309203,-46.6060593591848;-23.6328908584029,-46.6050373925733;-23.6352449 -46.6060678;-23.6328855 -46.6050517;282;67;77
70;Thu Mar 14 22:15:46 2019;-23.6352490309203,-46.6060593591848;-23.6328908584029,-46.6050373925733;-23.6352449 -46.6060678;-23.6328855 -46.6050517;282;67;77
71;Thu Mar 14 22:16:45 2019;-23.6352490309203,-46.6060593591848;-23.6328908584029,-46.6050373925733;-23.6352449 -46.6060678;-23.6328855 -46.6050517;282;67;77
72;Thu Mar 14 22:17:46 2019;-23.6352490309203,-46.6060593591848;-23.6328908584029,-46.6050373925733;-23.6352449 -46.6060678;-23.6328855 -46.6050517;282;67;77
73;Thu Mar 14 22:18:46 2019;-23.6352490309203,-46.6060593591848;-23.6328908584029,-46.6050373925733;-23.6352449 -46.6060678;-23.6328855 -46.6050517;282;67;77
74;Thu Mar 14 22:19:46 2019;-23.6352490309203,-46.6060593591848;-23.6328908584029,-46.6050373925733;-23.6352449 -46.6060678;-23.6328855 -46.6050517;282;67;77
75;Thu Mar 14 22:20:45 2019;-23.6352490309203,-46.6060593591848;-23.6328908584029,-46.6050373925733;-23.6352449 -46.6060678;-23.6328855 -46.6050517;282;67;77
76;Thu Mar 14 22:21:46 2019;-23.6352490309203,-46.6060593591848;-23.6328908584029,-46.6050373925733;-23.6352449 -46.6060678;-23.6328855 -46.6050517;282;67;73
77;Thu Mar 14 22:22:46 2019;-23.6352490309203,-46.6060593591848;-23.6328908584029,-46.6050373925733;-23.6352449 -46.6060678;-23.6328855 -46.6050517;282;67;71
78;Thu Mar 14 22:23:46 2019;-23.6352490309203,-46.6060593591848;-23.6328908584029,-46.6050373925733;-23.6352449 -46.6060678;-23.6328855 -46.6050517;282;67;71
79;Thu Mar 14 22:24:46 2019;-23.6352490309203,-46.6060593591848;-23.6328908584029,-46.6050373925733;-23.6352449 -46.6060678;-23.6328855 -46.6050517;282;67;71
80;Thu Mar 14 22:25:46 2019;-23.6352490309203,-46.6060593591848;-23.6328908584029,-46.6050373925733;-23.6352449 -46.6060678;-23.6328855 -46.6050517;282;67;71
81;Thu Mar 14 22:26:46 2019;-23.6352490309203,-46.6060593591848;-23.6328908584029,-46.6050373925733;-23.6352449 -46.6060678;-23.6328855 -46.6050517;282;67;71
82;Thu Mar 14 22:27:46 2019;-23.6352490309203,-46.6060593591848;-23.6328908584029,-46.6050373925733;-23.6352449 -46.6060678;-23.6328855 -46.6050517;282;67;71
83;Thu Mar 14 22:28:46 2019;-23.6352490309203,-46.6060593591848;-23.6328908584029,-46.6050373925733;-23.6352449 -46.6060678;-23.6328855 -46.6050517;282;67;71
84;Thu Mar 14 22:29:46 2019;-23.6352490309203,-46.6060593591848;-23.6328908584029,-46.6050373925733;-23.6352449 -46.6060678;-23.6328855 -46.6050517;282;67;71
85;Thu Mar 14 22:30:46 2019;-23.6352490309203,-46.6060593591848;-23.6328908584029,-46.6050373925733;-23.6352449 -46.6060678;-23.6328855 -46.6050517;282;67;71
86;Thu Mar 14 22:31:45 2019;-23.6352490309203,-46.6060593591848;-23.6328908584029,-46.6050373925733;-23.6352449 -46.6060678;-23.6328855 -46.6050517;282;67;71
87;Thu Mar 14 22:32:46 2019;-23.6352490309203,-46.6060593591848;-23.6328908584029,-46.6050373925733;-23.6352449 -46.6060678;-23.6328855 -46.6050517;282;67;71
88;Thu Mar 14 22:33:46 2019;-23.6352490309203,-46.6060593591848;-23.6328908584029,-46.6050373925733;-23.6352449 -46.6060678;-23.6328855 -46.6050517;282;67;71
89;Thu Mar 14 22:34:46 2019;-23.6352490309203,-46.6060593591848;-23.6328908584029,-46.6050373925733;-23.6352449 -46.6060678;-23.6328855 -46.6050517;282;67;71
90;Thu Mar 14 22:35:46 2019;-23.6352490309203,-46.6060593591848;-23.6328908584029,-46.6050373925733;-23.6352449 -46.6060678;-23.6328855 -46.6050517;282;67;71
91;Thu Mar 14 22:36:46 2019;-23.6352490309203,-46.6060593591848;-23.6328908584029,-46.6050373925733;-23.6352449 -46.6060678;-23.6328855 -46.6050517;282;67;75
92;Thu Mar 14 22:37:45 2019;-23.6352490309203,-46.6060593591848;-23.6328908584029,-46.6050373925733;-23.6352449 -46.6060678;-23.6328855 -46.6050517;282;67;77
93;Thu Mar 14 22:38:46 2019;-23.6352490309203,-46.6060593591848;-23.6328908584029,-46.6050373925733;-23.6352449 -46.6060678;-23.6328855 -46.6050517;282;67;77
94;Thu Mar 14 22:39:46 2019;-23.6352490309203,-46.6060593591848;-23.6328908584029,-46.6050373925733;-23.6352449 -46.6060678;-23.6328855 -46.6050517;282;67;77
95;Thu Mar 14 22:40:46 2019;-23.6352490309203,-46.6060593591848;-23.6328908584029,-46.6050373925733;-23.6352449 -46.6060678;-23.6328855 -46.6050517;282;67;77
96;Thu Mar 14 22:41:46 2019;-23.6352490309203,-46.6060593591848;-23.6328908584029,-46.6050373925733;-23.6352449 -46.6060678;-23.6328855 -46.6050517;282;67;77
97;Thu Mar 14 22:42:46 2019;-23.6352490309203,-46.6060593591848;-23.6328908584029,-46.6050373925733;-23.6352449 -46.6060678;-23.6328855 -46.6050517;282;67;77
98;Thu Mar 14 22:43:46 2019;-23.6352490309203,-46.6060593591848;-23.6328908584029,-46.6050373925733;-23.6352449 -46.6060678;-23.6328855 -46.6050517;282;67;77
99;Thu Mar 14 22:44:46 2019;-23.6352490309203,-46.6060593591848;-23.6328908584029,-46.6050373925733;-23.6352449 -46.6060678;-23.6328855 -46.6050517;282;67;77
100;Thu Mar 14 22:45:46 2019;-23.6352490309203,-46.6060593591848;-23.6328908584029,-46.6050373925733;-23.6352449 -46.6060678;-23.6328855 -46.6050517;282;67;77
101;Thu Mar 14 22:46:46 2019;-23.6352490309203,-46.6060593591848;-23.6328908584029,-46.6050373925733;-23.6352449 -46.6060678;-23.6328855 -46.6050517;282;67;77
102;Thu Mar 14 22:47:46 2019;-23.6352490309203,-46.6060593591848;-23.6328908584029,-46.6050373925733;-23.6352449 -46.6060678;-23.6328855 -46.6050517;282;67;77
103;Thu Mar 14 22:48:46 2019;-23.6352490309203,-46.6060593591848;-23.6328908584029,-46.6050373925733;-23.6352449 -46.6060678;-23.6328855 -46.6050517;282;67;77
104;Thu Mar 14 22:49:46 2019;-23.6352490309203,-46.6060593591848;-23.6328908584029,-46.6050373925733;-23.6352449 -46.6060678;-23.6328855 -46.6050517;282;67;77
105;Thu Mar 14 22:50:46 2019;-23.6352490309203,-46.6060593591848;-23.6328908584029,-46.6050373925733;-23.6352449 -46.6060678;-23.6328855 -46.6050517;282;67;77
106;Thu Mar 14 22:51:46 2019;-23.6352490309203,-46.6060593591848;-23.6328908584029,-46.6050373925733;-23.6352449 -46.6060678;-23.6328855 -46.6050517;282;67;75
107;Thu Mar 14 22:52:45 2019;-23.6352490309203,-46.6060593591848;-23.6328908584029,-46.6050373925733;-23.6352449 -46.6060678;-23.6328855 -46.6050517;282;67;71
108;Thu Mar 14 22:53:46 2019;-23.6352490309203,-46.6060593591848;-23.6328908584029,-46.6050373925733;-23.6352449 -46.6060678;-23.6328855 -46.6050517;282;67;71
109;Thu Mar 14 22:54:46 2019;-23.6352490309203,-46.6060593591848;-23.6328908584029,-46.6050373925733;-23.6352449 -46.6060678;-23.6328855 -46.6050517;282;67;71
110;Thu Mar 14 22:55:46 2019;-23.6352490309203,-46.6060593591848;-23.6328908584029,-46.6050373925733;-23.6352449 -46.6060678;-23.6328855 -46.6050517;282;67;71
111;Thu Mar 14 22:56:46 2019;-23.6352490309203,-46.6060593591848;-23.6328908584029,-46.6050373925733;-23.6352449 -46.6060678;-23.6328855 -46.6050517;282;67;71
112;Thu Mar 14 22:57:46 2019;-23.6352490309203,-46.6060593591848;-23.6328908584029,-46.6050373925733;-23.6352449 -46.6060678;-23.6328855 -46.6050517;282;67;71
113;Thu Mar 14 22:58:46 2019;-23.6352490309203,-46.6060593591848;-23.6328908584029,-46.6050373925733;-23.6352449 -46.6060678;-23.6328855 -46.6050517;282;67;71
114;Thu Mar 14 22:59:46 2019;-23.6352490309203,-46.6060593591848;-23.6328908584029,-46.6050373925733;-23.6352449 -46.6060678;-23.6328855 -46.6050517;282;67;71
115;Thu Mar 14 23:00:46 2019;-23.6352490309203,-46.6060593591848;-23.6328908584029,-46.6050373925733;-23.6352449 -46.6060678;-23.6328855 -46.6050517;282;67;71
116;Thu Mar 14 23:01:45 2019;-23.6352490309203,-46.6060593591848;-23.6328908584029,-46.6050373925733;-23.6352449 -46.6060678;-23.6328855 -46.6050517;282;67;71
117;Thu Mar 14 23:02:46 2019;-23.6352490309203,-46.6060593591848;-23.6328908584029,-46.6050373925733;-23.6352449 -46.6060678;-23.6328855 -46.6050517;282;67;71
118;Thu Mar 14 23:03:46 2019;-23.6352490309203,-46.6060593591848;-23.6328908584029,-46.6050373925733;-23.6352449 -46.6060678;-23.6328855 -46.6050517;282;67;71
119;Thu Mar 14 23:04:46 2019;-23.6352490309203,-46.6060593591848;-23.6328908584029,-46.6050373925733;-23.6352449 -46.6060678;-23.6328855 -46.6050517;282;67;71
120;Thu Mar 14 23:05:46 2019;-23.6352490309203,-46.6060593591848;-23.6328908584029,-46.6050373925733;-23.6352449 -46.6060678;-23.6328855 -46.6050517;282;67;71
121;Thu Mar 14 23:06:46 2019;-23.6352490309203,-46.6060593591848;-23.6328908584029,-46.6050373925733;-23.6352449 -46.6060678;-23.6328855 -46.6050517;282;67;69
122;Thu Mar 14 23:07:45 2019;-23.6352490309203,-46.6060593591848;-23.6328908584029,-46.6050373925733;-23.6352449 -46.6060678;-23.6328855 -46.6050517;282;67;61
123;Thu Mar 14 23:08:46 2019;-23.6352490309203,-46.6060593591848;-23.6328908584029,-46.6050373925733;-23.6352449 -46.6060678;-23.6328855 -46.6050517;282;67;61
124;Thu Mar 14 23:09:46 2019;-23.6352490309203,-46.6060593591848;-23.6328908584029,-46.6050373925733;-23.6352449 -46.6060678;-23.6328855 -46.6050517;282;67;61
125;Thu Mar 14 23:10:45 2019;-23.6352490309203,-46.6060593591848;-23.6328908584029,-46.6050373925733;-23.6352449 -46.6060678;-23.6328855 -46.6050517;282;67;61
126;Thu Mar 14 23:11:46 2019;-23.6352490309203,-46.6060593591848;-23.6328908584029,-46.6050373925733;-23.6352449 -46.6060678;-23.6328855 -46.6050517;282;67;61
127;Thu Mar 14 23:12:45 2019;-23.6352490309203,-46.6060593591848;-23.6328908584029,-46.6050373925733;-23.6352449 -46.6060678;-23.6328855 -46.6050517;282;67;61
128;Thu Mar 14 23:13:45 2019;-23.6352490309203,-46.6060593591848;-23.6328908584029,-46.6050373925733;-23.6352449 -46.6060678;-23.6328855 -46.6050517;282;67;61
129;Thu Mar 14 23:14:46 2019;-23.6352490309203,-46.6060593591848;-23.6328908584029,-46.6050373925733;-23.6352449 -46.6060678;-23.6328855 -46.6050517;282;67;61
130;Thu Mar 14 23:15:46 2019;-23.6352490309203,-46.6060593591848;-23.6328908584029,-46.6050373925733;-23.6352449 -46.6060678;-23.6328855 -46.6050517;282;67;61
131;Thu Mar 14 23:16:45 2019;-23.6352490309203,-46.6060593591848;-23.6328908584029,-46.6050373925733;-23.6352449 -46.6060678;-23.6328855 -46.6050517;282;67;61
132;Thu Mar 14 23:17:46 2019;-23.6352490309203,-46.6060593591848;-23.6328908584029,-46.6050373925733;-23.6352449 -46.6060678;-23.6328855 -46.6050517;282;67;61
133;Thu Mar 14 23:18:45 2019;-23.6352490309203,-46.6060593591848;-23.6328908584029,-46.6050373925733;-23.6352449 -46.6060678;-23.6328855 -46.6050517;282;67;61
134;Thu Mar 14 23:19:45 2019;-23.6352490309203,-46.6060593591848;-23.6328908584029,-46.6050373925733;-23.6352449 -46.6060678;-23.6328855 -46.6050517;282;67;61
135;Thu Mar 14 23:20:45 2019;-23.6352490309203,-46.6060593591848;-23.6328908584029,-46.6050373925733;-23.6352449 -46.6060678;-23.6328855 -46.6050517;282;67;61
136;Thu Mar 14 23:21:46 2019;-23.6352490309203,-46.6060593591848;-23.6328908584029,-46.6050373925733;-23.6352449 -46.6060678;-23.6328855 -46.6050517;282;67;59
137;Thu Mar 14 23:22:45 2019;-23.6352490309203,-46.6060593591848;-23.6328908584029,-46.6050373925733;-23.6352449 -46.6060678;-23.6328855 -46.6050517;282;67;66
138;Thu Mar 14 23:23:46 2019;-23.6352490309203,-46.6060593591848;-23.6328908584029,-46.6050373925733;-23.6352449 -46.6060678;-23.6328855 -46.6050517;282;67;66
139;Thu Mar 14 23:24:46 2019;-23.6352490309203,-46.6060593591848;-23.6328908584029,-46.6050373925733;-23.6352449 -46.6060678;-23.6328855 -46.6050517;282;67;66
140;Thu Mar 14 23:25:45 2019;-23.6352490309203,-46.6060593591848;-23.6328908584029,-46.6050373925733;-23.6352449 -46.6060678;-23.6328855 -46.6050517;282;67;66
141;Thu Mar 14 23:26:47 2019;-23.6352490309203,-46.6060593591848;-23.6328908584029,-46.6050373925733;-23.6352449 -46.6060678;-23.6328855 -46.6050517;282;67;66
142;Thu Mar 14 23:27:45 2019;-23.6352490309203,-46.6060593591848;-23.6328908584029,-46.6050373925733;-23.6352449 -46.6060678;-23.6328855 -46.6050517;282;67;66
143;Thu Mar 14 23:28:46 2019;-23.6352490309203,-46.6060593591848;-23.6328908584029,-46.6050373925733;-23.6352449 -46.6060678;-23.6328855 -46.6050517;282;67;66
144;Thu Mar 14 23:29:46 2019;-23.6352490309203,-46.6060593591848;-23.6328908584029,-46.6050373925733;-23.6352449 -46.6060678;-23.6328855 -46.6050517;282;67;66
145;Thu Mar 14 23:30:46 2019;-23.6352490309203,-46.6060593591848;-23.6328908584029,-46.6050373925733;-23.6352449 -46.6060678;-23.6328855 -46.6050517;282;67;66
146;Thu Mar 14 23:31:46 2019;-23.6352490309203,-46.6060593591848;-23.6328908584029,-46.6050373925733;-23.6352449 -46.6060678;-23.6328855 -46.6050517;282;67;66
147;Thu Mar 14 23:32:46 2019;-23.6352490309203,-46.6060593591848;-23.6328908584029,-46.6050373925733;-23.6352449 -46.6060678;-23.6328855 -46.6050517;282;67;66
148;Thu Mar 14 23:33:46 2019;-23.6352490309203,-46.6060593591848;-23.6328908584029,-46.6050373925733;-23.6352449 -46.6060678;-23.6328855 -46.6050517;282;67;66
149;Thu Mar 14 23:34:46 2019;-23.6352490309203,-46.6060593591848;-23.6328908584029,-46.6050373925733;-23.6352449 -46.6060678;-23.6328855 -46.6050517;282;67;66
150;Thu Mar 14 23:35:46 2019;-23.6352490309203,-46.6060593591848;-23.6328908584029,-46.6050373925733;-23.6352449 -46.6060678;-23.6328855 -46.6050517;282;67;66
151;Thu Mar 14 23:36:46 2019;-23.6352490309203,-46.6060593591848;-23.6328908584029,-46.6050373925733;-23.6352449 -46.6060678;-23.6328855 -46.6050517;282;67;67
152;Thu Mar 14 23:37:46 2019;-23.6352490309203,-46.6060593591848;-23.6328908584029,-46.6050373925733;-23.6352449 -46.6060678;-23.6328855 -46.6050517;282;67;59
153;Thu Mar 14 23:38:46 2019;-23.6352490309203,-46.6060593591848;-23.6328908584029,-46.6050373925733;-23.6352449 -46.6060678;-23.6328855 -46.6050517;282;67;59
154;Thu Mar 14 23:39:46 2019;-23.6352490309203,-46.6060593591848;-23.6328908584029,-46.6050373925733;-23.6352449 -46.6060678;-23.6328855 -46.6050517;282;67;59
155;Thu Mar 14 23:40:46 2019;-23.6352490309203,-46.6060593591848;-23.6328908584029,-46.6050373925733;-23.6352449 -46.6060678;-23.6328855 -46.6050517;282;67;59
156;Thu Mar 14 23:41:46 2019;-23.6352490309203,-46.6060593591848;-23.6328908584029,-46.6050373925733;-23.6352449 -46.6060678;-23.6328855 -46.6050517;282;67;59
157;Thu Mar 14 23:42:46 2019;-23.6352490309203,-46.6060593591848;-23.6328908584029,-46.6050373925733;-23.6352449 -46.6060678;-23.6328855 -46.6050517;282;67;59
158;Thu Mar 14 23:43:45 2019;-23.6352490309203,-46.6060593591848;-23.6328908584029,-46.6050373925733;-23.6352449 -46.6060678;-23.6328855 -46.6050517;282;67;59
159;Thu Mar 14 23:44:46 2019;-23.6352490309203,-46.6060593591848;-23.6328908584029,-46.6050373925733;-23.6352449 -46.6060678;-23.6328855 -46.6050517;282;67;59
160;Thu Mar 14 23:45:45 2019;-23.6352490309203,-46.6060593591848;-23.6328908584029,-46.6050373925733;-23.6352449 -46.6060678;-23.6328855 -46.6050517;282;67;59
161;Thu Mar 14 23:46:46 2019;-23.6352490309203,-46.6060593591848;-23.6328908584029,-46.6050373925733;-23.6352449 -46.6060678;-23.6328855 -46.6050517;282;67;59
162;Thu Mar 14 23:47:46 2019;-23.6352490309203,-46.6060593591848;-23.6328908584029,-46.6050373925733;-23.6352449 -46.6060678;-23.6328855 -46.6050517;282;67;59
163;Thu Mar 14 23:48:46 2019;-23.6352490309203,-46.6060593591848;-23.6328908584029,-46.6050373925733;-23.6352449 -46.6060678;-23.6328855 -46.6050517;282;67;59
164;Thu Mar 14 23:49:45 2019;-23.6352490309203,-46.6060593591848;-23.6328908584029,-46.6050373925733;-23.6352449 -46.6060678;-23.6328855 -46.6050517;282;67;59
165;Thu Mar 14 23:50:46 2019;-23.6352490309203,-46.6060593591848;-23.6328908584029,-46.6050373925733;-23.6352449 -46.6060678;-23.6328855 -46.6050517;282;67;59
166;Thu Mar 14 23:51:46 2019;-23.6352490309203,-46.6060593591848;-23.6328908584029,-46.6050373925733;-23.6352449 -46.6060678;-23.6328855 -46.6050517;282;67;58
167;Thu Mar 14 23:52:45 2019;-23.6352490309203,-46.6060593591848;-23.6328908584029,-46.6050373925733;-23.6352449 -46.6060678;-23.6328855 -46.6050517;282;67;62
168;Thu Mar 14 23:53:46 2019;-23.6352490309203,-46.6060593591848;-23.6328908584029,-46.6050373925733;-23.6352449 -46.6060678;-23.6328855 -46.6050517;282;67;62
169;Thu Mar 14 23:54:45 2019;-23.6352490309203,-46.6060593591848;-23.6328908584029,-46.6050373925733;-23.6352449 -46.6060678;-23.6328855 -46.6050517;282;67;62
170;Thu Mar 14 23:55:46 2019;-23.6352490309203,-46.6060593591848;-23.6328908584029,-46.6050373925733;-23.6352449 -46.6060678;-23.6328855 -46.6050517;282;67;62
171;Thu Mar 14 23:56:45 2019;-23.6352490309203,-46.6060593591848;-23.6328908584029,-46.6050373925733;-23.6352449 -46.6060678;-23.6328855 -46.6050517;282;67;62
172;Thu Mar 14 23:57:46 2019;-23.6352490309203,-46.6060593591848;-23.6328908584029,-46.6050373925733;-23.6352449 -46.6060678;-23.6328855 -46.6050517;282;67;62
173;Thu Mar 14 23:58:46 2019;-23.6352490309203,-46.6060593591848;-23.6328908584029,-46.6050373925733;-23.6352449 -46.6060678;-23.6328855 -46.6050517;282;67;62
174;Thu Mar 14 23:59:46 2019;-23.6352490309203,-46.6060593591848;-23.6328908584029,-46.6050373925733;-23.6352449 -46.6060678;-23.6328855 -46.6050517;282;67;62
