38972;Thu Mar 14 00:00:35 2019;-23.5950202045737,-46.6268998697663;-23.5931874507308,-46.6297230843116;-23.5950455 -46.6269057;-23.5931819 -46.6297171;368;46;49
39213;Thu Mar 14 04:01:35 2019;-23.5950202045737,-46.6268998697663;-23.5931874507308,-46.6297230843116;-23.5950455 -46.6269057;-23.5931819 -46.6297171;368;46;35
39214;Thu Mar 14 04:02:34 2019;-23.5950202045737,-46.6268998697663;-23.5931874507308,-46.6297230843116;-23.5950455 -46.6269057;-23.5931819 -46.6297171;368;46;35
39215;Thu Mar 14 04:03:35 2019;-23.5950202045737,-46.6268998697663;-23.5931874507308,-46.6297230843116;-23.5950455 -46.6269057;-23.5931819 -46.6297171;368;46;35
39216;Thu Mar 14 04:04:35 2019;-23.5950202045737,-46.6268998697663;-23.5931874507308,-46.6297230843116;-23.5950455 -46.6269057;-23.5931819 -46.6297171;368;46;35
39217;Thu Mar 14 04:05:35 2019;-23.5950202045737,-46.6268998697663;-23.5931874507308,-46.6297230843116;-23.5950455 -46.6269057;-23.5931819 -46.6297171;368;46;35
39218;Thu Mar 14 04:06:35 2019;-23.5950202045737,-46.6268998697663;-23.5931874507308,-46.6297230843116;-23.5950455 -46.6269057;-23.5931819 -46.6297171;368;46;35
39219;Thu Mar 14 04:07:35 2019;-23.5950202045737,-46.6268998697663;-23.5931874507308,-46.6297230843116;-23.5950455 -46.6269057;-23.5931819 -46.6297171;368;46;34
39220;Thu Mar 14 04:08:35 2019;-23.5950202045737,-46.6268998697663;-23.5931874507308,-46.6297230843116;-23.5950455 -46.6269057;-23.5931819 -46.6297171;368;46;34
39221;Thu Mar 14 04:09:35 2019;-23.5950202045737,-46.6268998697663;-23.5931874507308,-46.6297230843116;-23.5950455 -46.6269057;-23.5931819 -46.6297171;368;46;34
1;Thu Mar 14 21:06:57 2019;-23.5950202045737,-46.6268998697663;-23.5931874507308,-46.6297230843116;-23.5950455 -46.6269057;-23.5931819 -46.6297171;368;46;80
2;Thu Mar 14 21:07:49 2019;-23.5950202045737,-46.6268998697663;-23.5931874507308,-46.6297230843116;-23.5950455 -46.6269057;-23.5931819 -46.6297171;368;46;78
3;Thu Mar 14 21:08:52 2019;-23.5950202045737,-46.6268998697663;-23.5931874507308,-46.6297230843116;-23.5950455 -46.6269057;-23.5931819 -46.6297171;368;46;78
4;Thu Mar 14 21:09:48 2019;-23.5950202045737,-46.6268998697663;-23.5931874507308,-46.6297230843116;-23.5950455 -46.6269057;-23.5931819 -46.6297171;368;46;78
5;Thu Mar 14 21:10:48 2019;-23.5950202045737,-46.6268998697663;-23.5931874507308,-46.6297230843116;-23.5950455 -46.6269057;-23.5931819 -46.6297171;368;46;78
6;Thu Mar 14 21:11:48 2019;-23.5950202045737,-46.6268998697663;-23.5931874507308,-46.6297230843116;-23.5950455 -46.6269057;-23.5931819 -46.6297171;368;46;78
7;Thu Mar 14 21:12:48 2019;-23.5950202045737,-46.6268998697663;-23.5931874507308,-46.6297230843116;-23.5950455 -46.6269057;-23.5931819 -46.6297171;368;46;78
8;Thu Mar 14 21:13:48 2019;-23.5950202045737,-46.6268998697663;-23.5931874507308,-46.6297230843116;-23.5950455 -46.6269057;-23.5931819 -46.6297171;368;46;78
9;Thu Mar 14 21:14:48 2019;-23.5950202045737,-46.6268998697663;-23.5931874507308,-46.6297230843116;-23.5950455 -46.6269057;-23.5931819 -46.6297171;368;46;78
10;Thu Mar 14 21:15:49 2019;-23.5950202045737,-46.6268998697663;-23.5931874507308,-46.6297230843116;-23.5950455 -46.6269057;-23.5931819 -46.6297171;368;46;78
11;Thu Mar 14 21:16:49 2019;-23.5950202045737,-46.6268998697663;-23.5931874507308,-46.6297230843116;-23.5950455 -46.6269057;-23.5931819 -46.6297171;368;46;78
12;Thu Mar 14 21:17:48 2019;-23.5950202045737,-46.6268998697663;-23.5931874507308,-46.6297230843116;-23.5950455 -46.6269057;-23.5931819 -46.6297171;368;46;78
13;Thu Mar 14 21:18:48 2019;-23.5950202045737,-46.6268998697663;-23.5931874507308,-46.6297230843116;-23.5950455 -46.6269057;-23.5931819 -46.6297171;368;46;78
14;Thu Mar 14 21:19:49 2019;-23.5950202045737,-46.6268998697663;-23.5931874507308,-46.6297230843116;-23.5950455 -46.6269057;-23.5931819 -46.6297171;368;46;78
15;Thu Mar 14 21:20:49 2019;-23.5950202045737,-46.6268998697663;-23.5931874507308,-46.6297230843116;-23.5950455 -46.6269057;-23.5931819 -46.6297171;368;46;78
16;Thu Mar 14 21:21:50 2019;-23.5950202045737,-46.6268998697663;-23.5931874507308,-46.6297230843116;-23.5950455 -46.6269057;-23.5931819 -46.6297171;368;46;80
17;Thu Mar 14 21:22:48 2019;-23.5950202045737,-46.6268998697663;-23.5931874507308,-46.6297230843116;-23.5950455 -46.6269057;-23.5931819 -46.6297171;368;46;81
18;Thu Mar 14 21:23:48 2019;-23.5950202045737,-46.6268998697663;-23.5931874507308,-46.6297230843116;-23.5950455 -46.6269057;-23.5931819 -46.6297171;368;46;81
19;Thu Mar 14 21:24:48 2019;-23.5950202045737,-46.6268998697663;-23.5931874507308,-46.6297230843116;-23.5950455 -46.6269057;-23.5931819 -46.6297171;368;46;81
20;Thu Mar 14 21:25:48 2019;-23.5950202045737,-46.6268998697663;-23.5931874507308,-46.6297230843116;-23.5950455 -46.6269057;-23.5931819 -46.6297171;368;46;81
21;Thu Mar 14 21:26:49 2019;-23.5950202045737,-46.6268998697663;-23.5931874507308,-46.6297230843116;-23.5950455 -46.6269057;-23.5931819 -46.6297171;368;46;81
22;Thu Mar 14 21:27:48 2019;-23.5950202045737,-46.6268998697663;-23.5931874507308,-46.6297230843116;-23.5950455 -46.6269057;-23.5931819 -46.6297171;368;46;81
23;Thu Mar 14 21:28:48 2019;-23.5950202045737,-46.6268998697663;-23.5931874507308,-46.6297230843116;-23.5950455 -46.6269057;-23.5931819 -46.6297171;368;46;81
24;Thu Mar 14 21:29:48 2019;-23.5950202045737,-46.6268998697663;-23.5931874507308,-46.6297230843116;-23.5950455 -46.6269057;-23.5931819 -46.6297171;368;46;81
25;Thu Mar 14 21:30:48 2019;-23.5950202045737,-46.6268998697663;-23.5931874507308,-46.6297230843116;-23.5950455 -46.6269057;-23.5931819 -46.6297171;368;46;81
26;Thu Mar 14 21:31:48 2019;-23.5950202045737,-46.6268998697663;-23.5931874507308,-46.6297230843116;-23.5950455 -46.6269057;-23.5931819 -46.6297171;368;46;81
27;Thu Mar 14 21:32:48 2019;-23.5950202045737,-46.6268998697663;-23.5931874507308,-46.6297230843116;-23.5950455 -46.6269057;-23.5931819 -46.6297171;368;46;81
28;Thu Mar 14 21:33:48 2019;-23.5950202045737,-46.6268998697663;-23.5931874507308,-46.6297230843116;-23.5950455 -46.6269057;-23.5931819 -46.6297171;368;46;81
29;Thu Mar 14 21:34:48 2019;-23.5950202045737,-46.6268998697663;-23.5931874507308,-46.6297230843116;-23.5950455 -46.6269057;-23.5931819 -46.6297171;368;46;81
30;Thu Mar 14 21:35:48 2019;-23.5950202045737,-46.6268998697663;-23.5931874507308,-46.6297230843116;-23.5950455 -46.6269057;-23.5931819 -46.6297171;368;46;81
31;Thu Mar 14 21:36:48 2019;-23.5950202045737,-46.6268998697663;-23.5931874507308,-46.6297230843116;-23.5950455 -46.6269057;-23.5931819 -46.6297171;368;46;79
32;Thu Mar 14 21:37:48 2019;-23.5950202045737,-46.6268998697663;-23.5931874507308,-46.6297230843116;-23.5950455 -46.6269057;-23.5931819 -46.6297171;368;46;73
33;Thu Mar 14 21:38:48 2019;-23.5950202045737,-46.6268998697663;-23.5931874507308,-46.6297230843116;-23.5950455 -46.6269057;-23.5931819 -46.6297171;368;46;73
34;Thu Mar 14 21:39:48 2019;-23.5950202045737,-46.6268998697663;-23.5931874507308,-46.6297230843116;-23.5950455 -46.6269057;-23.5931819 -46.6297171;368;46;73
35;Thu Mar 14 21:40:48 2019;-23.5950202045737,-46.6268998697663;-23.5931874507308,-46.6297230843116;-23.5950455 -46.6269057;-23.5931819 -46.6297171;368;46;73
36;Thu Mar 14 21:41:48 2019;-23.5950202045737,-46.6268998697663;-23.5931874507308,-46.6297230843116;-23.5950455 -46.6269057;-23.5931819 -46.6297171;368;46;73
37;Thu Mar 14 21:42:48 2019;-23.5950202045737,-46.6268998697663;-23.5931874507308,-46.6297230843116;-23.5950455 -46.6269057;-23.5931819 -46.6297171;368;46;73
38;Thu Mar 14 21:43:48 2019;-23.5950202045737,-46.6268998697663;-23.5931874507308,-46.6297230843116;-23.5950455 -46.6269057;-23.5931819 -46.6297171;368;46;73
39;Thu Mar 14 21:44:48 2019;-23.5950202045737,-46.6268998697663;-23.5931874507308,-46.6297230843116;-23.5950455 -46.6269057;-23.5931819 -46.6297171;368;46;73
40;Thu Mar 14 21:45:48 2019;-23.5950202045737,-46.6268998697663;-23.5931874507308,-46.6297230843116;-23.5950455 -46.6269057;-23.5931819 -46.6297171;368;46;73
41;Thu Mar 14 21:46:48 2019;-23.5950202045737,-46.6268998697663;-23.5931874507308,-46.6297230843116;-23.5950455 -46.6269057;-23.5931819 -46.6297171;368;46;73
42;Thu Mar 14 21:47:48 2019;-23.5950202045737,-46.6268998697663;-23.5931874507308,-46.6297230843116;-23.5950455 -46.6269057;-23.5931819 -46.6297171;368;46;73
43;Thu Mar 14 21:48:48 2019;-23.5950202045737,-46.6268998697663;-23.5931874507308,-46.6297230843116;-23.5950455 -46.6269057;-23.5931819 -46.6297171;368;46;73
44;Thu Mar 14 21:49:48 2019;-23.5950202045737,-46.6268998697663;-23.5931874507308,-46.6297230843116;-23.5950455 -46.6269057;-23.5931819 -46.6297171;368;46;73
45;Thu Mar 14 21:50:48 2019;-23.5950202045737,-46.6268998697663;-23.5931874507308,-46.6297230843116;-23.5950455 -46.6269057;-23.5931819 -46.6297171;368;46;73
46;Thu Mar 14 21:51:48 2019;-23.5950202045737,-46.6268998697663;-23.5931874507308,-46.6297230843116;-23.5950455 -46.6269057;-23.5931819 -46.6297171;368;46;68
47;Thu Mar 14 21:52:48 2019;-23.5950202045737,-46.6268998697663;-23.5931874507308,-46.6297230843116;-23.5950455 -46.6269057;-23.5931819 -46.6297171;368;46;70
48;Thu Mar 14 21:53:48 2019;-23.5950202045737,-46.6268998697663;-23.5931874507308,-46.6297230843116;-23.5950455 -46.6269057;-23.5931819 -46.6297171;368;46;70
49;Thu Mar 14 21:54:49 2019;-23.5950202045737,-46.6268998697663;-23.5931874507308,-46.6297230843116;-23.5950455 -46.6269057;-23.5931819 -46.6297171;368;46;70
50;Thu Mar 14 21:55:48 2019;-23.5950202045737,-46.6268998697663;-23.5931874507308,-46.6297230843116;-23.5950455 -46.6269057;-23.5931819 -46.6297171;368;46;70
51;Thu Mar 14 21:56:49 2019;-23.5950202045737,-46.6268998697663;-23.5931874507308,-46.6297230843116;-23.5950455 -46.6269057;-23.5931819 -46.6297171;368;46;70
52;Thu Mar 14 21:57:48 2019;-23.5950202045737,-46.6268998697663;-23.5931874507308,-46.6297230843116;-23.5950455 -46.6269057;-23.5931819 -46.6297171;368;46;70
53;Thu Mar 14 21:58:48 2019;-23.5950202045737,-46.6268998697663;-23.5931874507308,-46.6297230843116;-23.5950455 -46.6269057;-23.5931819 -46.6297171;368;46;70
54;Thu Mar 14 21:59:48 2019;-23.5950202045737,-46.6268998697663;-23.5931874507308,-46.6297230843116;-23.5950455 -46.6269057;-23.5931819 -46.6297171;368;46;70
55;Thu Mar 14 22:00:48 2019;-23.5950202045737,-46.6268998697663;-23.5931874507308,-46.6297230843116;-23.5950455 -46.6269057;-23.5931819 -46.6297171;368;46;70
56;Thu Mar 14 22:01:48 2019;-23.5950202045737,-46.6268998697663;-23.5931874507308,-46.6297230843116;-23.5950455 -46.6269057;-23.5931819 -46.6297171;368;46;70
57;Thu Mar 14 22:02:47 2019;-23.5950202045737,-46.6268998697663;-23.5931874507308,-46.6297230843116;-23.5950455 -46.6269057;-23.5931819 -46.6297171;368;46;70
58;Thu Mar 14 22:03:48 2019;-23.5950202045737,-46.6268998697663;-23.5931874507308,-46.6297230843116;-23.5950455 -46.6269057;-23.5931819 -46.6297171;368;46;70
59;Thu Mar 14 22:04:48 2019;-23.5950202045737,-46.6268998697663;-23.5931874507308,-46.6297230843116;-23.5950455 -46.6269057;-23.5931819 -46.6297171;368;46;70
60;Thu Mar 14 22:05:49 2019;-23.5950202045737,-46.6268998697663;-23.5931874507308,-46.6297230843116;-23.5950455 -46.6269057;-23.5931819 -46.6297171;368;46;70
61;Thu Mar 14 22:06:49 2019;-23.5950202045737,-46.6268998697663;-23.5931874507308,-46.6297230843116;-23.5950455 -46.6269057;-23.5931819 -46.6297171;368;46;78
62;Thu Mar 14 22:07:49 2019;-23.5950202045737,-46.6268998697663;-23.5931874507308,-46.6297230843116;-23.5950455 -46.6269057;-23.5931819 -46.6297171;368;46;78
63;Thu Mar 14 22:08:49 2019;-23.5950202045737,-46.6268998697663;-23.5931874507308,-46.6297230843116;-23.5950455 -46.6269057;-23.5931819 -46.6297171;368;46;78
64;Thu Mar 14 22:09:48 2019;-23.5950202045737,-46.6268998697663;-23.5931874507308,-46.6297230843116;-23.5950455 -46.6269057;-23.5931819 -46.6297171;368;46;78
65;Thu Mar 14 22:10:48 2019;-23.5950202045737,-46.6268998697663;-23.5931874507308,-46.6297230843116;-23.5950455 -46.6269057;-23.5931819 -46.6297171;368;46;78
66;Thu Mar 14 22:11:48 2019;-23.5950202045737,-46.6268998697663;-23.5931874507308,-46.6297230843116;-23.5950455 -46.6269057;-23.5931819 -46.6297171;368;46;78
67;Thu Mar 14 22:12:48 2019;-23.5950202045737,-46.6268998697663;-23.5931874507308,-46.6297230843116;-23.5950455 -46.6269057;-23.5931819 -46.6297171;368;46;78
68;Thu Mar 14 22:13:48 2019;-23.5950202045737,-46.6268998697663;-23.5931874507308,-46.6297230843116;-23.5950455 -46.6269057;-23.5931819 -46.6297171;368;46;78
69;Thu Mar 14 22:14:48 2019;-23.5950202045737,-46.6268998697663;-23.5931874507308,-46.6297230843116;-23.5950455 -46.6269057;-23.5931819 -46.6297171;368;46;78
70;Thu Mar 14 22:15:48 2019;-23.5950202045737,-46.6268998697663;-23.5931874507308,-46.6297230843116;-23.5950455 -46.6269057;-23.5931819 -46.6297171;368;46;78
71;Thu Mar 14 22:16:48 2019;-23.5950202045737,-46.6268998697663;-23.5931874507308,-46.6297230843116;-23.5950455 -46.6269057;-23.5931819 -46.6297171;368;46;78
72;Thu Mar 14 22:17:48 2019;-23.5950202045737,-46.6268998697663;-23.5931874507308,-46.6297230843116;-23.5950455 -46.6269057;-23.5931819 -46.6297171;368;46;78
73;Thu Mar 14 22:18:48 2019;-23.5950202045737,-46.6268998697663;-23.5931874507308,-46.6297230843116;-23.5950455 -46.6269057;-23.5931819 -46.6297171;368;46;78
74;Thu Mar 14 22:19:48 2019;-23.5950202045737,-46.6268998697663;-23.5931874507308,-46.6297230843116;-23.5950455 -46.6269057;-23.5931819 -46.6297171;368;46;78
75;Thu Mar 14 22:20:48 2019;-23.5950202045737,-46.6268998697663;-23.5931874507308,-46.6297230843116;-23.5950455 -46.6269057;-23.5931819 -46.6297171;368;46;78
76;Thu Mar 14 22:21:48 2019;-23.5950202045737,-46.6268998697663;-23.5931874507308,-46.6297230843116;-23.5950455 -46.6269057;-23.5931819 -46.6297171;368;46;72
77;Thu Mar 14 22:22:48 2019;-23.5950202045737,-46.6268998697663;-23.5931874507308,-46.6297230843116;-23.5950455 -46.6269057;-23.5931819 -46.6297171;368;46;69
78;Thu Mar 14 22:23:48 2019;-23.5950202045737,-46.6268998697663;-23.5931874507308,-46.6297230843116;-23.5950455 -46.6269057;-23.5931819 -46.6297171;368;46;69
79;Thu Mar 14 22:24:48 2019;-23.5950202045737,-46.6268998697663;-23.5931874507308,-46.6297230843116;-23.5950455 -46.6269057;-23.5931819 -46.6297171;368;46;69
80;Thu Mar 14 22:25:48 2019;-23.5950202045737,-46.6268998697663;-23.5931874507308,-46.6297230843116;-23.5950455 -46.6269057;-23.5931819 -46.6297171;368;46;69
81;Thu Mar 14 22:26:48 2019;-23.5950202045737,-46.6268998697663;-23.5931874507308,-46.6297230843116;-23.5950455 -46.6269057;-23.5931819 -46.6297171;368;46;69
82;Thu Mar 14 22:27:48 2019;-23.5950202045737,-46.6268998697663;-23.5931874507308,-46.6297230843116;-23.5950455 -46.6269057;-23.5931819 -46.6297171;368;46;69
83;Thu Mar 14 22:28:48 2019;-23.5950202045737,-46.6268998697663;-23.5931874507308,-46.6297230843116;-23.5950455 -46.6269057;-23.5931819 -46.6297171;368;46;69
84;Thu Mar 14 22:29:48 2019;-23.5950202045737,-46.6268998697663;-23.5931874507308,-46.6297230843116;-23.5950455 -46.6269057;-23.5931819 -46.6297171;368;46;69
85;Thu Mar 14 22:30:48 2019;-23.5950202045737,-46.6268998697663;-23.5931874507308,-46.6297230843116;-23.5950455 -46.6269057;-23.5931819 -46.6297171;368;46;69
86;Thu Mar 14 22:31:48 2019;-23.5950202045737,-46.6268998697663;-23.5931874507308,-46.6297230843116;-23.5950455 -46.6269057;-23.5931819 -46.6297171;368;46;69
87;Thu Mar 14 22:32:48 2019;-23.5950202045737,-46.6268998697663;-23.5931874507308,-46.6297230843116;-23.5950455 -46.6269057;-23.5931819 -46.6297171;368;46;69
88;Thu Mar 14 22:33:48 2019;-23.5950202045737,-46.6268998697663;-23.5931874507308,-46.6297230843116;-23.5950455 -46.6269057;-23.5931819 -46.6297171;368;46;69
89;Thu Mar 14 22:34:48 2019;-23.5950202045737,-46.6268998697663;-23.5931874507308,-46.6297230843116;-23.5950455 -46.6269057;-23.5931819 -46.6297171;368;46;69
90;Thu Mar 14 22:35:48 2019;-23.5950202045737,-46.6268998697663;-23.5931874507308,-46.6297230843116;-23.5950455 -46.6269057;-23.5931819 -46.6297171;368;46;69
91;Thu Mar 14 22:36:48 2019;-23.5950202045737,-46.6268998697663;-23.5931874507308,-46.6297230843116;-23.5950455 -46.6269057;-23.5931819 -46.6297171;368;46;67
92;Thu Mar 14 22:37:48 2019;-23.5950202045737,-46.6268998697663;-23.5931874507308,-46.6297230843116;-23.5950455 -46.6269057;-23.5931819 -46.6297171;368;46;67
93;Thu Mar 14 22:38:49 2019;-23.5950202045737,-46.6268998697663;-23.5931874507308,-46.6297230843116;-23.5950455 -46.6269057;-23.5931819 -46.6297171;368;46;67
94;Thu Mar 14 22:39:48 2019;-23.5950202045737,-46.6268998697663;-23.5931874507308,-46.6297230843116;-23.5950455 -46.6269057;-23.5931819 -46.6297171;368;46;67
95;Thu Mar 14 22:40:48 2019;-23.5950202045737,-46.6268998697663;-23.5931874507308,-46.6297230843116;-23.5950455 -46.6269057;-23.5931819 -46.6297171;368;46;67
96;Thu Mar 14 22:41:48 2019;-23.5950202045737,-46.6268998697663;-23.5931874507308,-46.6297230843116;-23.5950455 -46.6269057;-23.5931819 -46.6297171;368;46;67
97;Thu Mar 14 22:42:48 2019;-23.5950202045737,-46.6268998697663;-23.5931874507308,-46.6297230843116;-23.5950455 -46.6269057;-23.5931819 -46.6297171;368;46;67
98;Thu Mar 14 22:43:48 2019;-23.5950202045737,-46.6268998697663;-23.5931874507308,-46.6297230843116;-23.5950455 -46.6269057;-23.5931819 -46.6297171;368;46;67
99;Thu Mar 14 22:44:48 2019;-23.5950202045737,-46.6268998697663;-23.5931874507308,-46.6297230843116;-23.5950455 -46.6269057;-23.5931819 -46.6297171;368;46;67
100;Thu Mar 14 22:45:48 2019;-23.5950202045737,-46.6268998697663;-23.5931874507308,-46.6297230843116;-23.5950455 -46.6269057;-23.5931819 -46.6297171;368;46;67
101;Thu Mar 14 22:46:49 2019;-23.5950202045737,-46.6268998697663;-23.5931874507308,-46.6297230843116;-23.5950455 -46.6269057;-23.5931819 -46.6297171;368;46;67
102;Thu Mar 14 22:47:48 2019;-23.5950202045737,-46.6268998697663;-23.5931874507308,-46.6297230843116;-23.5950455 -46.6269057;-23.5931819 -46.6297171;368;46;67
103;Thu Mar 14 22:48:48 2019;-23.5950202045737,-46.6268998697663;-23.5931874507308,-46.6297230843116;-23.5950455 -46.6269057;-23.5931819 -46.6297171;368;46;67
104;Thu Mar 14 22:49:48 2019;-23.5950202045737,-46.6268998697663;-23.5931874507308,-46.6297230843116;-23.5950455 -46.6269057;-23.5931819 -46.6297171;368;46;67
105;Thu Mar 14 22:50:48 2019;-23.5950202045737,-46.6268998697663;-23.5931874507308,-46.6297230843116;-23.5950455 -46.6269057;-23.5931819 -46.6297171;368;46;67
106;Thu Mar 14 22:51:48 2019;-23.5950202045737,-46.6268998697663;-23.5931874507308,-46.6297230843116;-23.5950455 -46.6269057;-23.5931819 -46.6297171;368;46;68
107;Thu Mar 14 22:52:48 2019;-23.5950202045737,-46.6268998697663;-23.5931874507308,-46.6297230843116;-23.5950455 -46.6269057;-23.5931819 -46.6297171;368;46;67
108;Thu Mar 14 22:53:49 2019;-23.5950202045737,-46.6268998697663;-23.5931874507308,-46.6297230843116;-23.5950455 -46.6269057;-23.5931819 -46.6297171;368;46;67
109;Thu Mar 14 22:54:48 2019;-23.5950202045737,-46.6268998697663;-23.5931874507308,-46.6297230843116;-23.5950455 -46.6269057;-23.5931819 -46.6297171;368;46;67
110;Thu Mar 14 22:55:48 2019;-23.5950202045737,-46.6268998697663;-23.5931874507308,-46.6297230843116;-23.5950455 -46.6269057;-23.5931819 -46.6297171;368;46;67
111;Thu Mar 14 22:56:50 2019;-23.5950202045737,-46.6268998697663;-23.5931874507308,-46.6297230843116;-23.5950455 -46.6269057;-23.5931819 -46.6297171;368;46;67
112;Thu Mar 14 22:57:48 2019;-23.5950202045737,-46.6268998697663;-23.5931874507308,-46.6297230843116;-23.5950455 -46.6269057;-23.5931819 -46.6297171;368;46;67
113;Thu Mar 14 22:58:48 2019;-23.5950202045737,-46.6268998697663;-23.5931874507308,-46.6297230843116;-23.5950455 -46.6269057;-23.5931819 -46.6297171;368;46;67
114;Thu Mar 14 22:59:48 2019;-23.5950202045737,-46.6268998697663;-23.5931874507308,-46.6297230843116;-23.5950455 -46.6269057;-23.5931819 -46.6297171;368;46;67
115;Thu Mar 14 23:00:48 2019;-23.5950202045737,-46.6268998697663;-23.5931874507308,-46.6297230843116;-23.5950455 -46.6269057;-23.5931819 -46.6297171;368;46;67
116;Thu Mar 14 23:01:47 2019;-23.5950202045737,-46.6268998697663;-23.5931874507308,-46.6297230843116;-23.5950455 -46.6269057;-23.5931819 -46.6297171;368;46;67
117;Thu Mar 14 23:02:48 2019;-23.5950202045737,-46.6268998697663;-23.5931874507308,-46.6297230843116;-23.5950455 -46.6269057;-23.5931819 -46.6297171;368;46;67
118;Thu Mar 14 23:03:48 2019;-23.5950202045737,-46.6268998697663;-23.5931874507308,-46.6297230843116;-23.5950455 -46.6269057;-23.5931819 -46.6297171;368;46;67
119;Thu Mar 14 23:04:48 2019;-23.5950202045737,-46.6268998697663;-23.5931874507308,-46.6297230843116;-23.5950455 -46.6269057;-23.5931819 -46.6297171;368;46;67
120;Thu Mar 14 23:05:48 2019;-23.5950202045737,-46.6268998697663;-23.5931874507308,-46.6297230843116;-23.5950455 -46.6269057;-23.5931819 -46.6297171;368;46;67
121;Thu Mar 14 23:06:49 2019;-23.5950202045737,-46.6268998697663;-23.5931874507308,-46.6297230843116;-23.5950455 -46.6269057;-23.5931819 -46.6297171;368;46;66
122;Thu Mar 14 23:07:49 2019;-23.5950202045737,-46.6268998697663;-23.5931874507308,-46.6297230843116;-23.5950455 -46.6269057;-23.5931819 -46.6297171;368;46;75
123;Thu Mar 14 23:08:48 2019;-23.5950202045737,-46.6268998697663;-23.5931874507308,-46.6297230843116;-23.5950455 -46.6269057;-23.5931819 -46.6297171;368;46;75
124;Thu Mar 14 23:09:48 2019;-23.5950202045737,-46.6268998697663;-23.5931874507308,-46.6297230843116;-23.5950455 -46.6269057;-23.5931819 -46.6297171;368;46;75
125;Thu Mar 14 23:10:48 2019;-23.5950202045737,-46.6268998697663;-23.5931874507308,-46.6297230843116;-23.5950455 -46.6269057;-23.5931819 -46.6297171;368;46;75
126;Thu Mar 14 23:11:48 2019;-23.5950202045737,-46.6268998697663;-23.5931874507308,-46.6297230843116;-23.5950455 -46.6269057;-23.5931819 -46.6297171;368;46;75
127;Thu Mar 14 23:12:48 2019;-23.5950202045737,-46.6268998697663;-23.5931874507308,-46.6297230843116;-23.5950455 -46.6269057;-23.5931819 -46.6297171;368;46;75
128;Thu Mar 14 23:13:48 2019;-23.5950202045737,-46.6268998697663;-23.5931874507308,-46.6297230843116;-23.5950455 -46.6269057;-23.5931819 -46.6297171;368;46;75
129;Thu Mar 14 23:14:48 2019;-23.5950202045737,-46.6268998697663;-23.5931874507308,-46.6297230843116;-23.5950455 -46.6269057;-23.5931819 -46.6297171;368;46;75
130;Thu Mar 14 23:15:48 2019;-23.5950202045737,-46.6268998697663;-23.5931874507308,-46.6297230843116;-23.5950455 -46.6269057;-23.5931819 -46.6297171;368;46;75
131;Thu Mar 14 23:16:48 2019;-23.5950202045737,-46.6268998697663;-23.5931874507308,-46.6297230843116;-23.5950455 -46.6269057;-23.5931819 -46.6297171;368;46;75
132;Thu Mar 14 23:17:48 2019;-23.5950202045737,-46.6268998697663;-23.5931874507308,-46.6297230843116;-23.5950455 -46.6269057;-23.5931819 -46.6297171;368;46;75
133;Thu Mar 14 23:18:48 2019;-23.5950202045737,-46.6268998697663;-23.5931874507308,-46.6297230843116;-23.5950455 -46.6269057;-23.5931819 -46.6297171;368;46;75
134;Thu Mar 14 23:19:48 2019;-23.5950202045737,-46.6268998697663;-23.5931874507308,-46.6297230843116;-23.5950455 -46.6269057;-23.5931819 -46.6297171;368;46;75
135;Thu Mar 14 23:20:48 2019;-23.5950202045737,-46.6268998697663;-23.5931874507308,-46.6297230843116;-23.5950455 -46.6269057;-23.5931819 -46.6297171;368;46;75
136;Thu Mar 14 23:21:48 2019;-23.5950202045737,-46.6268998697663;-23.5931874507308,-46.6297230843116;-23.5950455 -46.6269057;-23.5931819 -46.6297171;368;46;73
137;Thu Mar 14 23:22:49 2019;-23.5950202045737,-46.6268998697663;-23.5931874507308,-46.6297230843116;-23.5950455 -46.6269057;-23.5931819 -46.6297171;368;46;58
138;Thu Mar 14 23:23:48 2019;-23.5950202045737,-46.6268998697663;-23.5931874507308,-46.6297230843116;-23.5950455 -46.6269057;-23.5931819 -46.6297171;368;46;58
139;Thu Mar 14 23:24:48 2019;-23.5950202045737,-46.6268998697663;-23.5931874507308,-46.6297230843116;-23.5950455 -46.6269057;-23.5931819 -46.6297171;368;46;58
140;Thu Mar 14 23:25:47 2019;-23.5950202045737,-46.6268998697663;-23.5931874507308,-46.6297230843116;-23.5950455 -46.6269057;-23.5931819 -46.6297171;368;46;58
141;Thu Mar 14 23:26:49 2019;-23.5950202045737,-46.6268998697663;-23.5931874507308,-46.6297230843116;-23.5950455 -46.6269057;-23.5931819 -46.6297171;368;46;58
142;Thu Mar 14 23:27:48 2019;-23.5950202045737,-46.6268998697663;-23.5931874507308,-46.6297230843116;-23.5950455 -46.6269057;-23.5931819 -46.6297171;368;46;58
143;Thu Mar 14 23:28:48 2019;-23.5950202045737,-46.6268998697663;-23.5931874507308,-46.6297230843116;-23.5950455 -46.6269057;-23.5931819 -46.6297171;368;46;58
144;Thu Mar 14 23:29:48 2019;-23.5950202045737,-46.6268998697663;-23.5931874507308,-46.6297230843116;-23.5950455 -46.6269057;-23.5931819 -46.6297171;368;46;58
145;Thu Mar 14 23:30:48 2019;-23.5950202045737,-46.6268998697663;-23.5931874507308,-46.6297230843116;-23.5950455 -46.6269057;-23.5931819 -46.6297171;368;46;58
146;Thu Mar 14 23:31:48 2019;-23.5950202045737,-46.6268998697663;-23.5931874507308,-46.6297230843116;-23.5950455 -46.6269057;-23.5931819 -46.6297171;368;46;58
147;Thu Mar 14 23:32:48 2019;-23.5950202045737,-46.6268998697663;-23.5931874507308,-46.6297230843116;-23.5950455 -46.6269057;-23.5931819 -46.6297171;368;46;58
148;Thu Mar 14 23:33:48 2019;-23.5950202045737,-46.6268998697663;-23.5931874507308,-46.6297230843116;-23.5950455 -46.6269057;-23.5931819 -46.6297171;368;46;58
149;Thu Mar 14 23:34:48 2019;-23.5950202045737,-46.6268998697663;-23.5931874507308,-46.6297230843116;-23.5950455 -46.6269057;-23.5931819 -46.6297171;368;46;58
150;Thu Mar 14 23:35:48 2019;-23.5950202045737,-46.6268998697663;-23.5931874507308,-46.6297230843116;-23.5950455 -46.6269057;-23.5931819 -46.6297171;368;46;58
151;Thu Mar 14 23:36:49 2019;-23.5950202045737,-46.6268998697663;-23.5931874507308,-46.6297230843116;-23.5950455 -46.6269057;-23.5931819 -46.6297171;368;46;58
152;Thu Mar 14 23:37:49 2019;-23.5950202045737,-46.6268998697663;-23.5931874507308,-46.6297230843116;-23.5950455 -46.6269057;-23.5931819 -46.6297171;368;46;61
153;Thu Mar 14 23:38:48 2019;-23.5950202045737,-46.6268998697663;-23.5931874507308,-46.6297230843116;-23.5950455 -46.6269057;-23.5931819 -46.6297171;368;46;61
154;Thu Mar 14 23:39:48 2019;-23.5950202045737,-46.6268998697663;-23.5931874507308,-46.6297230843116;-23.5950455 -46.6269057;-23.5931819 -46.6297171;368;46;61
155;Thu Mar 14 23:40:48 2019;-23.5950202045737,-46.6268998697663;-23.5931874507308,-46.6297230843116;-23.5950455 -46.6269057;-23.5931819 -46.6297171;368;46;61
156;Thu Mar 14 23:41:48 2019;-23.5950202045737,-46.6268998697663;-23.5931874507308,-46.6297230843116;-23.5950455 -46.6269057;-23.5931819 -46.6297171;368;46;61
157;Thu Mar 14 23:42:48 2019;-23.5950202045737,-46.6268998697663;-23.5931874507308,-46.6297230843116;-23.5950455 -46.6269057;-23.5931819 -46.6297171;368;46;61
158;Thu Mar 14 23:43:48 2019;-23.5950202045737,-46.6268998697663;-23.5931874507308,-46.6297230843116;-23.5950455 -46.6269057;-23.5931819 -46.6297171;368;46;61
159;Thu Mar 14 23:44:48 2019;-23.5950202045737,-46.6268998697663;-23.5931874507308,-46.6297230843116;-23.5950455 -46.6269057;-23.5931819 -46.6297171;368;46;61
160;Thu Mar 14 23:45:48 2019;-23.5950202045737,-46.6268998697663;-23.5931874507308,-46.6297230843116;-23.5950455 -46.6269057;-23.5931819 -46.6297171;368;46;61
161;Thu Mar 14 23:46:49 2019;-23.5950202045737,-46.6268998697663;-23.5931874507308,-46.6297230843116;-23.5950455 -46.6269057;-23.5931819 -46.6297171;368;46;61
162;Thu Mar 14 23:47:48 2019;-23.5950202045737,-46.6268998697663;-23.5931874507308,-46.6297230843116;-23.5950455 -46.6269057;-23.5931819 -46.6297171;368;46;61
163;Thu Mar 14 23:48:48 2019;-23.5950202045737,-46.6268998697663;-23.5931874507308,-46.6297230843116;-23.5950455 -46.6269057;-23.5931819 -46.6297171;368;46;61
164;Thu Mar 14 23:49:48 2019;-23.5950202045737,-46.6268998697663;-23.5931874507308,-46.6297230843116;-23.5950455 -46.6269057;-23.5931819 -46.6297171;368;46;61
165;Thu Mar 14 23:50:48 2019;-23.5950202045737,-46.6268998697663;-23.5931874507308,-46.6297230843116;-23.5950455 -46.6269057;-23.5931819 -46.6297171;368;46;61
166;Thu Mar 14 23:51:48 2019;-23.5950202045737,-46.6268998697663;-23.5931874507308,-46.6297230843116;-23.5950455 -46.6269057;-23.5931819 -46.6297171;368;46;60
167;Thu Mar 14 23:52:49 2019;-23.5950202045737,-46.6268998697663;-23.5931874507308,-46.6297230843116;-23.5950455 -46.6269057;-23.5931819 -46.6297171;368;46;48
168;Thu Mar 14 23:53:48 2019;-23.5950202045737,-46.6268998697663;-23.5931874507308,-46.6297230843116;-23.5950455 -46.6269057;-23.5931819 -46.6297171;368;46;48
169;Thu Mar 14 23:54:48 2019;-23.5950202045737,-46.6268998697663;-23.5931874507308,-46.6297230843116;-23.5950455 -46.6269057;-23.5931819 -46.6297171;368;46;48
170;Thu Mar 14 23:55:48 2019;-23.5950202045737,-46.6268998697663;-23.5931874507308,-46.6297230843116;-23.5950455 -46.6269057;-23.5931819 -46.6297171;368;46;48
171;Thu Mar 14 23:56:48 2019;-23.5950202045737,-46.6268998697663;-23.5931874507308,-46.6297230843116;-23.5950455 -46.6269057;-23.5931819 -46.6297171;368;46;48
172;Thu Mar 14 23:57:48 2019;-23.5950202045737,-46.6268998697663;-23.5931874507308,-46.6297230843116;-23.5950455 -46.6269057;-23.5931819 -46.6297171;368;46;48
173;Thu Mar 14 23:58:48 2019;-23.5950202045737,-46.6268998697663;-23.5931874507308,-46.6297230843116;-23.5950455 -46.6269057;-23.5931819 -46.6297171;368;46;48
174;Thu Mar 14 23:59:48 2019;-23.5950202045737,-46.6268998697663;-23.5931874507308,-46.6297230843116;-23.5950455 -46.6269057;-23.5931819 -46.6297171;368;46;48
