38972;Thu Mar 14 00:00:33 2019;-23.614298869195,-46.6091920964885;-23.6137285082604,-46.6103523570251;-23.6143001 -46.609187;-23.6137299 -46.6103525;196;24;22
39213;Thu Mar 14 04:01:33 2019;-23.614298869195,-46.6091920964885;-23.6137285082604,-46.6103523570251;-23.6143001 -46.609187;-23.6137299 -46.6103525;196;24;22
39214;Thu Mar 14 04:02:33 2019;-23.614298869195,-46.6091920964885;-23.6137285082604,-46.6103523570251;-23.6143001 -46.609187;-23.6137299 -46.6103525;196;24;22
39215;Thu Mar 14 04:03:34 2019;-23.614298869195,-46.6091920964885;-23.6137285082604,-46.6103523570251;-23.6143001 -46.609187;-23.6137299 -46.6103525;196;24;22
39216;Thu Mar 14 04:04:33 2019;-23.614298869195,-46.6091920964885;-23.6137285082604,-46.6103523570251;-23.6143001 -46.609187;-23.6137299 -46.6103525;196;24;22
39217;Thu Mar 14 04:05:34 2019;-23.614298869195,-46.6091920964885;-23.6137285082604,-46.6103523570251;-23.6143001 -46.609187;-23.6137299 -46.6103525;196;24;22
39218;Thu Mar 14 04:06:34 2019;-23.614298869195,-46.6091920964885;-23.6137285082604,-46.6103523570251;-23.6143001 -46.609187;-23.6137299 -46.6103525;196;24;22
39219;Thu Mar 14 04:07:33 2019;-23.614298869195,-46.6091920964885;-23.6137285082604,-46.6103523570251;-23.6143001 -46.609187;-23.6137299 -46.6103525;196;24;22
39220;Thu Mar 14 04:08:34 2019;-23.614298869195,-46.6091920964885;-23.6137285082604,-46.6103523570251;-23.6143001 -46.609187;-23.6137299 -46.6103525;196;24;22
39221;Thu Mar 14 04:09:33 2019;-23.614298869195,-46.6091920964885;-23.6137285082604,-46.6103523570251;-23.6143001 -46.609187;-23.6137299 -46.6103525;196;24;22
1;Thu Mar 14 21:06:53 2019;-23.614298869195,-46.6091920964885;-23.6137285082604,-46.6103523570251;-23.6143001 -46.609187;-23.6137299 -46.6103525;196;24;30
2;Thu Mar 14 21:07:47 2019;-23.614298869195,-46.6091920964885;-23.6137285082604,-46.6103523570251;-23.6143001 -46.609187;-23.6137299 -46.6103525;196;24;27
3;Thu Mar 14 21:08:50 2019;-23.614298869195,-46.6091920964885;-23.6137285082604,-46.6103523570251;-23.6143001 -46.609187;-23.6137299 -46.6103525;196;24;27
4;Thu Mar 14 21:09:47 2019;-23.614298869195,-46.6091920964885;-23.6137285082604,-46.6103523570251;-23.6143001 -46.609187;-23.6137299 -46.6103525;196;24;27
5;Thu Mar 14 21:10:47 2019;-23.614298869195,-46.6091920964885;-23.6137285082604,-46.6103523570251;-23.6143001 -46.609187;-23.6137299 -46.6103525;196;24;27
6;Thu Mar 14 21:11:46 2019;-23.614298869195,-46.6091920964885;-23.6137285082604,-46.6103523570251;-23.6143001 -46.609187;-23.6137299 -46.6103525;196;24;27
7;Thu Mar 14 21:12:46 2019;-23.614298869195,-46.6091920964885;-23.6137285082604,-46.6103523570251;-23.6143001 -46.609187;-23.6137299 -46.6103525;196;24;27
8;Thu Mar 14 21:13:47 2019;-23.614298869195,-46.6091920964885;-23.6137285082604,-46.6103523570251;-23.6143001 -46.609187;-23.6137299 -46.6103525;196;24;27
9;Thu Mar 14 21:14:47 2019;-23.614298869195,-46.6091920964885;-23.6137285082604,-46.6103523570251;-23.6143001 -46.609187;-23.6137299 -46.6103525;196;24;27
10;Thu Mar 14 21:15:47 2019;-23.614298869195,-46.6091920964885;-23.6137285082604,-46.6103523570251;-23.6143001 -46.609187;-23.6137299 -46.6103525;196;24;27
11;Thu Mar 14 21:16:47 2019;-23.614298869195,-46.6091920964885;-23.6137285082604,-46.6103523570251;-23.6143001 -46.609187;-23.6137299 -46.6103525;196;24;27
12;Thu Mar 14 21:17:47 2019;-23.614298869195,-46.6091920964885;-23.6137285082604,-46.6103523570251;-23.6143001 -46.609187;-23.6137299 -46.6103525;196;24;27
13;Thu Mar 14 21:18:47 2019;-23.614298869195,-46.6091920964885;-23.6137285082604,-46.6103523570251;-23.6143001 -46.609187;-23.6137299 -46.6103525;196;24;27
14;Thu Mar 14 21:19:47 2019;-23.614298869195,-46.6091920964885;-23.6137285082604,-46.6103523570251;-23.6143001 -46.609187;-23.6137299 -46.6103525;196;24;27
15;Thu Mar 14 21:20:47 2019;-23.614298869195,-46.6091920964885;-23.6137285082604,-46.6103523570251;-23.6143001 -46.609187;-23.6137299 -46.6103525;196;24;27
16;Thu Mar 14 21:21:48 2019;-23.614298869195,-46.6091920964885;-23.6137285082604,-46.6103523570251;-23.6143001 -46.609187;-23.6137299 -46.6103525;196;24;27
17;Thu Mar 14 21:22:47 2019;-23.614298869195,-46.6091920964885;-23.6137285082604,-46.6103523570251;-23.6143001 -46.609187;-23.6137299 -46.6103525;196;24;29
18;Thu Mar 14 21:23:47 2019;-23.614298869195,-46.6091920964885;-23.6137285082604,-46.6103523570251;-23.6143001 -46.609187;-23.6137299 -46.6103525;196;24;29
19;Thu Mar 14 21:24:47 2019;-23.614298869195,-46.6091920964885;-23.6137285082604,-46.6103523570251;-23.6143001 -46.609187;-23.6137299 -46.6103525;196;24;29
20;Thu Mar 14 21:25:46 2019;-23.614298869195,-46.6091920964885;-23.6137285082604,-46.6103523570251;-23.6143001 -46.609187;-23.6137299 -46.6103525;196;24;29
21;Thu Mar 14 21:26:47 2019;-23.614298869195,-46.6091920964885;-23.6137285082604,-46.6103523570251;-23.6143001 -46.609187;-23.6137299 -46.6103525;196;24;29
22;Thu Mar 14 21:27:46 2019;-23.614298869195,-46.6091920964885;-23.6137285082604,-46.6103523570251;-23.6143001 -46.609187;-23.6137299 -46.6103525;196;24;29
23;Thu Mar 14 21:28:47 2019;-23.614298869195,-46.6091920964885;-23.6137285082604,-46.6103523570251;-23.6143001 -46.609187;-23.6137299 -46.6103525;196;24;29
24;Thu Mar 14 21:29:47 2019;-23.614298869195,-46.6091920964885;-23.6137285082604,-46.6103523570251;-23.6143001 -46.609187;-23.6137299 -46.6103525;196;24;29
25;Thu Mar 14 21:30:46 2019;-23.614298869195,-46.6091920964885;-23.6137285082604,-46.6103523570251;-23.6143001 -46.609187;-23.6137299 -46.6103525;196;24;29
26;Thu Mar 14 21:31:47 2019;-23.614298869195,-46.6091920964885;-23.6137285082604,-46.6103523570251;-23.6143001 -46.609187;-23.6137299 -46.6103525;196;24;29
27;Thu Mar 14 21:32:46 2019;-23.614298869195,-46.6091920964885;-23.6137285082604,-46.6103523570251;-23.6143001 -46.609187;-23.6137299 -46.6103525;196;24;29
28;Thu Mar 14 21:33:47 2019;-23.614298869195,-46.6091920964885;-23.6137285082604,-46.6103523570251;-23.6143001 -46.609187;-23.6137299 -46.6103525;196;24;29
29;Thu Mar 14 21:34:47 2019;-23.614298869195,-46.6091920964885;-23.6137285082604,-46.6103523570251;-23.6143001 -46.609187;-23.6137299 -46.6103525;196;24;29
30;Thu Mar 14 21:35:47 2019;-23.614298869195,-46.6091920964885;-23.6137285082604,-46.6103523570251;-23.6143001 -46.609187;-23.6137299 -46.6103525;196;24;29
31;Thu Mar 14 21:36:47 2019;-23.614298869195,-46.6091920964885;-23.6137285082604,-46.6103523570251;-23.6143001 -46.609187;-23.6137299 -46.6103525;196;24;29
32;Thu Mar 14 21:37:46 2019;-23.614298869195,-46.6091920964885;-23.6137285082604,-46.6103523570251;-23.6143001 -46.609187;-23.6137299 -46.6103525;196;24;27
33;Thu Mar 14 21:38:47 2019;-23.614298869195,-46.6091920964885;-23.6137285082604,-46.6103523570251;-23.6143001 -46.609187;-23.6137299 -46.6103525;196;24;27
34;Thu Mar 14 21:39:46 2019;-23.614298869195,-46.6091920964885;-23.6137285082604,-46.6103523570251;-23.6143001 -46.609187;-23.6137299 -46.6103525;196;24;27
35;Thu Mar 14 21:40:47 2019;-23.614298869195,-46.6091920964885;-23.6137285082604,-46.6103523570251;-23.6143001 -46.609187;-23.6137299 -46.6103525;196;24;27
36;Thu Mar 14 21:41:46 2019;-23.614298869195,-46.6091920964885;-23.6137285082604,-46.6103523570251;-23.6143001 -46.609187;-23.6137299 -46.6103525;196;24;27
37;Thu Mar 14 21:42:46 2019;-23.614298869195,-46.6091920964885;-23.6137285082604,-46.6103523570251;-23.6143001 -46.609187;-23.6137299 -46.6103525;196;24;27
38;Thu Mar 14 21:43:46 2019;-23.614298869195,-46.6091920964885;-23.6137285082604,-46.6103523570251;-23.6143001 -46.609187;-23.6137299 -46.6103525;196;24;27
39;Thu Mar 14 21:44:46 2019;-23.614298869195,-46.6091920964885;-23.6137285082604,-46.6103523570251;-23.6143001 -46.609187;-23.6137299 -46.6103525;196;24;27
40;Thu Mar 14 21:45:46 2019;-23.614298869195,-46.6091920964885;-23.6137285082604,-46.6103523570251;-23.6143001 -46.609187;-23.6137299 -46.6103525;196;24;27
41;Thu Mar 14 21:46:47 2019;-23.614298869195,-46.6091920964885;-23.6137285082604,-46.6103523570251;-23.6143001 -46.609187;-23.6137299 -46.6103525;196;24;27
42;Thu Mar 14 21:47:47 2019;-23.614298869195,-46.6091920964885;-23.6137285082604,-46.6103523570251;-23.6143001 -46.609187;-23.6137299 -46.6103525;196;24;27
43;Thu Mar 14 21:48:47 2019;-23.614298869195,-46.6091920964885;-23.6137285082604,-46.6103523570251;-23.6143001 -46.609187;-23.6137299 -46.6103525;196;24;27
44;Thu Mar 14 21:49:46 2019;-23.614298869195,-46.6091920964885;-23.6137285082604,-46.6103523570251;-23.6143001 -46.609187;-23.6137299 -46.6103525;196;24;27
45;Thu Mar 14 21:50:47 2019;-23.614298869195,-46.6091920964885;-23.6137285082604,-46.6103523570251;-23.6143001 -46.609187;-23.6137299 -46.6103525;196;24;27
46;Thu Mar 14 21:51:46 2019;-23.614298869195,-46.6091920964885;-23.6137285082604,-46.6103523570251;-23.6143001 -46.609187;-23.6137299 -46.6103525;196;24;27
47;Thu Mar 14 21:52:46 2019;-23.614298869195,-46.6091920964885;-23.6137285082604,-46.6103523570251;-23.6143001 -46.609187;-23.6137299 -46.6103525;196;24;26
48;Thu Mar 14 21:53:47 2019;-23.614298869195,-46.6091920964885;-23.6137285082604,-46.6103523570251;-23.6143001 -46.609187;-23.6137299 -46.6103525;196;24;26
49;Thu Mar 14 21:54:47 2019;-23.614298869195,-46.6091920964885;-23.6137285082604,-46.6103523570251;-23.6143001 -46.609187;-23.6137299 -46.6103525;196;24;26
50;Thu Mar 14 21:55:46 2019;-23.614298869195,-46.6091920964885;-23.6137285082604,-46.6103523570251;-23.6143001 -46.609187;-23.6137299 -46.6103525;196;24;26
51;Thu Mar 14 21:56:47 2019;-23.614298869195,-46.6091920964885;-23.6137285082604,-46.6103523570251;-23.6143001 -46.609187;-23.6137299 -46.6103525;196;24;26
52;Thu Mar 14 21:57:46 2019;-23.614298869195,-46.6091920964885;-23.6137285082604,-46.6103523570251;-23.6143001 -46.609187;-23.6137299 -46.6103525;196;24;26
53;Thu Mar 14 21:58:47 2019;-23.614298869195,-46.6091920964885;-23.6137285082604,-46.6103523570251;-23.6143001 -46.609187;-23.6137299 -46.6103525;196;24;26
54;Thu Mar 14 21:59:47 2019;-23.614298869195,-46.6091920964885;-23.6137285082604,-46.6103523570251;-23.6143001 -46.609187;-23.6137299 -46.6103525;196;24;26
55;Thu Mar 14 22:00:47 2019;-23.614298869195,-46.6091920964885;-23.6137285082604,-46.6103523570251;-23.6143001 -46.609187;-23.6137299 -46.6103525;196;24;26
56;Thu Mar 14 22:01:47 2019;-23.614298869195,-46.6091920964885;-23.6137285082604,-46.6103523570251;-23.6143001 -46.609187;-23.6137299 -46.6103525;196;24;26
57;Thu Mar 14 22:02:46 2019;-23.614298869195,-46.6091920964885;-23.6137285082604,-46.6103523570251;-23.6143001 -46.609187;-23.6137299 -46.6103525;196;24;26
58;Thu Mar 14 22:03:47 2019;-23.614298869195,-46.6091920964885;-23.6137285082604,-46.6103523570251;-23.6143001 -46.609187;-23.6137299 -46.6103525;196;24;26
59;Thu Mar 14 22:04:47 2019;-23.614298869195,-46.6091920964885;-23.6137285082604,-46.6103523570251;-23.6143001 -46.609187;-23.6137299 -46.6103525;196;24;26
60;Thu Mar 14 22:05:47 2019;-23.614298869195,-46.6091920964885;-23.6137285082604,-46.6103523570251;-23.6143001 -46.609187;-23.6137299 -46.6103525;196;24;26
61;Thu Mar 14 22:06:48 2019;-23.614298869195,-46.6091920964885;-23.6137285082604,-46.6103523570251;-23.6143001 -46.609187;-23.6137299 -46.6103525;196;24;26
62;Thu Mar 14 22:07:47 2019;-23.614298869195,-46.6091920964885;-23.6137285082604,-46.6103523570251;-23.6143001 -46.609187;-23.6137299 -46.6103525;196;24;27
63;Thu Mar 14 22:08:47 2019;-23.614298869195,-46.6091920964885;-23.6137285082604,-46.6103523570251;-23.6143001 -46.609187;-23.6137299 -46.6103525;196;24;27
64;Thu Mar 14 22:09:46 2019;-23.614298869195,-46.6091920964885;-23.6137285082604,-46.6103523570251;-23.6143001 -46.609187;-23.6137299 -46.6103525;196;24;27
65;Thu Mar 14 22:10:47 2019;-23.614298869195,-46.6091920964885;-23.6137285082604,-46.6103523570251;-23.6143001 -46.609187;-23.6137299 -46.6103525;196;24;27
66;Thu Mar 14 22:11:47 2019;-23.614298869195,-46.6091920964885;-23.6137285082604,-46.6103523570251;-23.6143001 -46.609187;-23.6137299 -46.6103525;196;24;27
67;Thu Mar 14 22:12:46 2019;-23.614298869195,-46.6091920964885;-23.6137285082604,-46.6103523570251;-23.6143001 -46.609187;-23.6137299 -46.6103525;196;24;27
68;Thu Mar 14 22:13:46 2019;-23.614298869195,-46.6091920964885;-23.6137285082604,-46.6103523570251;-23.6143001 -46.609187;-23.6137299 -46.6103525;196;24;27
69;Thu Mar 14 22:14:46 2019;-23.614298869195,-46.6091920964885;-23.6137285082604,-46.6103523570251;-23.6143001 -46.609187;-23.6137299 -46.6103525;196;24;27
70;Thu Mar 14 22:15:47 2019;-23.614298869195,-46.6091920964885;-23.6137285082604,-46.6103523570251;-23.6143001 -46.609187;-23.6137299 -46.6103525;196;24;27
71;Thu Mar 14 22:16:47 2019;-23.614298869195,-46.6091920964885;-23.6137285082604,-46.6103523570251;-23.6143001 -46.609187;-23.6137299 -46.6103525;196;24;27
72;Thu Mar 14 22:17:47 2019;-23.614298869195,-46.6091920964885;-23.6137285082604,-46.6103523570251;-23.6143001 -46.609187;-23.6137299 -46.6103525;196;24;27
73;Thu Mar 14 22:18:47 2019;-23.614298869195,-46.6091920964885;-23.6137285082604,-46.6103523570251;-23.6143001 -46.609187;-23.6137299 -46.6103525;196;24;27
74;Thu Mar 14 22:19:47 2019;-23.614298869195,-46.6091920964885;-23.6137285082604,-46.6103523570251;-23.6143001 -46.609187;-23.6137299 -46.6103525;196;24;27
75;Thu Mar 14 22:20:46 2019;-23.614298869195,-46.6091920964885;-23.6137285082604,-46.6103523570251;-23.6143001 -46.609187;-23.6137299 -46.6103525;196;24;27
76;Thu Mar 14 22:21:47 2019;-23.614298869195,-46.6091920964885;-23.6137285082604,-46.6103523570251;-23.6143001 -46.609187;-23.6137299 -46.6103525;196;24;27
77;Thu Mar 14 22:22:46 2019;-23.614298869195,-46.6091920964885;-23.6137285082604,-46.6103523570251;-23.6143001 -46.609187;-23.6137299 -46.6103525;196;24;28
78;Thu Mar 14 22:23:47 2019;-23.614298869195,-46.6091920964885;-23.6137285082604,-46.6103523570251;-23.6143001 -46.609187;-23.6137299 -46.6103525;196;24;28
79;Thu Mar 14 22:24:47 2019;-23.614298869195,-46.6091920964885;-23.6137285082604,-46.6103523570251;-23.6143001 -46.609187;-23.6137299 -46.6103525;196;24;28
80;Thu Mar 14 22:25:47 2019;-23.614298869195,-46.6091920964885;-23.6137285082604,-46.6103523570251;-23.6143001 -46.609187;-23.6137299 -46.6103525;196;24;28
81;Thu Mar 14 22:26:47 2019;-23.614298869195,-46.6091920964885;-23.6137285082604,-46.6103523570251;-23.6143001 -46.609187;-23.6137299 -46.6103525;196;24;28
82;Thu Mar 14 22:27:47 2019;-23.614298869195,-46.6091920964885;-23.6137285082604,-46.6103523570251;-23.6143001 -46.609187;-23.6137299 -46.6103525;196;24;28
83;Thu Mar 14 22:28:47 2019;-23.614298869195,-46.6091920964885;-23.6137285082604,-46.6103523570251;-23.6143001 -46.609187;-23.6137299 -46.6103525;196;24;28
84;Thu Mar 14 22:29:47 2019;-23.614298869195,-46.6091920964885;-23.6137285082604,-46.6103523570251;-23.6143001 -46.609187;-23.6137299 -46.6103525;196;24;28
85;Thu Mar 14 22:30:47 2019;-23.614298869195,-46.6091920964885;-23.6137285082604,-46.6103523570251;-23.6143001 -46.609187;-23.6137299 -46.6103525;196;24;28
86;Thu Mar 14 22:31:46 2019;-23.614298869195,-46.6091920964885;-23.6137285082604,-46.6103523570251;-23.6143001 -46.609187;-23.6137299 -46.6103525;196;24;28
87;Thu Mar 14 22:32:47 2019;-23.614298869195,-46.6091920964885;-23.6137285082604,-46.6103523570251;-23.6143001 -46.609187;-23.6137299 -46.6103525;196;24;28
88;Thu Mar 14 22:33:47 2019;-23.614298869195,-46.6091920964885;-23.6137285082604,-46.6103523570251;-23.6143001 -46.609187;-23.6137299 -46.6103525;196;24;28
89;Thu Mar 14 22:34:46 2019;-23.614298869195,-46.6091920964885;-23.6137285082604,-46.6103523570251;-23.6143001 -46.609187;-23.6137299 -46.6103525;196;24;28
90;Thu Mar 14 22:35:47 2019;-23.614298869195,-46.6091920964885;-23.6137285082604,-46.6103523570251;-23.6143001 -46.609187;-23.6137299 -46.6103525;196;24;28
91;Thu Mar 14 22:36:47 2019;-23.614298869195,-46.6091920964885;-23.6137285082604,-46.6103523570251;-23.6143001 -46.609187;-23.6137299 -46.6103525;196;24;28
92;Thu Mar 14 22:37:47 2019;-23.614298869195,-46.6091920964885;-23.6137285082604,-46.6103523570251;-23.6143001 -46.609187;-23.6137299 -46.6103525;196;24;27
93;Thu Mar 14 22:38:47 2019;-23.614298869195,-46.6091920964885;-23.6137285082604,-46.6103523570251;-23.6143001 -46.609187;-23.6137299 -46.6103525;196;24;27
94;Thu Mar 14 22:39:47 2019;-23.614298869195,-46.6091920964885;-23.6137285082604,-46.6103523570251;-23.6143001 -46.609187;-23.6137299 -46.6103525;196;24;27
95;Thu Mar 14 22:40:47 2019;-23.614298869195,-46.6091920964885;-23.6137285082604,-46.6103523570251;-23.6143001 -46.609187;-23.6137299 -46.6103525;196;24;27
96;Thu Mar 14 22:41:46 2019;-23.614298869195,-46.6091920964885;-23.6137285082604,-46.6103523570251;-23.6143001 -46.609187;-23.6137299 -46.6103525;196;24;27
97;Thu Mar 14 22:42:47 2019;-23.614298869195,-46.6091920964885;-23.6137285082604,-46.6103523570251;-23.6143001 -46.609187;-23.6137299 -46.6103525;196;24;27
98;Thu Mar 14 22:43:47 2019;-23.614298869195,-46.6091920964885;-23.6137285082604,-46.6103523570251;-23.6143001 -46.609187;-23.6137299 -46.6103525;196;24;27
99;Thu Mar 14 22:44:47 2019;-23.614298869195,-46.6091920964885;-23.6137285082604,-46.6103523570251;-23.6143001 -46.609187;-23.6137299 -46.6103525;196;24;27
100;Thu Mar 14 22:45:46 2019;-23.614298869195,-46.6091920964885;-23.6137285082604,-46.6103523570251;-23.6143001 -46.609187;-23.6137299 -46.6103525;196;24;27
101;Thu Mar 14 22:46:47 2019;-23.614298869195,-46.6091920964885;-23.6137285082604,-46.6103523570251;-23.6143001 -46.609187;-23.6137299 -46.6103525;196;24;27
102;Thu Mar 14 22:47:47 2019;-23.614298869195,-46.6091920964885;-23.6137285082604,-46.6103523570251;-23.6143001 -46.609187;-23.6137299 -46.6103525;196;24;27
103;Thu Mar 14 22:48:47 2019;-23.614298869195,-46.6091920964885;-23.6137285082604,-46.6103523570251;-23.6143001 -46.609187;-23.6137299 -46.6103525;196;24;27
104;Thu Mar 14 22:49:47 2019;-23.614298869195,-46.6091920964885;-23.6137285082604,-46.6103523570251;-23.6143001 -46.609187;-23.6137299 -46.6103525;196;24;27
105;Thu Mar 14 22:50:47 2019;-23.614298869195,-46.6091920964885;-23.6137285082604,-46.6103523570251;-23.6143001 -46.609187;-23.6137299 -46.6103525;196;24;27
106;Thu Mar 14 22:51:46 2019;-23.614298869195,-46.6091920964885;-23.6137285082604,-46.6103523570251;-23.6143001 -46.609187;-23.6137299 -46.6103525;196;24;27
107;Thu Mar 14 22:52:46 2019;-23.614298869195,-46.6091920964885;-23.6137285082604,-46.6103523570251;-23.6143001 -46.609187;-23.6137299 -46.6103525;196;24;25
108;Thu Mar 14 22:53:47 2019;-23.614298869195,-46.6091920964885;-23.6137285082604,-46.6103523570251;-23.6143001 -46.609187;-23.6137299 -46.6103525;196;24;25
109;Thu Mar 14 22:54:46 2019;-23.614298869195,-46.6091920964885;-23.6137285082604,-46.6103523570251;-23.6143001 -46.609187;-23.6137299 -46.6103525;196;24;25
110;Thu Mar 14 22:55:47 2019;-23.614298869195,-46.6091920964885;-23.6137285082604,-46.6103523570251;-23.6143001 -46.609187;-23.6137299 -46.6103525;196;24;25
111;Thu Mar 14 22:56:47 2019;-23.614298869195,-46.6091920964885;-23.6137285082604,-46.6103523570251;-23.6143001 -46.609187;-23.6137299 -46.6103525;196;24;25
112;Thu Mar 14 22:57:47 2019;-23.614298869195,-46.6091920964885;-23.6137285082604,-46.6103523570251;-23.6143001 -46.609187;-23.6137299 -46.6103525;196;24;25
113;Thu Mar 14 22:58:47 2019;-23.614298869195,-46.6091920964885;-23.6137285082604,-46.6103523570251;-23.6143001 -46.609187;-23.6137299 -46.6103525;196;24;25
114;Thu Mar 14 22:59:47 2019;-23.614298869195,-46.6091920964885;-23.6137285082604,-46.6103523570251;-23.6143001 -46.609187;-23.6137299 -46.6103525;196;24;25
115;Thu Mar 14 23:00:46 2019;-23.614298869195,-46.6091920964885;-23.6137285082604,-46.6103523570251;-23.6143001 -46.609187;-23.6137299 -46.6103525;196;24;25
116;Thu Mar 14 23:01:46 2019;-23.614298869195,-46.6091920964885;-23.6137285082604,-46.6103523570251;-23.6143001 -46.609187;-23.6137299 -46.6103525;196;24;25
117;Thu Mar 14 23:02:46 2019;-23.614298869195,-46.6091920964885;-23.6137285082604,-46.6103523570251;-23.6143001 -46.609187;-23.6137299 -46.6103525;196;24;25
118;Thu Mar 14 23:03:47 2019;-23.614298869195,-46.6091920964885;-23.6137285082604,-46.6103523570251;-23.6143001 -46.609187;-23.6137299 -46.6103525;196;24;25
119;Thu Mar 14 23:04:47 2019;-23.614298869195,-46.6091920964885;-23.6137285082604,-46.6103523570251;-23.6143001 -46.609187;-23.6137299 -46.6103525;196;24;25
120;Thu Mar 14 23:05:46 2019;-23.614298869195,-46.6091920964885;-23.6137285082604,-46.6103523570251;-23.6143001 -46.609187;-23.6137299 -46.6103525;196;24;25
121;Thu Mar 14 23:06:47 2019;-23.614298869195,-46.6091920964885;-23.6137285082604,-46.6103523570251;-23.6143001 -46.609187;-23.6137299 -46.6103525;196;24;25
122;Thu Mar 14 23:07:47 2019;-23.614298869195,-46.6091920964885;-23.6137285082604,-46.6103523570251;-23.6143001 -46.609187;-23.6137299 -46.6103525;196;24;27
123;Thu Mar 14 23:08:46 2019;-23.614298869195,-46.6091920964885;-23.6137285082604,-46.6103523570251;-23.6143001 -46.609187;-23.6137299 -46.6103525;196;24;27
124;Thu Mar 14 23:09:46 2019;-23.614298869195,-46.6091920964885;-23.6137285082604,-46.6103523570251;-23.6143001 -46.609187;-23.6137299 -46.6103525;196;24;27
125;Thu Mar 14 23:10:46 2019;-23.614298869195,-46.6091920964885;-23.6137285082604,-46.6103523570251;-23.6143001 -46.609187;-23.6137299 -46.6103525;196;24;27
126;Thu Mar 14 23:11:47 2019;-23.614298869195,-46.6091920964885;-23.6137285082604,-46.6103523570251;-23.6143001 -46.609187;-23.6137299 -46.6103525;196;24;27
127;Thu Mar 14 23:12:47 2019;-23.614298869195,-46.6091920964885;-23.6137285082604,-46.6103523570251;-23.6143001 -46.609187;-23.6137299 -46.6103525;196;24;27
128;Thu Mar 14 23:13:46 2019;-23.614298869195,-46.6091920964885;-23.6137285082604,-46.6103523570251;-23.6143001 -46.609187;-23.6137299 -46.6103525;196;24;27
129;Thu Mar 14 23:14:46 2019;-23.614298869195,-46.6091920964885;-23.6137285082604,-46.6103523570251;-23.6143001 -46.609187;-23.6137299 -46.6103525;196;24;27
130;Thu Mar 14 23:15:46 2019;-23.614298869195,-46.6091920964885;-23.6137285082604,-46.6103523570251;-23.6143001 -46.609187;-23.6137299 -46.6103525;196;24;27
131;Thu Mar 14 23:16:46 2019;-23.614298869195,-46.6091920964885;-23.6137285082604,-46.6103523570251;-23.6143001 -46.609187;-23.6137299 -46.6103525;196;24;27
132;Thu Mar 14 23:17:47 2019;-23.614298869195,-46.6091920964885;-23.6137285082604,-46.6103523570251;-23.6143001 -46.609187;-23.6137299 -46.6103525;196;24;27
133;Thu Mar 14 23:18:46 2019;-23.614298869195,-46.6091920964885;-23.6137285082604,-46.6103523570251;-23.6143001 -46.609187;-23.6137299 -46.6103525;196;24;27
134;Thu Mar 14 23:19:46 2019;-23.614298869195,-46.6091920964885;-23.6137285082604,-46.6103523570251;-23.6143001 -46.609187;-23.6137299 -46.6103525;196;24;27
135;Thu Mar 14 23:20:46 2019;-23.614298869195,-46.6091920964885;-23.6137285082604,-46.6103523570251;-23.6143001 -46.609187;-23.6137299 -46.6103525;196;24;27
136;Thu Mar 14 23:21:47 2019;-23.614298869195,-46.6091920964885;-23.6137285082604,-46.6103523570251;-23.6143001 -46.609187;-23.6137299 -46.6103525;196;24;27
137;Thu Mar 14 23:22:47 2019;-23.614298869195,-46.6091920964885;-23.6137285082604,-46.6103523570251;-23.6143001 -46.609187;-23.6137299 -46.6103525;196;24;25
138;Thu Mar 14 23:23:46 2019;-23.614298869195,-46.6091920964885;-23.6137285082604,-46.6103523570251;-23.6143001 -46.609187;-23.6137299 -46.6103525;196;24;25
139;Thu Mar 14 23:24:47 2019;-23.614298869195,-46.6091920964885;-23.6137285082604,-46.6103523570251;-23.6143001 -46.609187;-23.6137299 -46.6103525;196;24;25
140;Thu Mar 14 23:25:46 2019;-23.614298869195,-46.6091920964885;-23.6137285082604,-46.6103523570251;-23.6143001 -46.609187;-23.6137299 -46.6103525;196;24;25
141;Thu Mar 14 23:26:48 2019;-23.614298869195,-46.6091920964885;-23.6137285082604,-46.6103523570251;-23.6143001 -46.609187;-23.6137299 -46.6103525;196;24;25
142;Thu Mar 14 23:27:46 2019;-23.614298869195,-46.6091920964885;-23.6137285082604,-46.6103523570251;-23.6143001 -46.609187;-23.6137299 -46.6103525;196;24;25
143;Thu Mar 14 23:28:47 2019;-23.614298869195,-46.6091920964885;-23.6137285082604,-46.6103523570251;-23.6143001 -46.609187;-23.6137299 -46.6103525;196;24;25
144;Thu Mar 14 23:29:47 2019;-23.614298869195,-46.6091920964885;-23.6137285082604,-46.6103523570251;-23.6143001 -46.609187;-23.6137299 -46.6103525;196;24;25
145;Thu Mar 14 23:30:46 2019;-23.614298869195,-46.6091920964885;-23.6137285082604,-46.6103523570251;-23.6143001 -46.609187;-23.6137299 -46.6103525;196;24;25
146;Thu Mar 14 23:31:46 2019;-23.614298869195,-46.6091920964885;-23.6137285082604,-46.6103523570251;-23.6143001 -46.609187;-23.6137299 -46.6103525;196;24;25
147;Thu Mar 14 23:32:47 2019;-23.614298869195,-46.6091920964885;-23.6137285082604,-46.6103523570251;-23.6143001 -46.609187;-23.6137299 -46.6103525;196;24;25
148;Thu Mar 14 23:33:47 2019;-23.614298869195,-46.6091920964885;-23.6137285082604,-46.6103523570251;-23.6143001 -46.609187;-23.6137299 -46.6103525;196;24;25
149;Thu Mar 14 23:34:46 2019;-23.614298869195,-46.6091920964885;-23.6137285082604,-46.6103523570251;-23.6143001 -46.609187;-23.6137299 -46.6103525;196;24;25
150;Thu Mar 14 23:35:46 2019;-23.614298869195,-46.6091920964885;-23.6137285082604,-46.6103523570251;-23.6143001 -46.609187;-23.6137299 -46.6103525;196;24;25
151;Thu Mar 14 23:36:47 2019;-23.614298869195,-46.6091920964885;-23.6137285082604,-46.6103523570251;-23.6143001 -46.609187;-23.6137299 -46.6103525;196;24;25
152;Thu Mar 14 23:37:47 2019;-23.614298869195,-46.6091920964885;-23.6137285082604,-46.6103523570251;-23.6143001 -46.609187;-23.6137299 -46.6103525;196;24;25
153;Thu Mar 14 23:38:47 2019;-23.614298869195,-46.6091920964885;-23.6137285082604,-46.6103523570251;-23.6143001 -46.609187;-23.6137299 -46.6103525;196;24;25
154;Thu Mar 14 23:39:46 2019;-23.614298869195,-46.6091920964885;-23.6137285082604,-46.6103523570251;-23.6143001 -46.609187;-23.6137299 -46.6103525;196;24;25
155;Thu Mar 14 23:40:46 2019;-23.614298869195,-46.6091920964885;-23.6137285082604,-46.6103523570251;-23.6143001 -46.609187;-23.6137299 -46.6103525;196;24;25
156;Thu Mar 14 23:41:47 2019;-23.614298869195,-46.6091920964885;-23.6137285082604,-46.6103523570251;-23.6143001 -46.609187;-23.6137299 -46.6103525;196;24;25
157;Thu Mar 14 23:42:47 2019;-23.614298869195,-46.6091920964885;-23.6137285082604,-46.6103523570251;-23.6143001 -46.609187;-23.6137299 -46.6103525;196;24;25
158;Thu Mar 14 23:43:46 2019;-23.614298869195,-46.6091920964885;-23.6137285082604,-46.6103523570251;-23.6143001 -46.609187;-23.6137299 -46.6103525;196;24;25
159;Thu Mar 14 23:44:47 2019;-23.614298869195,-46.6091920964885;-23.6137285082604,-46.6103523570251;-23.6143001 -46.609187;-23.6137299 -46.6103525;196;24;25
160;Thu Mar 14 23:45:46 2019;-23.614298869195,-46.6091920964885;-23.6137285082604,-46.6103523570251;-23.6143001 -46.609187;-23.6137299 -46.6103525;196;24;25
161;Thu Mar 14 23:46:47 2019;-23.614298869195,-46.6091920964885;-23.6137285082604,-46.6103523570251;-23.6143001 -46.609187;-23.6137299 -46.6103525;196;24;25
162;Thu Mar 14 23:47:47 2019;-23.614298869195,-46.6091920964885;-23.6137285082604,-46.6103523570251;-23.6143001 -46.609187;-23.6137299 -46.6103525;196;24;25
163;Thu Mar 14 23:48:47 2019;-23.614298869195,-46.6091920964885;-23.6137285082604,-46.6103523570251;-23.6143001 -46.609187;-23.6137299 -46.6103525;196;24;25
164;Thu Mar 14 23:49:46 2019;-23.614298869195,-46.6091920964885;-23.6137285082604,-46.6103523570251;-23.6143001 -46.609187;-23.6137299 -46.6103525;196;24;25
165;Thu Mar 14 23:50:47 2019;-23.614298869195,-46.6091920964885;-23.6137285082604,-46.6103523570251;-23.6143001 -46.609187;-23.6137299 -46.6103525;196;24;25
166;Thu Mar 14 23:51:47 2019;-23.614298869195,-46.6091920964885;-23.6137285082604,-46.6103523570251;-23.6143001 -46.609187;-23.6137299 -46.6103525;196;24;25
167;Thu Mar 14 23:52:47 2019;-23.614298869195,-46.6091920964885;-23.6137285082604,-46.6103523570251;-23.6143001 -46.609187;-23.6137299 -46.6103525;196;24;24
168;Thu Mar 14 23:53:47 2019;-23.614298869195,-46.6091920964885;-23.6137285082604,-46.6103523570251;-23.6143001 -46.609187;-23.6137299 -46.6103525;196;24;24
169;Thu Mar 14 23:54:46 2019;-23.614298869195,-46.6091920964885;-23.6137285082604,-46.6103523570251;-23.6143001 -46.609187;-23.6137299 -46.6103525;196;24;24
170;Thu Mar 14 23:55:47 2019;-23.614298869195,-46.6091920964885;-23.6137285082604,-46.6103523570251;-23.6143001 -46.609187;-23.6137299 -46.6103525;196;24;24
171;Thu Mar 14 23:56:47 2019;-23.614298869195,-46.6091920964885;-23.6137285082604,-46.6103523570251;-23.6143001 -46.609187;-23.6137299 -46.6103525;196;24;24
172;Thu Mar 14 23:57:47 2019;-23.614298869195,-46.6091920964885;-23.6137285082604,-46.6103523570251;-23.6143001 -46.609187;-23.6137299 -46.6103525;196;24;24
173;Thu Mar 14 23:58:47 2019;-23.614298869195,-46.6091920964885;-23.6137285082604,-46.6103523570251;-23.6143001 -46.609187;-23.6137299 -46.6103525;196;24;24
174;Thu Mar 14 23:59:46 2019;-23.614298869195,-46.6091920964885;-23.6137285082604,-46.6103523570251;-23.6143001 -46.609187;-23.6137299 -46.6103525;196;24;24
