38972;Thu Mar 14 00:00:34 2019;-23.6051821025611,-46.6144398611718;-23.6033780034802,-46.6147345882342;-23.6051836 -46.6144532;-23.6033784 -46.6147373;203;36;54
39213;Thu Mar 14 04:01:34 2019;-23.6051821025611,-46.6144398611718;-23.6033780034802,-46.6147345882342;-23.6051836 -46.6144532;-23.6033784 -46.6147373;203;36;26
39214;Thu Mar 14 04:02:34 2019;-23.6051821025611,-46.6144398611718;-23.6033780034802,-46.6147345882342;-23.6051836 -46.6144532;-23.6033784 -46.6147373;203;36;26
39215;Thu Mar 14 04:03:34 2019;-23.6051821025611,-46.6144398611718;-23.6033780034802,-46.6147345882342;-23.6051836 -46.6144532;-23.6033784 -46.6147373;203;36;26
39216;Thu Mar 14 04:04:34 2019;-23.6051821025611,-46.6144398611718;-23.6033780034802,-46.6147345882342;-23.6051836 -46.6144532;-23.6033784 -46.6147373;203;36;26
39217;Thu Mar 14 04:05:34 2019;-23.6051821025611,-46.6144398611718;-23.6033780034802,-46.6147345882342;-23.6051836 -46.6144532;-23.6033784 -46.6147373;203;36;26
39218;Thu Mar 14 04:06:34 2019;-23.6051821025611,-46.6144398611718;-23.6033780034802,-46.6147345882342;-23.6051836 -46.6144532;-23.6033784 -46.6147373;203;36;26
39219;Thu Mar 14 04:07:34 2019;-23.6051821025611,-46.6144398611718;-23.6033780034802,-46.6147345882342;-23.6051836 -46.6144532;-23.6033784 -46.6147373;203;36;27
39220;Thu Mar 14 04:08:34 2019;-23.6051821025611,-46.6144398611718;-23.6033780034802,-46.6147345882342;-23.6051836 -46.6144532;-23.6033784 -46.6147373;203;36;27
39221;Thu Mar 14 04:09:34 2019;-23.6051821025611,-46.6144398611718;-23.6033780034802,-46.6147345882342;-23.6051836 -46.6144532;-23.6033784 -46.6147373;203;36;27
1;Thu Mar 14 21:06:54 2019;-23.6051821025611,-46.6144398611718;-23.6033780034802,-46.6147345882342;-23.6051836 -46.6144532;-23.6033784 -46.6147373;203;36;56
2;Thu Mar 14 21:07:48 2019;-23.6051821025611,-46.6144398611718;-23.6033780034802,-46.6147345882342;-23.6051836 -46.6144532;-23.6033784 -46.6147373;203;36;52
3;Thu Mar 14 21:08:51 2019;-23.6051821025611,-46.6144398611718;-23.6033780034802,-46.6147345882342;-23.6051836 -46.6144532;-23.6033784 -46.6147373;203;36;52
4;Thu Mar 14 21:09:47 2019;-23.6051821025611,-46.6144398611718;-23.6033780034802,-46.6147345882342;-23.6051836 -46.6144532;-23.6033784 -46.6147373;203;36;52
5;Thu Mar 14 21:10:47 2019;-23.6051821025611,-46.6144398611718;-23.6033780034802,-46.6147345882342;-23.6051836 -46.6144532;-23.6033784 -46.6147373;203;36;52
6;Thu Mar 14 21:11:47 2019;-23.6051821025611,-46.6144398611718;-23.6033780034802,-46.6147345882342;-23.6051836 -46.6144532;-23.6033784 -46.6147373;203;36;52
7;Thu Mar 14 21:12:46 2019;-23.6051821025611,-46.6144398611718;-23.6033780034802,-46.6147345882342;-23.6051836 -46.6144532;-23.6033784 -46.6147373;203;36;52
8;Thu Mar 14 21:13:47 2019;-23.6051821025611,-46.6144398611718;-23.6033780034802,-46.6147345882342;-23.6051836 -46.6144532;-23.6033784 -46.6147373;203;36;52
9;Thu Mar 14 21:14:47 2019;-23.6051821025611,-46.6144398611718;-23.6033780034802,-46.6147345882342;-23.6051836 -46.6144532;-23.6033784 -46.6147373;203;36;52
10;Thu Mar 14 21:15:48 2019;-23.6051821025611,-46.6144398611718;-23.6033780034802,-46.6147345882342;-23.6051836 -46.6144532;-23.6033784 -46.6147373;203;36;52
11;Thu Mar 14 21:16:48 2019;-23.6051821025611,-46.6144398611718;-23.6033780034802,-46.6147345882342;-23.6051836 -46.6144532;-23.6033784 -46.6147373;203;36;52
12;Thu Mar 14 21:17:47 2019;-23.6051821025611,-46.6144398611718;-23.6033780034802,-46.6147345882342;-23.6051836 -46.6144532;-23.6033784 -46.6147373;203;36;52
13;Thu Mar 14 21:18:47 2019;-23.6051821025611,-46.6144398611718;-23.6033780034802,-46.6147345882342;-23.6051836 -46.6144532;-23.6033784 -46.6147373;203;36;52
14;Thu Mar 14 21:19:48 2019;-23.6051821025611,-46.6144398611718;-23.6033780034802,-46.6147345882342;-23.6051836 -46.6144532;-23.6033784 -46.6147373;203;36;52
15;Thu Mar 14 21:20:48 2019;-23.6051821025611,-46.6144398611718;-23.6033780034802,-46.6147345882342;-23.6051836 -46.6144532;-23.6033784 -46.6147373;203;36;52
16;Thu Mar 14 21:21:49 2019;-23.6051821025611,-46.6144398611718;-23.6033780034802,-46.6147345882342;-23.6051836 -46.6144532;-23.6033784 -46.6147373;203;36;52
17;Thu Mar 14 21:22:47 2019;-23.6051821025611,-46.6144398611718;-23.6033780034802,-46.6147345882342;-23.6051836 -46.6144532;-23.6033784 -46.6147373;203;36;53
18;Thu Mar 14 21:23:47 2019;-23.6051821025611,-46.6144398611718;-23.6033780034802,-46.6147345882342;-23.6051836 -46.6144532;-23.6033784 -46.6147373;203;36;53
19;Thu Mar 14 21:24:47 2019;-23.6051821025611,-46.6144398611718;-23.6033780034802,-46.6147345882342;-23.6051836 -46.6144532;-23.6033784 -46.6147373;203;36;53
20;Thu Mar 14 21:25:47 2019;-23.6051821025611,-46.6144398611718;-23.6033780034802,-46.6147345882342;-23.6051836 -46.6144532;-23.6033784 -46.6147373;203;36;53
21;Thu Mar 14 21:26:48 2019;-23.6051821025611,-46.6144398611718;-23.6033780034802,-46.6147345882342;-23.6051836 -46.6144532;-23.6033784 -46.6147373;203;36;53
22;Thu Mar 14 21:27:47 2019;-23.6051821025611,-46.6144398611718;-23.6033780034802,-46.6147345882342;-23.6051836 -46.6144532;-23.6033784 -46.6147373;203;36;53
23;Thu Mar 14 21:28:47 2019;-23.6051821025611,-46.6144398611718;-23.6033780034802,-46.6147345882342;-23.6051836 -46.6144532;-23.6033784 -46.6147373;203;36;53
24;Thu Mar 14 21:29:47 2019;-23.6051821025611,-46.6144398611718;-23.6033780034802,-46.6147345882342;-23.6051836 -46.6144532;-23.6033784 -46.6147373;203;36;53
25;Thu Mar 14 21:30:47 2019;-23.6051821025611,-46.6144398611718;-23.6033780034802,-46.6147345882342;-23.6051836 -46.6144532;-23.6033784 -46.6147373;203;36;53
26;Thu Mar 14 21:31:47 2019;-23.6051821025611,-46.6144398611718;-23.6033780034802,-46.6147345882342;-23.6051836 -46.6144532;-23.6033784 -46.6147373;203;36;53
27;Thu Mar 14 21:32:47 2019;-23.6051821025611,-46.6144398611718;-23.6033780034802,-46.6147345882342;-23.6051836 -46.6144532;-23.6033784 -46.6147373;203;36;53
28;Thu Mar 14 21:33:47 2019;-23.6051821025611,-46.6144398611718;-23.6033780034802,-46.6147345882342;-23.6051836 -46.6144532;-23.6033784 -46.6147373;203;36;53
29;Thu Mar 14 21:34:47 2019;-23.6051821025611,-46.6144398611718;-23.6033780034802,-46.6147345882342;-23.6051836 -46.6144532;-23.6033784 -46.6147373;203;36;53
30;Thu Mar 14 21:35:47 2019;-23.6051821025611,-46.6144398611718;-23.6033780034802,-46.6147345882342;-23.6051836 -46.6144532;-23.6033784 -46.6147373;203;36;53
31;Thu Mar 14 21:36:47 2019;-23.6051821025611,-46.6144398611718;-23.6033780034802,-46.6147345882342;-23.6051836 -46.6144532;-23.6033784 -46.6147373;203;36;53
32;Thu Mar 14 21:37:47 2019;-23.6051821025611,-46.6144398611718;-23.6033780034802,-46.6147345882342;-23.6051836 -46.6144532;-23.6033784 -46.6147373;203;36;55
33;Thu Mar 14 21:38:47 2019;-23.6051821025611,-46.6144398611718;-23.6033780034802,-46.6147345882342;-23.6051836 -46.6144532;-23.6033784 -46.6147373;203;36;55
34;Thu Mar 14 21:39:47 2019;-23.6051821025611,-46.6144398611718;-23.6033780034802,-46.6147345882342;-23.6051836 -46.6144532;-23.6033784 -46.6147373;203;36;55
35;Thu Mar 14 21:40:47 2019;-23.6051821025611,-46.6144398611718;-23.6033780034802,-46.6147345882342;-23.6051836 -46.6144532;-23.6033784 -46.6147373;203;36;55
36;Thu Mar 14 21:41:47 2019;-23.6051821025611,-46.6144398611718;-23.6033780034802,-46.6147345882342;-23.6051836 -46.6144532;-23.6033784 -46.6147373;203;36;55
37;Thu Mar 14 21:42:47 2019;-23.6051821025611,-46.6144398611718;-23.6033780034802,-46.6147345882342;-23.6051836 -46.6144532;-23.6033784 -46.6147373;203;36;55
38;Thu Mar 14 21:43:47 2019;-23.6051821025611,-46.6144398611718;-23.6033780034802,-46.6147345882342;-23.6051836 -46.6144532;-23.6033784 -46.6147373;203;36;55
39;Thu Mar 14 21:44:47 2019;-23.6051821025611,-46.6144398611718;-23.6033780034802,-46.6147345882342;-23.6051836 -46.6144532;-23.6033784 -46.6147373;203;36;55
40;Thu Mar 14 21:45:47 2019;-23.6051821025611,-46.6144398611718;-23.6033780034802,-46.6147345882342;-23.6051836 -46.6144532;-23.6033784 -46.6147373;203;36;55
41;Thu Mar 14 21:46:47 2019;-23.6051821025611,-46.6144398611718;-23.6033780034802,-46.6147345882342;-23.6051836 -46.6144532;-23.6033784 -46.6147373;203;36;55
42;Thu Mar 14 21:47:47 2019;-23.6051821025611,-46.6144398611718;-23.6033780034802,-46.6147345882342;-23.6051836 -46.6144532;-23.6033784 -46.6147373;203;36;55
43;Thu Mar 14 21:48:48 2019;-23.6051821025611,-46.6144398611718;-23.6033780034802,-46.6147345882342;-23.6051836 -46.6144532;-23.6033784 -46.6147373;203;36;55
44;Thu Mar 14 21:49:47 2019;-23.6051821025611,-46.6144398611718;-23.6033780034802,-46.6147345882342;-23.6051836 -46.6144532;-23.6033784 -46.6147373;203;36;55
45;Thu Mar 14 21:50:47 2019;-23.6051821025611,-46.6144398611718;-23.6033780034802,-46.6147345882342;-23.6051836 -46.6144532;-23.6033784 -46.6147373;203;36;55
46;Thu Mar 14 21:51:47 2019;-23.6051821025611,-46.6144398611718;-23.6033780034802,-46.6147345882342;-23.6051836 -46.6144532;-23.6033784 -46.6147373;203;36;54
47;Thu Mar 14 21:52:47 2019;-23.6051821025611,-46.6144398611718;-23.6033780034802,-46.6147345882342;-23.6051836 -46.6144532;-23.6033784 -46.6147373;203;36;51
48;Thu Mar 14 21:53:47 2019;-23.6051821025611,-46.6144398611718;-23.6033780034802,-46.6147345882342;-23.6051836 -46.6144532;-23.6033784 -46.6147373;203;36;51
49;Thu Mar 14 21:54:48 2019;-23.6051821025611,-46.6144398611718;-23.6033780034802,-46.6147345882342;-23.6051836 -46.6144532;-23.6033784 -46.6147373;203;36;51
50;Thu Mar 14 21:55:47 2019;-23.6051821025611,-46.6144398611718;-23.6033780034802,-46.6147345882342;-23.6051836 -46.6144532;-23.6033784 -46.6147373;203;36;51
51;Thu Mar 14 21:56:48 2019;-23.6051821025611,-46.6144398611718;-23.6033780034802,-46.6147345882342;-23.6051836 -46.6144532;-23.6033784 -46.6147373;203;36;51
52;Thu Mar 14 21:57:47 2019;-23.6051821025611,-46.6144398611718;-23.6033780034802,-46.6147345882342;-23.6051836 -46.6144532;-23.6033784 -46.6147373;203;36;51
53;Thu Mar 14 21:58:47 2019;-23.6051821025611,-46.6144398611718;-23.6033780034802,-46.6147345882342;-23.6051836 -46.6144532;-23.6033784 -46.6147373;203;36;51
54;Thu Mar 14 21:59:47 2019;-23.6051821025611,-46.6144398611718;-23.6033780034802,-46.6147345882342;-23.6051836 -46.6144532;-23.6033784 -46.6147373;203;36;51
55;Thu Mar 14 22:00:47 2019;-23.6051821025611,-46.6144398611718;-23.6033780034802,-46.6147345882342;-23.6051836 -46.6144532;-23.6033784 -46.6147373;203;36;51
56;Thu Mar 14 22:01:47 2019;-23.6051821025611,-46.6144398611718;-23.6033780034802,-46.6147345882342;-23.6051836 -46.6144532;-23.6033784 -46.6147373;203;36;51
57;Thu Mar 14 22:02:47 2019;-23.6051821025611,-46.6144398611718;-23.6033780034802,-46.6147345882342;-23.6051836 -46.6144532;-23.6033784 -46.6147373;203;36;51
58;Thu Mar 14 22:03:47 2019;-23.6051821025611,-46.6144398611718;-23.6033780034802,-46.6147345882342;-23.6051836 -46.6144532;-23.6033784 -46.6147373;203;36;51
59;Thu Mar 14 22:04:47 2019;-23.6051821025611,-46.6144398611718;-23.6033780034802,-46.6147345882342;-23.6051836 -46.6144532;-23.6033784 -46.6147373;203;36;51
60;Thu Mar 14 22:05:47 2019;-23.6051821025611,-46.6144398611718;-23.6033780034802,-46.6147345882342;-23.6051836 -46.6144532;-23.6033784 -46.6147373;203;36;51
61;Thu Mar 14 22:06:48 2019;-23.6051821025611,-46.6144398611718;-23.6033780034802,-46.6147345882342;-23.6051836 -46.6144532;-23.6033784 -46.6147373;203;36;51
62;Thu Mar 14 22:07:47 2019;-23.6051821025611,-46.6144398611718;-23.6033780034802,-46.6147345882342;-23.6051836 -46.6144532;-23.6033784 -46.6147373;203;36;55
63;Thu Mar 14 22:08:48 2019;-23.6051821025611,-46.6144398611718;-23.6033780034802,-46.6147345882342;-23.6051836 -46.6144532;-23.6033784 -46.6147373;203;36;55
64;Thu Mar 14 22:09:47 2019;-23.6051821025611,-46.6144398611718;-23.6033780034802,-46.6147345882342;-23.6051836 -46.6144532;-23.6033784 -46.6147373;203;36;55
65;Thu Mar 14 22:10:47 2019;-23.6051821025611,-46.6144398611718;-23.6033780034802,-46.6147345882342;-23.6051836 -46.6144532;-23.6033784 -46.6147373;203;36;55
66;Thu Mar 14 22:11:47 2019;-23.6051821025611,-46.6144398611718;-23.6033780034802,-46.6147345882342;-23.6051836 -46.6144532;-23.6033784 -46.6147373;203;36;55
67;Thu Mar 14 22:12:47 2019;-23.6051821025611,-46.6144398611718;-23.6033780034802,-46.6147345882342;-23.6051836 -46.6144532;-23.6033784 -46.6147373;203;36;55
68;Thu Mar 14 22:13:47 2019;-23.6051821025611,-46.6144398611718;-23.6033780034802,-46.6147345882342;-23.6051836 -46.6144532;-23.6033784 -46.6147373;203;36;55
69;Thu Mar 14 22:14:47 2019;-23.6051821025611,-46.6144398611718;-23.6033780034802,-46.6147345882342;-23.6051836 -46.6144532;-23.6033784 -46.6147373;203;36;55
70;Thu Mar 14 22:15:47 2019;-23.6051821025611,-46.6144398611718;-23.6033780034802,-46.6147345882342;-23.6051836 -46.6144532;-23.6033784 -46.6147373;203;36;55
71;Thu Mar 14 22:16:47 2019;-23.6051821025611,-46.6144398611718;-23.6033780034802,-46.6147345882342;-23.6051836 -46.6144532;-23.6033784 -46.6147373;203;36;55
72;Thu Mar 14 22:17:47 2019;-23.6051821025611,-46.6144398611718;-23.6033780034802,-46.6147345882342;-23.6051836 -46.6144532;-23.6033784 -46.6147373;203;36;55
73;Thu Mar 14 22:18:47 2019;-23.6051821025611,-46.6144398611718;-23.6033780034802,-46.6147345882342;-23.6051836 -46.6144532;-23.6033784 -46.6147373;203;36;55
74;Thu Mar 14 22:19:47 2019;-23.6051821025611,-46.6144398611718;-23.6033780034802,-46.6147345882342;-23.6051836 -46.6144532;-23.6033784 -46.6147373;203;36;55
75;Thu Mar 14 22:20:47 2019;-23.6051821025611,-46.6144398611718;-23.6033780034802,-46.6147345882342;-23.6051836 -46.6144532;-23.6033784 -46.6147373;203;36;55
76;Thu Mar 14 22:21:47 2019;-23.6051821025611,-46.6144398611718;-23.6033780034802,-46.6147345882342;-23.6051836 -46.6144532;-23.6033784 -46.6147373;203;36;55
77;Thu Mar 14 22:22:47 2019;-23.6051821025611,-46.6144398611718;-23.6033780034802,-46.6147345882342;-23.6051836 -46.6144532;-23.6033784 -46.6147373;203;36;55
78;Thu Mar 14 22:23:47 2019;-23.6051821025611,-46.6144398611718;-23.6033780034802,-46.6147345882342;-23.6051836 -46.6144532;-23.6033784 -46.6147373;203;36;55
79;Thu Mar 14 22:24:47 2019;-23.6051821025611,-46.6144398611718;-23.6033780034802,-46.6147345882342;-23.6051836 -46.6144532;-23.6033784 -46.6147373;203;36;55
80;Thu Mar 14 22:25:47 2019;-23.6051821025611,-46.6144398611718;-23.6033780034802,-46.6147345882342;-23.6051836 -46.6144532;-23.6033784 -46.6147373;203;36;55
81;Thu Mar 14 22:26:47 2019;-23.6051821025611,-46.6144398611718;-23.6033780034802,-46.6147345882342;-23.6051836 -46.6144532;-23.6033784 -46.6147373;203;36;55
82;Thu Mar 14 22:27:47 2019;-23.6051821025611,-46.6144398611718;-23.6033780034802,-46.6147345882342;-23.6051836 -46.6144532;-23.6033784 -46.6147373;203;36;55
83;Thu Mar 14 22:28:47 2019;-23.6051821025611,-46.6144398611718;-23.6033780034802,-46.6147345882342;-23.6051836 -46.6144532;-23.6033784 -46.6147373;203;36;55
84;Thu Mar 14 22:29:47 2019;-23.6051821025611,-46.6144398611718;-23.6033780034802,-46.6147345882342;-23.6051836 -46.6144532;-23.6033784 -46.6147373;203;36;55
85;Thu Mar 14 22:30:47 2019;-23.6051821025611,-46.6144398611718;-23.6033780034802,-46.6147345882342;-23.6051836 -46.6144532;-23.6033784 -46.6147373;203;36;55
86;Thu Mar 14 22:31:47 2019;-23.6051821025611,-46.6144398611718;-23.6033780034802,-46.6147345882342;-23.6051836 -46.6144532;-23.6033784 -46.6147373;203;36;55
87;Thu Mar 14 22:32:47 2019;-23.6051821025611,-46.6144398611718;-23.6033780034802,-46.6147345882342;-23.6051836 -46.6144532;-23.6033784 -46.6147373;203;36;55
88;Thu Mar 14 22:33:47 2019;-23.6051821025611,-46.6144398611718;-23.6033780034802,-46.6147345882342;-23.6051836 -46.6144532;-23.6033784 -46.6147373;203;36;55
89;Thu Mar 14 22:34:47 2019;-23.6051821025611,-46.6144398611718;-23.6033780034802,-46.6147345882342;-23.6051836 -46.6144532;-23.6033784 -46.6147373;203;36;55
90;Thu Mar 14 22:35:47 2019;-23.6051821025611,-46.6144398611718;-23.6033780034802,-46.6147345882342;-23.6051836 -46.6144532;-23.6033784 -46.6147373;203;36;55
91;Thu Mar 14 22:36:47 2019;-23.6051821025611,-46.6144398611718;-23.6033780034802,-46.6147345882342;-23.6051836 -46.6144532;-23.6033784 -46.6147373;203;36;55
92;Thu Mar 14 22:37:47 2019;-23.6051821025611,-46.6144398611718;-23.6033780034802,-46.6147345882342;-23.6051836 -46.6144532;-23.6033784 -46.6147373;203;36;58
93;Thu Mar 14 22:38:48 2019;-23.6051821025611,-46.6144398611718;-23.6033780034802,-46.6147345882342;-23.6051836 -46.6144532;-23.6033784 -46.6147373;203;36;58
94;Thu Mar 14 22:39:47 2019;-23.6051821025611,-46.6144398611718;-23.6033780034802,-46.6147345882342;-23.6051836 -46.6144532;-23.6033784 -46.6147373;203;36;58
95;Thu Mar 14 22:40:47 2019;-23.6051821025611,-46.6144398611718;-23.6033780034802,-46.6147345882342;-23.6051836 -46.6144532;-23.6033784 -46.6147373;203;36;58
96;Thu Mar 14 22:41:47 2019;-23.6051821025611,-46.6144398611718;-23.6033780034802,-46.6147345882342;-23.6051836 -46.6144532;-23.6033784 -46.6147373;203;36;58
97;Thu Mar 14 22:42:47 2019;-23.6051821025611,-46.6144398611718;-23.6033780034802,-46.6147345882342;-23.6051836 -46.6144532;-23.6033784 -46.6147373;203;36;58
98;Thu Mar 14 22:43:47 2019;-23.6051821025611,-46.6144398611718;-23.6033780034802,-46.6147345882342;-23.6051836 -46.6144532;-23.6033784 -46.6147373;203;36;58
99;Thu Mar 14 22:44:47 2019;-23.6051821025611,-46.6144398611718;-23.6033780034802,-46.6147345882342;-23.6051836 -46.6144532;-23.6033784 -46.6147373;203;36;58
100;Thu Mar 14 22:45:47 2019;-23.6051821025611,-46.6144398611718;-23.6033780034802,-46.6147345882342;-23.6051836 -46.6144532;-23.6033784 -46.6147373;203;36;58
101;Thu Mar 14 22:46:48 2019;-23.6051821025611,-46.6144398611718;-23.6033780034802,-46.6147345882342;-23.6051836 -46.6144532;-23.6033784 -46.6147373;203;36;58
102;Thu Mar 14 22:47:47 2019;-23.6051821025611,-46.6144398611718;-23.6033780034802,-46.6147345882342;-23.6051836 -46.6144532;-23.6033784 -46.6147373;203;36;58
103;Thu Mar 14 22:48:47 2019;-23.6051821025611,-46.6144398611718;-23.6033780034802,-46.6147345882342;-23.6051836 -46.6144532;-23.6033784 -46.6147373;203;36;58
104;Thu Mar 14 22:49:47 2019;-23.6051821025611,-46.6144398611718;-23.6033780034802,-46.6147345882342;-23.6051836 -46.6144532;-23.6033784 -46.6147373;203;36;58
105;Thu Mar 14 22:50:47 2019;-23.6051821025611,-46.6144398611718;-23.6033780034802,-46.6147345882342;-23.6051836 -46.6144532;-23.6033784 -46.6147373;203;36;58
106;Thu Mar 14 22:51:47 2019;-23.6051821025611,-46.6144398611718;-23.6033780034802,-46.6147345882342;-23.6051836 -46.6144532;-23.6033784 -46.6147373;203;36;58
107;Thu Mar 14 22:52:47 2019;-23.6051821025611,-46.6144398611718;-23.6033780034802,-46.6147345882342;-23.6051836 -46.6144532;-23.6033784 -46.6147373;203;36;57
108;Thu Mar 14 22:53:47 2019;-23.6051821025611,-46.6144398611718;-23.6033780034802,-46.6147345882342;-23.6051836 -46.6144532;-23.6033784 -46.6147373;203;36;57
109;Thu Mar 14 22:54:47 2019;-23.6051821025611,-46.6144398611718;-23.6033780034802,-46.6147345882342;-23.6051836 -46.6144532;-23.6033784 -46.6147373;203;36;57
110;Thu Mar 14 22:55:47 2019;-23.6051821025611,-46.6144398611718;-23.6033780034802,-46.6147345882342;-23.6051836 -46.6144532;-23.6033784 -46.6147373;203;36;57
111;Thu Mar 14 22:56:48 2019;-23.6051821025611,-46.6144398611718;-23.6033780034802,-46.6147345882342;-23.6051836 -46.6144532;-23.6033784 -46.6147373;203;36;57
112;Thu Mar 14 22:57:47 2019;-23.6051821025611,-46.6144398611718;-23.6033780034802,-46.6147345882342;-23.6051836 -46.6144532;-23.6033784 -46.6147373;203;36;57
113;Thu Mar 14 22:58:47 2019;-23.6051821025611,-46.6144398611718;-23.6033780034802,-46.6147345882342;-23.6051836 -46.6144532;-23.6033784 -46.6147373;203;36;57
114;Thu Mar 14 22:59:47 2019;-23.6051821025611,-46.6144398611718;-23.6033780034802,-46.6147345882342;-23.6051836 -46.6144532;-23.6033784 -46.6147373;203;36;57
115;Thu Mar 14 23:00:47 2019;-23.6051821025611,-46.6144398611718;-23.6033780034802,-46.6147345882342;-23.6051836 -46.6144532;-23.6033784 -46.6147373;203;36;57
116;Thu Mar 14 23:01:46 2019;-23.6051821025611,-46.6144398611718;-23.6033780034802,-46.6147345882342;-23.6051836 -46.6144532;-23.6033784 -46.6147373;203;36;57
117;Thu Mar 14 23:02:47 2019;-23.6051821025611,-46.6144398611718;-23.6033780034802,-46.6147345882342;-23.6051836 -46.6144532;-23.6033784 -46.6147373;203;36;57
118;Thu Mar 14 23:03:47 2019;-23.6051821025611,-46.6144398611718;-23.6033780034802,-46.6147345882342;-23.6051836 -46.6144532;-23.6033784 -46.6147373;203;36;57
119;Thu Mar 14 23:04:47 2019;-23.6051821025611,-46.6144398611718;-23.6033780034802,-46.6147345882342;-23.6051836 -46.6144532;-23.6033784 -46.6147373;203;36;57
120;Thu Mar 14 23:05:47 2019;-23.6051821025611,-46.6144398611718;-23.6033780034802,-46.6147345882342;-23.6051836 -46.6144532;-23.6033784 -46.6147373;203;36;57
121;Thu Mar 14 23:06:48 2019;-23.6051821025611,-46.6144398611718;-23.6033780034802,-46.6147345882342;-23.6051836 -46.6144532;-23.6033784 -46.6147373;203;36;56
122;Thu Mar 14 23:07:47 2019;-23.6051821025611,-46.6144398611718;-23.6033780034802,-46.6147345882342;-23.6051836 -46.6144532;-23.6033784 -46.6147373;203;36;54
123;Thu Mar 14 23:08:47 2019;-23.6051821025611,-46.6144398611718;-23.6033780034802,-46.6147345882342;-23.6051836 -46.6144532;-23.6033784 -46.6147373;203;36;54
124;Thu Mar 14 23:09:47 2019;-23.6051821025611,-46.6144398611718;-23.6033780034802,-46.6147345882342;-23.6051836 -46.6144532;-23.6033784 -46.6147373;203;36;54
125;Thu Mar 14 23:10:47 2019;-23.6051821025611,-46.6144398611718;-23.6033780034802,-46.6147345882342;-23.6051836 -46.6144532;-23.6033784 -46.6147373;203;36;54
126;Thu Mar 14 23:11:47 2019;-23.6051821025611,-46.6144398611718;-23.6033780034802,-46.6147345882342;-23.6051836 -46.6144532;-23.6033784 -46.6147373;203;36;54
127;Thu Mar 14 23:12:47 2019;-23.6051821025611,-46.6144398611718;-23.6033780034802,-46.6147345882342;-23.6051836 -46.6144532;-23.6033784 -46.6147373;203;36;54
128;Thu Mar 14 23:13:47 2019;-23.6051821025611,-46.6144398611718;-23.6033780034802,-46.6147345882342;-23.6051836 -46.6144532;-23.6033784 -46.6147373;203;36;54
129;Thu Mar 14 23:14:47 2019;-23.6051821025611,-46.6144398611718;-23.6033780034802,-46.6147345882342;-23.6051836 -46.6144532;-23.6033784 -46.6147373;203;36;54
130;Thu Mar 14 23:15:47 2019;-23.6051821025611,-46.6144398611718;-23.6033780034802,-46.6147345882342;-23.6051836 -46.6144532;-23.6033784 -46.6147373;203;36;54
131;Thu Mar 14 23:16:47 2019;-23.6051821025611,-46.6144398611718;-23.6033780034802,-46.6147345882342;-23.6051836 -46.6144532;-23.6033784 -46.6147373;203;36;54
132;Thu Mar 14 23:17:47 2019;-23.6051821025611,-46.6144398611718;-23.6033780034802,-46.6147345882342;-23.6051836 -46.6144532;-23.6033784 -46.6147373;203;36;54
133;Thu Mar 14 23:18:47 2019;-23.6051821025611,-46.6144398611718;-23.6033780034802,-46.6147345882342;-23.6051836 -46.6144532;-23.6033784 -46.6147373;203;36;54
134;Thu Mar 14 23:19:47 2019;-23.6051821025611,-46.6144398611718;-23.6033780034802,-46.6147345882342;-23.6051836 -46.6144532;-23.6033784 -46.6147373;203;36;54
135;Thu Mar 14 23:20:47 2019;-23.6051821025611,-46.6144398611718;-23.6033780034802,-46.6147345882342;-23.6051836 -46.6144532;-23.6033784 -46.6147373;203;36;54
136;Thu Mar 14 23:21:47 2019;-23.6051821025611,-46.6144398611718;-23.6033780034802,-46.6147345882342;-23.6051836 -46.6144532;-23.6033784 -46.6147373;203;36;54
137;Thu Mar 14 23:22:48 2019;-23.6051821025611,-46.6144398611718;-23.6033780034802,-46.6147345882342;-23.6051836 -46.6144532;-23.6033784 -46.6147373;203;36;49
138;Thu Mar 14 23:23:47 2019;-23.6051821025611,-46.6144398611718;-23.6033780034802,-46.6147345882342;-23.6051836 -46.6144532;-23.6033784 -46.6147373;203;36;49
139;Thu Mar 14 23:24:47 2019;-23.6051821025611,-46.6144398611718;-23.6033780034802,-46.6147345882342;-23.6051836 -46.6144532;-23.6033784 -46.6147373;203;36;49
140;Thu Mar 14 23:25:47 2019;-23.6051821025611,-46.6144398611718;-23.6033780034802,-46.6147345882342;-23.6051836 -46.6144532;-23.6033784 -46.6147373;203;36;49
141;Thu Mar 14 23:26:48 2019;-23.6051821025611,-46.6144398611718;-23.6033780034802,-46.6147345882342;-23.6051836 -46.6144532;-23.6033784 -46.6147373;203;36;49
142;Thu Mar 14 23:27:47 2019;-23.6051821025611,-46.6144398611718;-23.6033780034802,-46.6147345882342;-23.6051836 -46.6144532;-23.6033784 -46.6147373;203;36;49
143;Thu Mar 14 23:28:47 2019;-23.6051821025611,-46.6144398611718;-23.6033780034802,-46.6147345882342;-23.6051836 -46.6144532;-23.6033784 -46.6147373;203;36;49
144;Thu Mar 14 23:29:47 2019;-23.6051821025611,-46.6144398611718;-23.6033780034802,-46.6147345882342;-23.6051836 -46.6144532;-23.6033784 -46.6147373;203;36;49
145;Thu Mar 14 23:30:47 2019;-23.6051821025611,-46.6144398611718;-23.6033780034802,-46.6147345882342;-23.6051836 -46.6144532;-23.6033784 -46.6147373;203;36;49
146;Thu Mar 14 23:31:47 2019;-23.6051821025611,-46.6144398611718;-23.6033780034802,-46.6147345882342;-23.6051836 -46.6144532;-23.6033784 -46.6147373;203;36;49
147;Thu Mar 14 23:32:47 2019;-23.6051821025611,-46.6144398611718;-23.6033780034802,-46.6147345882342;-23.6051836 -46.6144532;-23.6033784 -46.6147373;203;36;49
148;Thu Mar 14 23:33:47 2019;-23.6051821025611,-46.6144398611718;-23.6033780034802,-46.6147345882342;-23.6051836 -46.6144532;-23.6033784 -46.6147373;203;36;49
149;Thu Mar 14 23:34:47 2019;-23.6051821025611,-46.6144398611718;-23.6033780034802,-46.6147345882342;-23.6051836 -46.6144532;-23.6033784 -46.6147373;203;36;49
150;Thu Mar 14 23:35:47 2019;-23.6051821025611,-46.6144398611718;-23.6033780034802,-46.6147345882342;-23.6051836 -46.6144532;-23.6033784 -46.6147373;203;36;49
151;Thu Mar 14 23:36:47 2019;-23.6051821025611,-46.6144398611718;-23.6033780034802,-46.6147345882342;-23.6051836 -46.6144532;-23.6033784 -46.6147373;203;36;49
152;Thu Mar 14 23:37:48 2019;-23.6051821025611,-46.6144398611718;-23.6033780034802,-46.6147345882342;-23.6051836 -46.6144532;-23.6033784 -46.6147373;203;36;42
153;Thu Mar 14 23:38:47 2019;-23.6051821025611,-46.6144398611718;-23.6033780034802,-46.6147345882342;-23.6051836 -46.6144532;-23.6033784 -46.6147373;203;36;42
154;Thu Mar 14 23:39:47 2019;-23.6051821025611,-46.6144398611718;-23.6033780034802,-46.6147345882342;-23.6051836 -46.6144532;-23.6033784 -46.6147373;203;36;42
155;Thu Mar 14 23:40:47 2019;-23.6051821025611,-46.6144398611718;-23.6033780034802,-46.6147345882342;-23.6051836 -46.6144532;-23.6033784 -46.6147373;203;36;42
156;Thu Mar 14 23:41:47 2019;-23.6051821025611,-46.6144398611718;-23.6033780034802,-46.6147345882342;-23.6051836 -46.6144532;-23.6033784 -46.6147373;203;36;42
157;Thu Mar 14 23:42:47 2019;-23.6051821025611,-46.6144398611718;-23.6033780034802,-46.6147345882342;-23.6051836 -46.6144532;-23.6033784 -46.6147373;203;36;42
158;Thu Mar 14 23:43:47 2019;-23.6051821025611,-46.6144398611718;-23.6033780034802,-46.6147345882342;-23.6051836 -46.6144532;-23.6033784 -46.6147373;203;36;42
159;Thu Mar 14 23:44:47 2019;-23.6051821025611,-46.6144398611718;-23.6033780034802,-46.6147345882342;-23.6051836 -46.6144532;-23.6033784 -46.6147373;203;36;42
160;Thu Mar 14 23:45:47 2019;-23.6051821025611,-46.6144398611718;-23.6033780034802,-46.6147345882342;-23.6051836 -46.6144532;-23.6033784 -46.6147373;203;36;42
161;Thu Mar 14 23:46:48 2019;-23.6051821025611,-46.6144398611718;-23.6033780034802,-46.6147345882342;-23.6051836 -46.6144532;-23.6033784 -46.6147373;203;36;42
162;Thu Mar 14 23:47:47 2019;-23.6051821025611,-46.6144398611718;-23.6033780034802,-46.6147345882342;-23.6051836 -46.6144532;-23.6033784 -46.6147373;203;36;42
163;Thu Mar 14 23:48:47 2019;-23.6051821025611,-46.6144398611718;-23.6033780034802,-46.6147345882342;-23.6051836 -46.6144532;-23.6033784 -46.6147373;203;36;42
164;Thu Mar 14 23:49:47 2019;-23.6051821025611,-46.6144398611718;-23.6033780034802,-46.6147345882342;-23.6051836 -46.6144532;-23.6033784 -46.6147373;203;36;42
165;Thu Mar 14 23:50:47 2019;-23.6051821025611,-46.6144398611718;-23.6033780034802,-46.6147345882342;-23.6051836 -46.6144532;-23.6033784 -46.6147373;203;36;42
166;Thu Mar 14 23:51:47 2019;-23.6051821025611,-46.6144398611718;-23.6033780034802,-46.6147345882342;-23.6051836 -46.6144532;-23.6033784 -46.6147373;203;36;42
167;Thu Mar 14 23:52:47 2019;-23.6051821025611,-46.6144398611718;-23.6033780034802,-46.6147345882342;-23.6051836 -46.6144532;-23.6033784 -46.6147373;203;36;46
168;Thu Mar 14 23:53:47 2019;-23.6051821025611,-46.6144398611718;-23.6033780034802,-46.6147345882342;-23.6051836 -46.6144532;-23.6033784 -46.6147373;203;36;46
169;Thu Mar 14 23:54:47 2019;-23.6051821025611,-46.6144398611718;-23.6033780034802,-46.6147345882342;-23.6051836 -46.6144532;-23.6033784 -46.6147373;203;36;46
170;Thu Mar 14 23:55:47 2019;-23.6051821025611,-46.6144398611718;-23.6033780034802,-46.6147345882342;-23.6051836 -46.6144532;-23.6033784 -46.6147373;203;36;46
171;Thu Mar 14 23:56:47 2019;-23.6051821025611,-46.6144398611718;-23.6033780034802,-46.6147345882342;-23.6051836 -46.6144532;-23.6033784 -46.6147373;203;36;46
172;Thu Mar 14 23:57:47 2019;-23.6051821025611,-46.6144398611718;-23.6033780034802,-46.6147345882342;-23.6051836 -46.6144532;-23.6033784 -46.6147373;203;36;46
173;Thu Mar 14 23:58:47 2019;-23.6051821025611,-46.6144398611718;-23.6033780034802,-46.6147345882342;-23.6051836 -46.6144532;-23.6033784 -46.6147373;203;36;46
174;Thu Mar 14 23:59:47 2019;-23.6051821025611,-46.6144398611718;-23.6033780034802,-46.6147345882342;-23.6051836 -46.6144532;-23.6033784 -46.6147373;203;36;46
