38972;Thu Mar 14 00:00:33 2019;-23.6249038312799,-46.6070155404753;-23.6230255317148,-46.6076101830839;-23.6249078 -46.6070313;-23.6230217 -46.6075951;217;51;46
39213;Thu Mar 14 04:01:33 2019;-23.6249038312799,-46.6070155404753;-23.6230255317148,-46.6076101830839;-23.6249078 -46.6070313;-23.6230217 -46.6075951;217;51;34
39214;Thu Mar 14 04:02:33 2019;-23.6249038312799,-46.6070155404753;-23.6230255317148,-46.6076101830839;-23.6249078 -46.6070313;-23.6230217 -46.6075951;217;51;34
39215;Thu Mar 14 04:03:33 2019;-23.6249038312799,-46.6070155404753;-23.6230255317148,-46.6076101830839;-23.6249078 -46.6070313;-23.6230217 -46.6075951;217;51;34
39216;Thu Mar 14 04:04:33 2019;-23.6249038312799,-46.6070155404753;-23.6230255317148,-46.6076101830839;-23.6249078 -46.6070313;-23.6230217 -46.6075951;217;51;34
39217;Thu Mar 14 04:05:33 2019;-23.6249038312799,-46.6070155404753;-23.6230255317148,-46.6076101830839;-23.6249078 -46.6070313;-23.6230217 -46.6075951;217;51;34
39218;Thu Mar 14 04:06:33 2019;-23.6249038312799,-46.6070155404753;-23.6230255317148,-46.6076101830839;-23.6249078 -46.6070313;-23.6230217 -46.6075951;217;51;34
39219;Thu Mar 14 04:07:33 2019;-23.6249038312799,-46.6070155404753;-23.6230255317148,-46.6076101830839;-23.6249078 -46.6070313;-23.6230217 -46.6075951;217;51;32
39220;Thu Mar 14 04:08:33 2019;-23.6249038312799,-46.6070155404753;-23.6230255317148,-46.6076101830839;-23.6249078 -46.6070313;-23.6230217 -46.6075951;217;51;32
39221;Thu Mar 14 04:09:33 2019;-23.6249038312799,-46.6070155404753;-23.6230255317148,-46.6076101830839;-23.6249078 -46.6070313;-23.6230217 -46.6075951;217;51;32
1;Thu Mar 14 21:06:51 2019;-23.6249038312799,-46.6070155404753;-23.6230255317148,-46.6076101830839;-23.6249078 -46.6070313;-23.6230217 -46.6075951;217;51;72
2;Thu Mar 14 21:07:47 2019;-23.6249038312799,-46.6070155404753;-23.6230255317148,-46.6076101830839;-23.6249078 -46.6070313;-23.6230217 -46.6075951;217;51;73
3;Thu Mar 14 21:08:49 2019;-23.6249038312799,-46.6070155404753;-23.6230255317148,-46.6076101830839;-23.6249078 -46.6070313;-23.6230217 -46.6075951;217;51;73
4;Thu Mar 14 21:09:46 2019;-23.6249038312799,-46.6070155404753;-23.6230255317148,-46.6076101830839;-23.6249078 -46.6070313;-23.6230217 -46.6075951;217;51;73
5;Thu Mar 14 21:10:46 2019;-23.6249038312799,-46.6070155404753;-23.6230255317148,-46.6076101830839;-23.6249078 -46.6070313;-23.6230217 -46.6075951;217;51;73
6;Thu Mar 14 21:11:46 2019;-23.6249038312799,-46.6070155404753;-23.6230255317148,-46.6076101830839;-23.6249078 -46.6070313;-23.6230217 -46.6075951;217;51;73
7;Thu Mar 14 21:12:46 2019;-23.6249038312799,-46.6070155404753;-23.6230255317148,-46.6076101830839;-23.6249078 -46.6070313;-23.6230217 -46.6075951;217;51;73
8;Thu Mar 14 21:13:46 2019;-23.6249038312799,-46.6070155404753;-23.6230255317148,-46.6076101830839;-23.6249078 -46.6070313;-23.6230217 -46.6075951;217;51;73
9;Thu Mar 14 21:14:47 2019;-23.6249038312799,-46.6070155404753;-23.6230255317148,-46.6076101830839;-23.6249078 -46.6070313;-23.6230217 -46.6075951;217;51;73
10;Thu Mar 14 21:15:47 2019;-23.6249038312799,-46.6070155404753;-23.6230255317148,-46.6076101830839;-23.6249078 -46.6070313;-23.6230217 -46.6075951;217;51;73
11;Thu Mar 14 21:16:46 2019;-23.6249038312799,-46.6070155404753;-23.6230255317148,-46.6076101830839;-23.6249078 -46.6070313;-23.6230217 -46.6075951;217;51;73
12;Thu Mar 14 21:17:47 2019;-23.6249038312799,-46.6070155404753;-23.6230255317148,-46.6076101830839;-23.6249078 -46.6070313;-23.6230217 -46.6075951;217;51;73
13;Thu Mar 14 21:18:46 2019;-23.6249038312799,-46.6070155404753;-23.6230255317148,-46.6076101830839;-23.6249078 -46.6070313;-23.6230217 -46.6075951;217;51;73
14;Thu Mar 14 21:19:47 2019;-23.6249038312799,-46.6070155404753;-23.6230255317148,-46.6076101830839;-23.6249078 -46.6070313;-23.6230217 -46.6075951;217;51;73
15;Thu Mar 14 21:20:47 2019;-23.6249038312799,-46.6070155404753;-23.6230255317148,-46.6076101830839;-23.6249078 -46.6070313;-23.6230217 -46.6075951;217;51;73
16;Thu Mar 14 21:21:48 2019;-23.6249038312799,-46.6070155404753;-23.6230255317148,-46.6076101830839;-23.6249078 -46.6070313;-23.6230217 -46.6075951;217;51;72
17;Thu Mar 14 21:22:46 2019;-23.6249038312799,-46.6070155404753;-23.6230255317148,-46.6076101830839;-23.6249078 -46.6070313;-23.6230217 -46.6075951;217;51;70
18;Thu Mar 14 21:23:46 2019;-23.6249038312799,-46.6070155404753;-23.6230255317148,-46.6076101830839;-23.6249078 -46.6070313;-23.6230217 -46.6075951;217;51;70
19;Thu Mar 14 21:24:46 2019;-23.6249038312799,-46.6070155404753;-23.6230255317148,-46.6076101830839;-23.6249078 -46.6070313;-23.6230217 -46.6075951;217;51;70
20;Thu Mar 14 21:25:46 2019;-23.6249038312799,-46.6070155404753;-23.6230255317148,-46.6076101830839;-23.6249078 -46.6070313;-23.6230217 -46.6075951;217;51;70
21;Thu Mar 14 21:26:47 2019;-23.6249038312799,-46.6070155404753;-23.6230255317148,-46.6076101830839;-23.6249078 -46.6070313;-23.6230217 -46.6075951;217;51;70
22;Thu Mar 14 21:27:46 2019;-23.6249038312799,-46.6070155404753;-23.6230255317148,-46.6076101830839;-23.6249078 -46.6070313;-23.6230217 -46.6075951;217;51;70
23;Thu Mar 14 21:28:46 2019;-23.6249038312799,-46.6070155404753;-23.6230255317148,-46.6076101830839;-23.6249078 -46.6070313;-23.6230217 -46.6075951;217;51;70
24;Thu Mar 14 21:29:46 2019;-23.6249038312799,-46.6070155404753;-23.6230255317148,-46.6076101830839;-23.6249078 -46.6070313;-23.6230217 -46.6075951;217;51;70
25;Thu Mar 14 21:30:46 2019;-23.6249038312799,-46.6070155404753;-23.6230255317148,-46.6076101830839;-23.6249078 -46.6070313;-23.6230217 -46.6075951;217;51;70
26;Thu Mar 14 21:31:46 2019;-23.6249038312799,-46.6070155404753;-23.6230255317148,-46.6076101830839;-23.6249078 -46.6070313;-23.6230217 -46.6075951;217;51;70
27;Thu Mar 14 21:32:46 2019;-23.6249038312799,-46.6070155404753;-23.6230255317148,-46.6076101830839;-23.6249078 -46.6070313;-23.6230217 -46.6075951;217;51;70
28;Thu Mar 14 21:33:46 2019;-23.6249038312799,-46.6070155404753;-23.6230255317148,-46.6076101830839;-23.6249078 -46.6070313;-23.6230217 -46.6075951;217;51;70
29;Thu Mar 14 21:34:46 2019;-23.6249038312799,-46.6070155404753;-23.6230255317148,-46.6076101830839;-23.6249078 -46.6070313;-23.6230217 -46.6075951;217;51;70
30;Thu Mar 14 21:35:46 2019;-23.6249038312799,-46.6070155404753;-23.6230255317148,-46.6076101830839;-23.6249078 -46.6070313;-23.6230217 -46.6075951;217;51;70
31;Thu Mar 14 21:36:46 2019;-23.6249038312799,-46.6070155404753;-23.6230255317148,-46.6076101830839;-23.6249078 -46.6070313;-23.6230217 -46.6075951;217;51;68
32;Thu Mar 14 21:37:46 2019;-23.6249038312799,-46.6070155404753;-23.6230255317148,-46.6076101830839;-23.6249078 -46.6070313;-23.6230217 -46.6075951;217;51;67
33;Thu Mar 14 21:38:46 2019;-23.6249038312799,-46.6070155404753;-23.6230255317148,-46.6076101830839;-23.6249078 -46.6070313;-23.6230217 -46.6075951;217;51;67
34;Thu Mar 14 21:39:46 2019;-23.6249038312799,-46.6070155404753;-23.6230255317148,-46.6076101830839;-23.6249078 -46.6070313;-23.6230217 -46.6075951;217;51;67
35;Thu Mar 14 21:40:46 2019;-23.6249038312799,-46.6070155404753;-23.6230255317148,-46.6076101830839;-23.6249078 -46.6070313;-23.6230217 -46.6075951;217;51;67
36;Thu Mar 14 21:41:46 2019;-23.6249038312799,-46.6070155404753;-23.6230255317148,-46.6076101830839;-23.6249078 -46.6070313;-23.6230217 -46.6075951;217;51;67
37;Thu Mar 14 21:42:46 2019;-23.6249038312799,-46.6070155404753;-23.6230255317148,-46.6076101830839;-23.6249078 -46.6070313;-23.6230217 -46.6075951;217;51;67
38;Thu Mar 14 21:43:46 2019;-23.6249038312799,-46.6070155404753;-23.6230255317148,-46.6076101830839;-23.6249078 -46.6070313;-23.6230217 -46.6075951;217;51;67
39;Thu Mar 14 21:44:46 2019;-23.6249038312799,-46.6070155404753;-23.6230255317148,-46.6076101830839;-23.6249078 -46.6070313;-23.6230217 -46.6075951;217;51;67
40;Thu Mar 14 21:45:46 2019;-23.6249038312799,-46.6070155404753;-23.6230255317148,-46.6076101830839;-23.6249078 -46.6070313;-23.6230217 -46.6075951;217;51;67
41;Thu Mar 14 21:46:46 2019;-23.6249038312799,-46.6070155404753;-23.6230255317148,-46.6076101830839;-23.6249078 -46.6070313;-23.6230217 -46.6075951;217;51;67
42;Thu Mar 14 21:47:46 2019;-23.6249038312799,-46.6070155404753;-23.6230255317148,-46.6076101830839;-23.6249078 -46.6070313;-23.6230217 -46.6075951;217;51;67
43;Thu Mar 14 21:48:47 2019;-23.6249038312799,-46.6070155404753;-23.6230255317148,-46.6076101830839;-23.6249078 -46.6070313;-23.6230217 -46.6075951;217;51;67
44;Thu Mar 14 21:49:46 2019;-23.6249038312799,-46.6070155404753;-23.6230255317148,-46.6076101830839;-23.6249078 -46.6070313;-23.6230217 -46.6075951;217;51;67
45;Thu Mar 14 21:50:46 2019;-23.6249038312799,-46.6070155404753;-23.6230255317148,-46.6076101830839;-23.6249078 -46.6070313;-23.6230217 -46.6075951;217;51;67
46;Thu Mar 14 21:51:46 2019;-23.6249038312799,-46.6070155404753;-23.6230255317148,-46.6076101830839;-23.6249078 -46.6070313;-23.6230217 -46.6075951;217;51;65
47;Thu Mar 14 21:52:46 2019;-23.6249038312799,-46.6070155404753;-23.6230255317148,-46.6076101830839;-23.6249078 -46.6070313;-23.6230217 -46.6075951;217;51;60
48;Thu Mar 14 21:53:46 2019;-23.6249038312799,-46.6070155404753;-23.6230255317148,-46.6076101830839;-23.6249078 -46.6070313;-23.6230217 -46.6075951;217;51;60
49;Thu Mar 14 21:54:47 2019;-23.6249038312799,-46.6070155404753;-23.6230255317148,-46.6076101830839;-23.6249078 -46.6070313;-23.6230217 -46.6075951;217;51;60
50;Thu Mar 14 21:55:46 2019;-23.6249038312799,-46.6070155404753;-23.6230255317148,-46.6076101830839;-23.6249078 -46.6070313;-23.6230217 -46.6075951;217;51;60
51;Thu Mar 14 21:56:47 2019;-23.6249038312799,-46.6070155404753;-23.6230255317148,-46.6076101830839;-23.6249078 -46.6070313;-23.6230217 -46.6075951;217;51;60
52;Thu Mar 14 21:57:46 2019;-23.6249038312799,-46.6070155404753;-23.6230255317148,-46.6076101830839;-23.6249078 -46.6070313;-23.6230217 -46.6075951;217;51;60
53;Thu Mar 14 21:58:46 2019;-23.6249038312799,-46.6070155404753;-23.6230255317148,-46.6076101830839;-23.6249078 -46.6070313;-23.6230217 -46.6075951;217;51;60
54;Thu Mar 14 21:59:46 2019;-23.6249038312799,-46.6070155404753;-23.6230255317148,-46.6076101830839;-23.6249078 -46.6070313;-23.6230217 -46.6075951;217;51;60
55;Thu Mar 14 22:00:46 2019;-23.6249038312799,-46.6070155404753;-23.6230255317148,-46.6076101830839;-23.6249078 -46.6070313;-23.6230217 -46.6075951;217;51;60
56;Thu Mar 14 22:01:46 2019;-23.6249038312799,-46.6070155404753;-23.6230255317148,-46.6076101830839;-23.6249078 -46.6070313;-23.6230217 -46.6075951;217;51;60
57;Thu Mar 14 22:02:46 2019;-23.6249038312799,-46.6070155404753;-23.6230255317148,-46.6076101830839;-23.6249078 -46.6070313;-23.6230217 -46.6075951;217;51;60
58;Thu Mar 14 22:03:46 2019;-23.6249038312799,-46.6070155404753;-23.6230255317148,-46.6076101830839;-23.6249078 -46.6070313;-23.6230217 -46.6075951;217;51;60
59;Thu Mar 14 22:04:47 2019;-23.6249038312799,-46.6070155404753;-23.6230255317148,-46.6076101830839;-23.6249078 -46.6070313;-23.6230217 -46.6075951;217;51;60
60;Thu Mar 14 22:05:46 2019;-23.6249038312799,-46.6070155404753;-23.6230255317148,-46.6076101830839;-23.6249078 -46.6070313;-23.6230217 -46.6075951;217;51;60
61;Thu Mar 14 22:06:47 2019;-23.6249038312799,-46.6070155404753;-23.6230255317148,-46.6076101830839;-23.6249078 -46.6070313;-23.6230217 -46.6075951;217;51;61
62;Thu Mar 14 22:07:46 2019;-23.6249038312799,-46.6070155404753;-23.6230255317148,-46.6076101830839;-23.6249078 -46.6070313;-23.6230217 -46.6075951;217;51;63
63;Thu Mar 14 22:08:47 2019;-23.6249038312799,-46.6070155404753;-23.6230255317148,-46.6076101830839;-23.6249078 -46.6070313;-23.6230217 -46.6075951;217;51;63
64;Thu Mar 14 22:09:46 2019;-23.6249038312799,-46.6070155404753;-23.6230255317148,-46.6076101830839;-23.6249078 -46.6070313;-23.6230217 -46.6075951;217;51;63
65;Thu Mar 14 22:10:46 2019;-23.6249038312799,-46.6070155404753;-23.6230255317148,-46.6076101830839;-23.6249078 -46.6070313;-23.6230217 -46.6075951;217;51;63
66;Thu Mar 14 22:11:46 2019;-23.6249038312799,-46.6070155404753;-23.6230255317148,-46.6076101830839;-23.6249078 -46.6070313;-23.6230217 -46.6075951;217;51;63
67;Thu Mar 14 22:12:46 2019;-23.6249038312799,-46.6070155404753;-23.6230255317148,-46.6076101830839;-23.6249078 -46.6070313;-23.6230217 -46.6075951;217;51;63
68;Thu Mar 14 22:13:46 2019;-23.6249038312799,-46.6070155404753;-23.6230255317148,-46.6076101830839;-23.6249078 -46.6070313;-23.6230217 -46.6075951;217;51;63
69;Thu Mar 14 22:14:46 2019;-23.6249038312799,-46.6070155404753;-23.6230255317148,-46.6076101830839;-23.6249078 -46.6070313;-23.6230217 -46.6075951;217;51;63
70;Thu Mar 14 22:15:46 2019;-23.6249038312799,-46.6070155404753;-23.6230255317148,-46.6076101830839;-23.6249078 -46.6070313;-23.6230217 -46.6075951;217;51;63
71;Thu Mar 14 22:16:46 2019;-23.6249038312799,-46.6070155404753;-23.6230255317148,-46.6076101830839;-23.6249078 -46.6070313;-23.6230217 -46.6075951;217;51;63
72;Thu Mar 14 22:17:46 2019;-23.6249038312799,-46.6070155404753;-23.6230255317148,-46.6076101830839;-23.6249078 -46.6070313;-23.6230217 -46.6075951;217;51;63
73;Thu Mar 14 22:18:46 2019;-23.6249038312799,-46.6070155404753;-23.6230255317148,-46.6076101830839;-23.6249078 -46.6070313;-23.6230217 -46.6075951;217;51;63
74;Thu Mar 14 22:19:46 2019;-23.6249038312799,-46.6070155404753;-23.6230255317148,-46.6076101830839;-23.6249078 -46.6070313;-23.6230217 -46.6075951;217;51;63
75;Thu Mar 14 22:20:46 2019;-23.6249038312799,-46.6070155404753;-23.6230255317148,-46.6076101830839;-23.6249078 -46.6070313;-23.6230217 -46.6075951;217;51;63
76;Thu Mar 14 22:21:46 2019;-23.6249038312799,-46.6070155404753;-23.6230255317148,-46.6076101830839;-23.6249078 -46.6070313;-23.6230217 -46.6075951;217;51;62
77;Thu Mar 14 22:22:46 2019;-23.6249038312799,-46.6070155404753;-23.6230255317148,-46.6076101830839;-23.6249078 -46.6070313;-23.6230217 -46.6075951;217;51;65
78;Thu Mar 14 22:23:46 2019;-23.6249038312799,-46.6070155404753;-23.6230255317148,-46.6076101830839;-23.6249078 -46.6070313;-23.6230217 -46.6075951;217;51;65
79;Thu Mar 14 22:24:46 2019;-23.6249038312799,-46.6070155404753;-23.6230255317148,-46.6076101830839;-23.6249078 -46.6070313;-23.6230217 -46.6075951;217;51;65
80;Thu Mar 14 22:25:46 2019;-23.6249038312799,-46.6070155404753;-23.6230255317148,-46.6076101830839;-23.6249078 -46.6070313;-23.6230217 -46.6075951;217;51;65
81;Thu Mar 14 22:26:46 2019;-23.6249038312799,-46.6070155404753;-23.6230255317148,-46.6076101830839;-23.6249078 -46.6070313;-23.6230217 -46.6075951;217;51;65
82;Thu Mar 14 22:27:46 2019;-23.6249038312799,-46.6070155404753;-23.6230255317148,-46.6076101830839;-23.6249078 -46.6070313;-23.6230217 -46.6075951;217;51;65
83;Thu Mar 14 22:28:46 2019;-23.6249038312799,-46.6070155404753;-23.6230255317148,-46.6076101830839;-23.6249078 -46.6070313;-23.6230217 -46.6075951;217;51;65
84;Thu Mar 14 22:29:46 2019;-23.6249038312799,-46.6070155404753;-23.6230255317148,-46.6076101830839;-23.6249078 -46.6070313;-23.6230217 -46.6075951;217;51;65
85;Thu Mar 14 22:30:46 2019;-23.6249038312799,-46.6070155404753;-23.6230255317148,-46.6076101830839;-23.6249078 -46.6070313;-23.6230217 -46.6075951;217;51;65
86;Thu Mar 14 22:31:46 2019;-23.6249038312799,-46.6070155404753;-23.6230255317148,-46.6076101830839;-23.6249078 -46.6070313;-23.6230217 -46.6075951;217;51;65
87;Thu Mar 14 22:32:46 2019;-23.6249038312799,-46.6070155404753;-23.6230255317148,-46.6076101830839;-23.6249078 -46.6070313;-23.6230217 -46.6075951;217;51;65
88;Thu Mar 14 22:33:46 2019;-23.6249038312799,-46.6070155404753;-23.6230255317148,-46.6076101830839;-23.6249078 -46.6070313;-23.6230217 -46.6075951;217;51;65
89;Thu Mar 14 22:34:46 2019;-23.6249038312799,-46.6070155404753;-23.6230255317148,-46.6076101830839;-23.6249078 -46.6070313;-23.6230217 -46.6075951;217;51;65
90;Thu Mar 14 22:35:46 2019;-23.6249038312799,-46.6070155404753;-23.6230255317148,-46.6076101830839;-23.6249078 -46.6070313;-23.6230217 -46.6075951;217;51;65
91;Thu Mar 14 22:36:46 2019;-23.6249038312799,-46.6070155404753;-23.6230255317148,-46.6076101830839;-23.6249078 -46.6070313;-23.6230217 -46.6075951;217;51;63
92;Thu Mar 14 22:37:46 2019;-23.6249038312799,-46.6070155404753;-23.6230255317148,-46.6076101830839;-23.6249078 -46.6070313;-23.6230217 -46.6075951;217;51;55
93;Thu Mar 14 22:38:47 2019;-23.6249038312799,-46.6070155404753;-23.6230255317148,-46.6076101830839;-23.6249078 -46.6070313;-23.6230217 -46.6075951;217;51;55
94;Thu Mar 14 22:39:46 2019;-23.6249038312799,-46.6070155404753;-23.6230255317148,-46.6076101830839;-23.6249078 -46.6070313;-23.6230217 -46.6075951;217;51;55
95;Thu Mar 14 22:40:46 2019;-23.6249038312799,-46.6070155404753;-23.6230255317148,-46.6076101830839;-23.6249078 -46.6070313;-23.6230217 -46.6075951;217;51;55
96;Thu Mar 14 22:41:46 2019;-23.6249038312799,-46.6070155404753;-23.6230255317148,-46.6076101830839;-23.6249078 -46.6070313;-23.6230217 -46.6075951;217;51;55
97;Thu Mar 14 22:42:46 2019;-23.6249038312799,-46.6070155404753;-23.6230255317148,-46.6076101830839;-23.6249078 -46.6070313;-23.6230217 -46.6075951;217;51;55
98;Thu Mar 14 22:43:46 2019;-23.6249038312799,-46.6070155404753;-23.6230255317148,-46.6076101830839;-23.6249078 -46.6070313;-23.6230217 -46.6075951;217;51;55
99;Thu Mar 14 22:44:46 2019;-23.6249038312799,-46.6070155404753;-23.6230255317148,-46.6076101830839;-23.6249078 -46.6070313;-23.6230217 -46.6075951;217;51;55
100;Thu Mar 14 22:45:46 2019;-23.6249038312799,-46.6070155404753;-23.6230255317148,-46.6076101830839;-23.6249078 -46.6070313;-23.6230217 -46.6075951;217;51;55
101;Thu Mar 14 22:46:46 2019;-23.6249038312799,-46.6070155404753;-23.6230255317148,-46.6076101830839;-23.6249078 -46.6070313;-23.6230217 -46.6075951;217;51;55
102;Thu Mar 14 22:47:46 2019;-23.6249038312799,-46.6070155404753;-23.6230255317148,-46.6076101830839;-23.6249078 -46.6070313;-23.6230217 -46.6075951;217;51;55
103;Thu Mar 14 22:48:46 2019;-23.6249038312799,-46.6070155404753;-23.6230255317148,-46.6076101830839;-23.6249078 -46.6070313;-23.6230217 -46.6075951;217;51;55
104;Thu Mar 14 22:49:46 2019;-23.6249038312799,-46.6070155404753;-23.6230255317148,-46.6076101830839;-23.6249078 -46.6070313;-23.6230217 -46.6075951;217;51;55
105;Thu Mar 14 22:50:46 2019;-23.6249038312799,-46.6070155404753;-23.6230255317148,-46.6076101830839;-23.6249078 -46.6070313;-23.6230217 -46.6075951;217;51;55
106;Thu Mar 14 22:51:46 2019;-23.6249038312799,-46.6070155404753;-23.6230255317148,-46.6076101830839;-23.6249078 -46.6070313;-23.6230217 -46.6075951;217;51;55
107;Thu Mar 14 22:52:46 2019;-23.6249038312799,-46.6070155404753;-23.6230255317148,-46.6076101830839;-23.6249078 -46.6070313;-23.6230217 -46.6075951;217;51;55
108;Thu Mar 14 22:53:47 2019;-23.6249038312799,-46.6070155404753;-23.6230255317148,-46.6076101830839;-23.6249078 -46.6070313;-23.6230217 -46.6075951;217;51;55
109;Thu Mar 14 22:54:46 2019;-23.6249038312799,-46.6070155404753;-23.6230255317148,-46.6076101830839;-23.6249078 -46.6070313;-23.6230217 -46.6075951;217;51;55
110;Thu Mar 14 22:55:46 2019;-23.6249038312799,-46.6070155404753;-23.6230255317148,-46.6076101830839;-23.6249078 -46.6070313;-23.6230217 -46.6075951;217;51;55
111;Thu Mar 14 22:56:47 2019;-23.6249038312799,-46.6070155404753;-23.6230255317148,-46.6076101830839;-23.6249078 -46.6070313;-23.6230217 -46.6075951;217;51;55
112;Thu Mar 14 22:57:46 2019;-23.6249038312799,-46.6070155404753;-23.6230255317148,-46.6076101830839;-23.6249078 -46.6070313;-23.6230217 -46.6075951;217;51;55
113;Thu Mar 14 22:58:46 2019;-23.6249038312799,-46.6070155404753;-23.6230255317148,-46.6076101830839;-23.6249078 -46.6070313;-23.6230217 -46.6075951;217;51;55
114;Thu Mar 14 22:59:46 2019;-23.6249038312799,-46.6070155404753;-23.6230255317148,-46.6076101830839;-23.6249078 -46.6070313;-23.6230217 -46.6075951;217;51;55
115;Thu Mar 14 23:00:46 2019;-23.6249038312799,-46.6070155404753;-23.6230255317148,-46.6076101830839;-23.6249078 -46.6070313;-23.6230217 -46.6075951;217;51;55
116;Thu Mar 14 23:01:46 2019;-23.6249038312799,-46.6070155404753;-23.6230255317148,-46.6076101830839;-23.6249078 -46.6070313;-23.6230217 -46.6075951;217;51;55
117;Thu Mar 14 23:02:46 2019;-23.6249038312799,-46.6070155404753;-23.6230255317148,-46.6076101830839;-23.6249078 -46.6070313;-23.6230217 -46.6075951;217;51;55
118;Thu Mar 14 23:03:46 2019;-23.6249038312799,-46.6070155404753;-23.6230255317148,-46.6076101830839;-23.6249078 -46.6070313;-23.6230217 -46.6075951;217;51;55
119;Thu Mar 14 23:04:46 2019;-23.6249038312799,-46.6070155404753;-23.6230255317148,-46.6076101830839;-23.6249078 -46.6070313;-23.6230217 -46.6075951;217;51;55
120;Thu Mar 14 23:05:46 2019;-23.6249038312799,-46.6070155404753;-23.6230255317148,-46.6076101830839;-23.6249078 -46.6070313;-23.6230217 -46.6075951;217;51;55
121;Thu Mar 14 23:06:47 2019;-23.6249038312799,-46.6070155404753;-23.6230255317148,-46.6076101830839;-23.6249078 -46.6070313;-23.6230217 -46.6075951;217;51;57
122;Thu Mar 14 23:07:46 2019;-23.6249038312799,-46.6070155404753;-23.6230255317148,-46.6076101830839;-23.6249078 -46.6070313;-23.6230217 -46.6075951;217;51;57
123;Thu Mar 14 23:08:46 2019;-23.6249038312799,-46.6070155404753;-23.6230255317148,-46.6076101830839;-23.6249078 -46.6070313;-23.6230217 -46.6075951;217;51;57
124;Thu Mar 14 23:09:46 2019;-23.6249038312799,-46.6070155404753;-23.6230255317148,-46.6076101830839;-23.6249078 -46.6070313;-23.6230217 -46.6075951;217;51;57
125;Thu Mar 14 23:10:46 2019;-23.6249038312799,-46.6070155404753;-23.6230255317148,-46.6076101830839;-23.6249078 -46.6070313;-23.6230217 -46.6075951;217;51;57
126;Thu Mar 14 23:11:46 2019;-23.6249038312799,-46.6070155404753;-23.6230255317148,-46.6076101830839;-23.6249078 -46.6070313;-23.6230217 -46.6075951;217;51;57
127;Thu Mar 14 23:12:46 2019;-23.6249038312799,-46.6070155404753;-23.6230255317148,-46.6076101830839;-23.6249078 -46.6070313;-23.6230217 -46.6075951;217;51;57
128;Thu Mar 14 23:13:46 2019;-23.6249038312799,-46.6070155404753;-23.6230255317148,-46.6076101830839;-23.6249078 -46.6070313;-23.6230217 -46.6075951;217;51;57
129;Thu Mar 14 23:14:46 2019;-23.6249038312799,-46.6070155404753;-23.6230255317148,-46.6076101830839;-23.6249078 -46.6070313;-23.6230217 -46.6075951;217;51;57
130;Thu Mar 14 23:15:46 2019;-23.6249038312799,-46.6070155404753;-23.6230255317148,-46.6076101830839;-23.6249078 -46.6070313;-23.6230217 -46.6075951;217;51;57
131;Thu Mar 14 23:16:46 2019;-23.6249038312799,-46.6070155404753;-23.6230255317148,-46.6076101830839;-23.6249078 -46.6070313;-23.6230217 -46.6075951;217;51;57
132;Thu Mar 14 23:17:46 2019;-23.6249038312799,-46.6070155404753;-23.6230255317148,-46.6076101830839;-23.6249078 -46.6070313;-23.6230217 -46.6075951;217;51;57
133;Thu Mar 14 23:18:46 2019;-23.6249038312799,-46.6070155404753;-23.6230255317148,-46.6076101830839;-23.6249078 -46.6070313;-23.6230217 -46.6075951;217;51;57
134;Thu Mar 14 23:19:46 2019;-23.6249038312799,-46.6070155404753;-23.6230255317148,-46.6076101830839;-23.6249078 -46.6070313;-23.6230217 -46.6075951;217;51;57
135;Thu Mar 14 23:20:46 2019;-23.6249038312799,-46.6070155404753;-23.6230255317148,-46.6076101830839;-23.6249078 -46.6070313;-23.6230217 -46.6075951;217;51;57
136;Thu Mar 14 23:21:46 2019;-23.6249038312799,-46.6070155404753;-23.6230255317148,-46.6076101830839;-23.6249078 -46.6070313;-23.6230217 -46.6075951;217;51;54
137;Thu Mar 14 23:22:46 2019;-23.6249038312799,-46.6070155404753;-23.6230255317148,-46.6076101830839;-23.6249078 -46.6070313;-23.6230217 -46.6075951;217;51;52
138;Thu Mar 14 23:23:46 2019;-23.6249038312799,-46.6070155404753;-23.6230255317148,-46.6076101830839;-23.6249078 -46.6070313;-23.6230217 -46.6075951;217;51;52
139;Thu Mar 14 23:24:46 2019;-23.6249038312799,-46.6070155404753;-23.6230255317148,-46.6076101830839;-23.6249078 -46.6070313;-23.6230217 -46.6075951;217;51;52
140;Thu Mar 14 23:25:46 2019;-23.6249038312799,-46.6070155404753;-23.6230255317148,-46.6076101830839;-23.6249078 -46.6070313;-23.6230217 -46.6075951;217;51;52
141;Thu Mar 14 23:26:47 2019;-23.6249038312799,-46.6070155404753;-23.6230255317148,-46.6076101830839;-23.6249078 -46.6070313;-23.6230217 -46.6075951;217;51;52
142;Thu Mar 14 23:27:46 2019;-23.6249038312799,-46.6070155404753;-23.6230255317148,-46.6076101830839;-23.6249078 -46.6070313;-23.6230217 -46.6075951;217;51;52
143;Thu Mar 14 23:28:46 2019;-23.6249038312799,-46.6070155404753;-23.6230255317148,-46.6076101830839;-23.6249078 -46.6070313;-23.6230217 -46.6075951;217;51;52
144;Thu Mar 14 23:29:46 2019;-23.6249038312799,-46.6070155404753;-23.6230255317148,-46.6076101830839;-23.6249078 -46.6070313;-23.6230217 -46.6075951;217;51;52
145;Thu Mar 14 23:30:46 2019;-23.6249038312799,-46.6070155404753;-23.6230255317148,-46.6076101830839;-23.6249078 -46.6070313;-23.6230217 -46.6075951;217;51;52
146;Thu Mar 14 23:31:46 2019;-23.6249038312799,-46.6070155404753;-23.6230255317148,-46.6076101830839;-23.6249078 -46.6070313;-23.6230217 -46.6075951;217;51;52
147;Thu Mar 14 23:32:46 2019;-23.6249038312799,-46.6070155404753;-23.6230255317148,-46.6076101830839;-23.6249078 -46.6070313;-23.6230217 -46.6075951;217;51;52
148;Thu Mar 14 23:33:46 2019;-23.6249038312799,-46.6070155404753;-23.6230255317148,-46.6076101830839;-23.6249078 -46.6070313;-23.6230217 -46.6075951;217;51;52
149;Thu Mar 14 23:34:46 2019;-23.6249038312799,-46.6070155404753;-23.6230255317148,-46.6076101830839;-23.6249078 -46.6070313;-23.6230217 -46.6075951;217;51;52
150;Thu Mar 14 23:35:46 2019;-23.6249038312799,-46.6070155404753;-23.6230255317148,-46.6076101830839;-23.6249078 -46.6070313;-23.6230217 -46.6075951;217;51;52
151;Thu Mar 14 23:36:46 2019;-23.6249038312799,-46.6070155404753;-23.6230255317148,-46.6076101830839;-23.6249078 -46.6070313;-23.6230217 -46.6075951;217;51;52
152;Thu Mar 14 23:37:46 2019;-23.6249038312799,-46.6070155404753;-23.6230255317148,-46.6076101830839;-23.6249078 -46.6070313;-23.6230217 -46.6075951;217;51;50
153;Thu Mar 14 23:38:46 2019;-23.6249038312799,-46.6070155404753;-23.6230255317148,-46.6076101830839;-23.6249078 -46.6070313;-23.6230217 -46.6075951;217;51;50
154;Thu Mar 14 23:39:46 2019;-23.6249038312799,-46.6070155404753;-23.6230255317148,-46.6076101830839;-23.6249078 -46.6070313;-23.6230217 -46.6075951;217;51;50
155;Thu Mar 14 23:40:46 2019;-23.6249038312799,-46.6070155404753;-23.6230255317148,-46.6076101830839;-23.6249078 -46.6070313;-23.6230217 -46.6075951;217;51;50
156;Thu Mar 14 23:41:46 2019;-23.6249038312799,-46.6070155404753;-23.6230255317148,-46.6076101830839;-23.6249078 -46.6070313;-23.6230217 -46.6075951;217;51;50
157;Thu Mar 14 23:42:47 2019;-23.6249038312799,-46.6070155404753;-23.6230255317148,-46.6076101830839;-23.6249078 -46.6070313;-23.6230217 -46.6075951;217;51;50
158;Thu Mar 14 23:43:46 2019;-23.6249038312799,-46.6070155404753;-23.6230255317148,-46.6076101830839;-23.6249078 -46.6070313;-23.6230217 -46.6075951;217;51;50
159;Thu Mar 14 23:44:46 2019;-23.6249038312799,-46.6070155404753;-23.6230255317148,-46.6076101830839;-23.6249078 -46.6070313;-23.6230217 -46.6075951;217;51;50
160;Thu Mar 14 23:45:46 2019;-23.6249038312799,-46.6070155404753;-23.6230255317148,-46.6076101830839;-23.6249078 -46.6070313;-23.6230217 -46.6075951;217;51;50
161;Thu Mar 14 23:46:47 2019;-23.6249038312799,-46.6070155404753;-23.6230255317148,-46.6076101830839;-23.6249078 -46.6070313;-23.6230217 -46.6075951;217;51;50
162;Thu Mar 14 23:47:46 2019;-23.6249038312799,-46.6070155404753;-23.6230255317148,-46.6076101830839;-23.6249078 -46.6070313;-23.6230217 -46.6075951;217;51;50
163;Thu Mar 14 23:48:46 2019;-23.6249038312799,-46.6070155404753;-23.6230255317148,-46.6076101830839;-23.6249078 -46.6070313;-23.6230217 -46.6075951;217;51;50
164;Thu Mar 14 23:49:46 2019;-23.6249038312799,-46.6070155404753;-23.6230255317148,-46.6076101830839;-23.6249078 -46.6070313;-23.6230217 -46.6075951;217;51;50
165;Thu Mar 14 23:50:46 2019;-23.6249038312799,-46.6070155404753;-23.6230255317148,-46.6076101830839;-23.6249078 -46.6070313;-23.6230217 -46.6075951;217;51;50
166;Thu Mar 14 23:51:46 2019;-23.6249038312799,-46.6070155404753;-23.6230255317148,-46.6076101830839;-23.6249078 -46.6070313;-23.6230217 -46.6075951;217;51;50
167;Thu Mar 14 23:52:46 2019;-23.6249038312799,-46.6070155404753;-23.6230255317148,-46.6076101830839;-23.6249078 -46.6070313;-23.6230217 -46.6075951;217;51;50
168;Thu Mar 14 23:53:46 2019;-23.6249038312799,-46.6070155404753;-23.6230255317148,-46.6076101830839;-23.6249078 -46.6070313;-23.6230217 -46.6075951;217;51;50
169;Thu Mar 14 23:54:46 2019;-23.6249038312799,-46.6070155404753;-23.6230255317148,-46.6076101830839;-23.6249078 -46.6070313;-23.6230217 -46.6075951;217;51;50
170;Thu Mar 14 23:55:46 2019;-23.6249038312799,-46.6070155404753;-23.6230255317148,-46.6076101830839;-23.6249078 -46.6070313;-23.6230217 -46.6075951;217;51;50
171;Thu Mar 14 23:56:46 2019;-23.6249038312799,-46.6070155404753;-23.6230255317148,-46.6076101830839;-23.6249078 -46.6070313;-23.6230217 -46.6075951;217;51;50
172;Thu Mar 14 23:57:46 2019;-23.6249038312799,-46.6070155404753;-23.6230255317148,-46.6076101830839;-23.6249078 -46.6070313;-23.6230217 -46.6075951;217;51;50
173;Thu Mar 14 23:58:46 2019;-23.6249038312799,-46.6070155404753;-23.6230255317148,-46.6076101830839;-23.6249078 -46.6070313;-23.6230217 -46.6075951;217;51;50
174;Thu Mar 14 23:59:46 2019;-23.6249038312799,-46.6070155404753;-23.6230255317148,-46.6076101830839;-23.6249078 -46.6070313;-23.6230217 -46.6075951;217;51;50
