38972;Thu Mar 14 00:00:35 2019;-23.6398249 -46.6073089;-23.5890733 -46.6336419;8572;1681;1668
39213;Thu Mar 14 04:01:35 2019;-23.6398249 -46.6073089;-23.5890733 -46.6336419;8572;1681;1210
39214;Thu Mar 14 04:02:35 2019;-23.6398249 -46.6073089;-23.5890733 -46.6336419;8572;1681;1207
39215;Thu Mar 14 04:03:35 2019;-23.6398249 -46.6073089;-23.5890733 -46.6336419;8572;1681;1136
39216;Thu Mar 14 04:04:35 2019;-23.6398249 -46.6073089;-23.5890733 -46.6336419;8572;1681;1138
39217;Thu Mar 14 04:05:35 2019;-23.6398249 -46.6073089;-23.5890733 -46.6336419;8572;1681;1212
39218;Thu Mar 14 04:06:35 2019;-23.6398249 -46.6073089;-23.5890733 -46.6336419;8572;1681;1149
39219;Thu Mar 14 04:07:35 2019;-23.6398249 -46.6073089;-23.5890733 -46.6336419;8572;1681;1229
39220;Thu Mar 14 04:08:35 2019;-23.6398249 -46.6073089;-23.5890733 -46.6336419;8572;1681;1237
39221;Thu Mar 14 04:09:35 2019;-23.6398249 -46.6073089;-23.5890733 -46.6336419;8572;1681;1239
1;Thu Mar 14 21:06:58 2019;-23.6398249 -46.6073089;-23.5890733 -46.6336419;8572;1681;2412
2;Thu Mar 14 21:07:49 2019;-23.6398249 -46.6073089;-23.5890733 -46.6336419;8572;1681;2342
3;Thu Mar 14 21:08:52 2019;-23.6398249 -46.6073089;-23.5890733 -46.6336419;8572;1681;2404
4;Thu Mar 14 21:09:49 2019;-23.6398249 -46.6073089;-23.5890733 -46.6336419;8572;1681;2394
5;Thu Mar 14 21:10:49 2019;-23.6398249 -46.6073089;-23.5890733 -46.6336419;8572;1681;2387
6;Thu Mar 14 21:11:49 2019;-23.6398249 -46.6073089;-23.5890733 -46.6336419;8572;1681;2374
7;Thu Mar 14 21:12:48 2019;-23.6398249 -46.6073089;-23.5890733 -46.6336419;8572;1681;2300
8;Thu Mar 14 21:13:48 2019;-23.6398249 -46.6073089;-23.5890733 -46.6336419;8572;1681;2354
9;Thu Mar 14 21:14:49 2019;-23.6398249 -46.6073089;-23.5890733 -46.6336419;8572;1681;2294
10;Thu Mar 14 21:15:49 2019;-23.6398249 -46.6073089;-23.5890733 -46.6336419;8572;1681;2297
11;Thu Mar 14 21:16:50 2019;-23.6398249 -46.6073089;-23.5890733 -46.6336419;8572;1681;2360
12;Thu Mar 14 21:17:49 2019;-23.6398249 -46.6073089;-23.5890733 -46.6336419;8572;1681;2295
13;Thu Mar 14 21:18:49 2019;-23.6398249 -46.6073089;-23.5890733 -46.6336419;8572;1681;2288
14;Thu Mar 14 21:19:50 2019;-23.6398249 -46.6073089;-23.5890733 -46.6336419;8572;1681;2329
15;Thu Mar 14 21:20:49 2019;-23.6398249 -46.6073089;-23.5890733 -46.6336419;8572;1681;2321
16;Thu Mar 14 21:21:50 2019;-23.6398249 -46.6073089;-23.5890733 -46.6336419;8572;1681;2306
17;Thu Mar 14 21:22:49 2019;-23.6398249 -46.6073089;-23.5890733 -46.6336419;8572;1681;2299
18;Thu Mar 14 21:23:49 2019;-23.6398249 -46.6073089;-23.5890733 -46.6336419;8572;1681;2292
19;Thu Mar 14 21:24:49 2019;-23.6398249 -46.6073089;-23.5890733 -46.6336419;8572;1681;2231
20;Thu Mar 14 21:25:48 2019;-23.6398249 -46.6073089;-23.5890733 -46.6336419;8572;1681;2273
21;Thu Mar 14 21:26:49 2019;-23.6398249 -46.6073089;-23.5890733 -46.6336419;8572;1681;2197
22;Thu Mar 14 21:27:48 2019;-23.6398249 -46.6073089;-23.5890733 -46.6336419;8572;1681;2196
23;Thu Mar 14 21:28:48 2019;-23.6398249 -46.6073089;-23.5890733 -46.6336419;8572;1681;2235
24;Thu Mar 14 21:29:49 2019;-23.6398249 -46.6073089;-23.5890733 -46.6336419;8572;1681;2223
25;Thu Mar 14 21:30:49 2019;-23.6398249 -46.6073089;-23.5890733 -46.6336419;8572;1681;2214
26;Thu Mar 14 21:31:48 2019;-23.6398249 -46.6073089;-23.5890733 -46.6336419;8572;1681;2204
27;Thu Mar 14 21:32:48 2019;-23.6398249 -46.6073089;-23.5890733 -46.6336419;8572;1681;2187
28;Thu Mar 14 21:33:49 2019;-23.6398249 -46.6073089;-23.5890733 -46.6336419;8572;1681;2177
29;Thu Mar 14 21:34:49 2019;-23.6398249 -46.6073089;-23.5890733 -46.6336419;8572;1681;2152
30;Thu Mar 14 21:35:48 2019;-23.6398249 -46.6073089;-23.5890733 -46.6336419;8572;1681;2144
31;Thu Mar 14 21:36:48 2019;-23.6398249 -46.6073089;-23.5890733 -46.6336419;8572;1681;2148
32;Thu Mar 14 21:37:50 2019;-23.6398249 -46.6073089;-23.5890733 -46.6336419;8572;1681;2168
33;Thu Mar 14 21:38:49 2019;-23.6398249 -46.6073089;-23.5890733 -46.6336419;8572;1681;2139
34;Thu Mar 14 21:39:48 2019;-23.6398249 -46.6073089;-23.5890733 -46.6336419;8572;1681;2141
35;Thu Mar 14 21:40:49 2019;-23.6398249 -46.6073089;-23.5890733 -46.6336419;8572;1681;2138
36;Thu Mar 14 21:41:48 2019;-23.6398249 -46.6073089;-23.5890733 -46.6336419;8572;1681;2194
37;Thu Mar 14 21:42:48 2019;-23.6398249 -46.6073089;-23.5890733 -46.6336419;8572;1681;2140
38;Thu Mar 14 21:43:48 2019;-23.6398249 -46.6073089;-23.5890733 -46.6336419;8572;1681;2194
39;Thu Mar 14 21:44:49 2019;-23.6398249 -46.6073089;-23.5890733 -46.6336419;8572;1681;2185
40;Thu Mar 14 21:45:48 2019;-23.6398249 -46.6073089;-23.5890733 -46.6336419;8572;1681;2181
41;Thu Mar 14 21:46:48 2019;-23.6398249 -46.6073089;-23.5890733 -46.6336419;8572;1681;2121
42;Thu Mar 14 21:47:48 2019;-23.6398249 -46.6073089;-23.5890733 -46.6336419;8572;1681;2116
43;Thu Mar 14 21:48:49 2019;-23.6398249 -46.6073089;-23.5890733 -46.6336419;8572;1681;2172
44;Thu Mar 14 21:49:49 2019;-23.6398249 -46.6073089;-23.5890733 -46.6336419;8572;1681;2177
45;Thu Mar 14 21:50:49 2019;-23.6398249 -46.6073089;-23.5890733 -46.6336419;8572;1681;2161
46;Thu Mar 14 21:51:48 2019;-23.6398249 -46.6073089;-23.5890733 -46.6336419;8572;1681;2170
47;Thu Mar 14 21:52:50 2019;-23.6398249 -46.6073089;-23.5890733 -46.6336419;8572;1681;2147
48;Thu Mar 14 21:53:48 2019;-23.6398249 -46.6073089;-23.5890733 -46.6336419;8572;1681;2095
49;Thu Mar 14 21:54:49 2019;-23.6398249 -46.6073089;-23.5890733 -46.6336419;8572;1681;2127
50;Thu Mar 14 21:55:49 2019;-23.6398249 -46.6073089;-23.5890733 -46.6336419;8572;1681;2122
51;Thu Mar 14 21:56:50 2019;-23.6398249 -46.6073089;-23.5890733 -46.6336419;8572;1681;2115
52;Thu Mar 14 21:57:48 2019;-23.6398249 -46.6073089;-23.5890733 -46.6336419;8572;1681;2058
53;Thu Mar 14 21:58:49 2019;-23.6398249 -46.6073089;-23.5890733 -46.6336419;8572;1681;2107
54;Thu Mar 14 21:59:48 2019;-23.6398249 -46.6073089;-23.5890733 -46.6336419;8572;1681;2106
55;Thu Mar 14 22:00:48 2019;-23.6398249 -46.6073089;-23.5890733 -46.6336419;8572;1681;2110
56;Thu Mar 14 22:01:49 2019;-23.6398249 -46.6073089;-23.5890733 -46.6336419;8572;1681;2113
57;Thu Mar 14 22:02:48 2019;-23.6398249 -46.6073089;-23.5890733 -46.6336419;8572;1681;2111
58;Thu Mar 14 22:03:48 2019;-23.6398249 -46.6073089;-23.5890733 -46.6336419;8572;1681;2053
59;Thu Mar 14 22:04:49 2019;-23.6398249 -46.6073089;-23.5890733 -46.6336419;8572;1681;2091
60;Thu Mar 14 22:05:49 2019;-23.6398249 -46.6073089;-23.5890733 -46.6336419;8572;1681;2085
61;Thu Mar 14 22:06:50 2019;-23.6398249 -46.6073089;-23.5890733 -46.6336419;8572;1681;2087
62;Thu Mar 14 22:07:50 2019;-23.6398249 -46.6073089;-23.5890733 -46.6336419;8572;1681;2101
63;Thu Mar 14 22:08:49 2019;-23.6398249 -46.6073089;-23.5890733 -46.6336419;8572;1681;2094
64;Thu Mar 14 22:09:48 2019;-23.6398249 -46.6073089;-23.5890733 -46.6336419;8572;1681;2092
65;Thu Mar 14 22:10:48 2019;-23.6398249 -46.6073089;-23.5890733 -46.6336419;8572;1681;2052
66;Thu Mar 14 22:11:49 2019;-23.6398249 -46.6073089;-23.5890733 -46.6336419;8572;1681;2093
67;Thu Mar 14 22:12:48 2019;-23.6398249 -46.6073089;-23.5890733 -46.6336419;8572;1681;2098
68;Thu Mar 14 22:13:48 2019;-23.6398249 -46.6073089;-23.5890733 -46.6336419;8572;1681;2054
69;Thu Mar 14 22:14:49 2019;-23.6398249 -46.6073089;-23.5890733 -46.6336419;8572;1681;2051
70;Thu Mar 14 22:15:49 2019;-23.6398249 -46.6073089;-23.5890733 -46.6336419;8572;1681;2092
71;Thu Mar 14 22:16:48 2019;-23.6398249 -46.6073089;-23.5890733 -46.6336419;8572;1681;2096
72;Thu Mar 14 22:17:49 2019;-23.6398249 -46.6073089;-23.5890733 -46.6336419;8572;1681;2101
73;Thu Mar 14 22:18:49 2019;-23.6398249 -46.6073089;-23.5890733 -46.6336419;8572;1681;2106
74;Thu Mar 14 22:19:49 2019;-23.6398249 -46.6073089;-23.5890733 -46.6336419;8572;1681;2106
75;Thu Mar 14 22:20:48 2019;-23.6398249 -46.6073089;-23.5890733 -46.6336419;8572;1681;2059
76;Thu Mar 14 22:21:48 2019;-23.6398249 -46.6073089;-23.5890733 -46.6336419;8572;1681;2052
77;Thu Mar 14 22:22:49 2019;-23.6398249 -46.6073089;-23.5890733 -46.6336419;8572;1681;2082
78;Thu Mar 14 22:23:49 2019;-23.6398249 -46.6073089;-23.5890733 -46.6336419;8572;1681;2084
79;Thu Mar 14 22:24:49 2019;-23.6398249 -46.6073089;-23.5890733 -46.6336419;8572;1681;2096
80;Thu Mar 14 22:25:49 2019;-23.6398249 -46.6073089;-23.5890733 -46.6336419;8572;1681;2053
81;Thu Mar 14 22:26:49 2019;-23.6398249 -46.6073089;-23.5890733 -46.6336419;8572;1681;2105
82;Thu Mar 14 22:27:49 2019;-23.6398249 -46.6073089;-23.5890733 -46.6336419;8572;1681;2062
83;Thu Mar 14 22:28:49 2019;-23.6398249 -46.6073089;-23.5890733 -46.6336419;8572;1681;2100
84;Thu Mar 14 22:29:49 2019;-23.6398249 -46.6073089;-23.5890733 -46.6336419;8572;1681;2063
85;Thu Mar 14 22:30:49 2019;-23.6398249 -46.6073089;-23.5890733 -46.6336419;8572;1681;2060
86;Thu Mar 14 22:31:48 2019;-23.6398249 -46.6073089;-23.5890733 -46.6336419;8572;1681;2100
87;Thu Mar 14 22:32:49 2019;-23.6398249 -46.6073089;-23.5890733 -46.6336419;8572;1681;2099
88;Thu Mar 14 22:33:48 2019;-23.6398249 -46.6073089;-23.5890733 -46.6336419;8572;1681;2038
89;Thu Mar 14 22:34:48 2019;-23.6398249 -46.6073089;-23.5890733 -46.6336419;8572;1681;2093
90;Thu Mar 14 22:35:48 2019;-23.6398249 -46.6073089;-23.5890733 -46.6336419;8572;1681;2097
91;Thu Mar 14 22:36:49 2019;-23.6398249 -46.6073089;-23.5890733 -46.6336419;8572;1681;2035
92;Thu Mar 14 22:37:49 2019;-23.6398249 -46.6073089;-23.5890733 -46.6336419;8572;1681;2080
93;Thu Mar 14 22:38:50 2019;-23.6398249 -46.6073089;-23.5890733 -46.6336419;8572;1681;2070
94;Thu Mar 14 22:39:49 2019;-23.6398249 -46.6073089;-23.5890733 -46.6336419;8572;1681;2010
95;Thu Mar 14 22:40:49 2019;-23.6398249 -46.6073089;-23.5890733 -46.6336419;8572;1681;2065
96;Thu Mar 14 22:41:48 2019;-23.6398249 -46.6073089;-23.5890733 -46.6336419;8572;1681;2044
97;Thu Mar 14 22:42:49 2019;-23.6398249 -46.6073089;-23.5890733 -46.6336419;8572;1681;2033
98;Thu Mar 14 22:43:49 2019;-23.6398249 -46.6073089;-23.5890733 -46.6336419;8572;1681;2023
99;Thu Mar 14 22:44:49 2019;-23.6398249 -46.6073089;-23.5890733 -46.6336419;8572;1681;1962
100;Thu Mar 14 22:45:49 2019;-23.6398249 -46.6073089;-23.5890733 -46.6336419;8572;1681;2003
101;Thu Mar 14 22:46:50 2019;-23.6398249 -46.6073089;-23.5890733 -46.6336419;8572;1681;1927
102;Thu Mar 14 22:47:48 2019;-23.6398249 -46.6073089;-23.5890733 -46.6336419;8572;1681;1977
103;Thu Mar 14 22:48:48 2019;-23.6398249 -46.6073089;-23.5890733 -46.6336419;8572;1681;1976
104;Thu Mar 14 22:49:49 2019;-23.6398249 -46.6073089;-23.5890733 -46.6336419;8572;1681;1908
105;Thu Mar 14 22:50:49 2019;-23.6398249 -46.6073089;-23.5890733 -46.6336419;8572;1681;1895
106;Thu Mar 14 22:51:48 2019;-23.6398249 -46.6073089;-23.5890733 -46.6336419;8572;1681;1955
107;Thu Mar 14 22:52:50 2019;-23.6398249 -46.6073089;-23.5890733 -46.6336419;8572;1681;1949
108;Thu Mar 14 22:53:49 2019;-23.6398249 -46.6073089;-23.5890733 -46.6336419;8572;1681;1965
109;Thu Mar 14 22:54:48 2019;-23.6398249 -46.6073089;-23.5890733 -46.6336419;8572;1681;1955
110;Thu Mar 14 22:55:49 2019;-23.6398249 -46.6073089;-23.5890733 -46.6336419;8572;1681;1950
111;Thu Mar 14 22:56:50 2019;-23.6398249 -46.6073089;-23.5890733 -46.6336419;8572;1681;1864
112;Thu Mar 14 22:57:48 2019;-23.6398249 -46.6073089;-23.5890733 -46.6336419;8572;1681;1932
113;Thu Mar 14 22:58:48 2019;-23.6398249 -46.6073089;-23.5890733 -46.6336419;8572;1681;1861
114;Thu Mar 14 22:59:48 2019;-23.6398249 -46.6073089;-23.5890733 -46.6336419;8572;1681;1872
115;Thu Mar 14 23:00:48 2019;-23.6398249 -46.6073089;-23.5890733 -46.6336419;8572;1681;1954
116;Thu Mar 14 23:01:48 2019;-23.6398249 -46.6073089;-23.5890733 -46.6336419;8572;1681;1875
117;Thu Mar 14 23:02:48 2019;-23.6398249 -46.6073089;-23.5890733 -46.6336419;8572;1681;1952
118;Thu Mar 14 23:03:49 2019;-23.6398249 -46.6073089;-23.5890733 -46.6336419;8572;1681;1868
119;Thu Mar 14 23:04:49 2019;-23.6398249 -46.6073089;-23.5890733 -46.6336419;8572;1681;1855
120;Thu Mar 14 23:05:48 2019;-23.6398249 -46.6073089;-23.5890733 -46.6336419;8572;1681;1921
121;Thu Mar 14 23:06:49 2019;-23.6398249 -46.6073089;-23.5890733 -46.6336419;8572;1681;1838
122;Thu Mar 14 23:07:50 2019;-23.6398249 -46.6073089;-23.5890733 -46.6336419;8572;1681;1908
123;Thu Mar 14 23:08:48 2019;-23.6398249 -46.6073089;-23.5890733 -46.6336419;8572;1681;1823
124;Thu Mar 14 23:09:48 2019;-23.6398249 -46.6073089;-23.5890733 -46.6336419;8572;1681;1887
125;Thu Mar 14 23:10:48 2019;-23.6398249 -46.6073089;-23.5890733 -46.6336419;8572;1681;1809
126;Thu Mar 14 23:11:49 2019;-23.6398249 -46.6073089;-23.5890733 -46.6336419;8572;1681;1897
127;Thu Mar 14 23:12:48 2019;-23.6398249 -46.6073089;-23.5890733 -46.6336419;8572;1681;1906
128;Thu Mar 14 23:13:48 2019;-23.6398249 -46.6073089;-23.5890733 -46.6336419;8572;1681;1901
129;Thu Mar 14 23:14:48 2019;-23.6398249 -46.6073089;-23.5890733 -46.6336419;8572;1681;1893
130;Thu Mar 14 23:15:48 2019;-23.6398249 -46.6073089;-23.5890733 -46.6336419;8572;1681;1875
131;Thu Mar 14 23:16:49 2019;-23.6398249 -46.6073089;-23.5890733 -46.6336419;8572;1681;1875
132;Thu Mar 14 23:17:49 2019;-23.6398249 -46.6073089;-23.5890733 -46.6336419;8572;1681;1867
133;Thu Mar 14 23:18:48 2019;-23.6398249 -46.6073089;-23.5890733 -46.6336419;8572;1681;1792
134;Thu Mar 14 23:19:48 2019;-23.6398249 -46.6073089;-23.5890733 -46.6336419;8572;1681;1871
135;Thu Mar 14 23:20:48 2019;-23.6398249 -46.6073089;-23.5890733 -46.6336419;8572;1681;1870
136;Thu Mar 14 23:21:48 2019;-23.6398249 -46.6073089;-23.5890733 -46.6336419;8572;1681;1867
137;Thu Mar 14 23:22:50 2019;-23.6398249 -46.6073089;-23.5890733 -46.6336419;8572;1681;1862
138;Thu Mar 14 23:23:49 2019;-23.6398249 -46.6073089;-23.5890733 -46.6336419;8572;1681;1856
139;Thu Mar 14 23:24:49 2019;-23.6398249 -46.6073089;-23.5890733 -46.6336419;8572;1681;1768
140;Thu Mar 14 23:25:48 2019;-23.6398249 -46.6073089;-23.5890733 -46.6336419;8572;1681;1844
141;Thu Mar 14 23:26:50 2019;-23.6398249 -46.6073089;-23.5890733 -46.6336419;8572;1681;1741
142;Thu Mar 14 23:27:48 2019;-23.6398249 -46.6073089;-23.5890733 -46.6336419;8572;1681;1724
143;Thu Mar 14 23:28:48 2019;-23.6398249 -46.6073089;-23.5890733 -46.6336419;8572;1681;1796
144;Thu Mar 14 23:29:48 2019;-23.6398249 -46.6073089;-23.5890733 -46.6336419;8572;1681;1806
145;Thu Mar 14 23:30:49 2019;-23.6398249 -46.6073089;-23.5890733 -46.6336419;8572;1681;1708
146;Thu Mar 14 23:31:48 2019;-23.6398249 -46.6073089;-23.5890733 -46.6336419;8572;1681;1709
147;Thu Mar 14 23:32:49 2019;-23.6398249 -46.6073089;-23.5890733 -46.6336419;8572;1681;1712
148;Thu Mar 14 23:33:49 2019;-23.6398249 -46.6073089;-23.5890733 -46.6336419;8572;1681;1794
149;Thu Mar 14 23:34:48 2019;-23.6398249 -46.6073089;-23.5890733 -46.6336419;8572;1681;1788
150;Thu Mar 14 23:35:48 2019;-23.6398249 -46.6073089;-23.5890733 -46.6336419;8572;1681;1697
151;Thu Mar 14 23:36:49 2019;-23.6398249 -46.6073089;-23.5890733 -46.6336419;8572;1681;1776
152;Thu Mar 14 23:37:50 2019;-23.6398249 -46.6073089;-23.5890733 -46.6336419;8572;1681;1685
153;Thu Mar 14 23:38:49 2019;-23.6398249 -46.6073089;-23.5890733 -46.6336419;8572;1681;1677
154;Thu Mar 14 23:39:48 2019;-23.6398249 -46.6073089;-23.5890733 -46.6336419;8572;1681;1757
155;Thu Mar 14 23:40:49 2019;-23.6398249 -46.6073089;-23.5890733 -46.6336419;8572;1681;1755
156;Thu Mar 14 23:41:49 2019;-23.6398249 -46.6073089;-23.5890733 -46.6336419;8572;1681;1747
157;Thu Mar 14 23:42:49 2019;-23.6398249 -46.6073089;-23.5890733 -46.6336419;8572;1681;1741
158;Thu Mar 14 23:43:48 2019;-23.6398249 -46.6073089;-23.5890733 -46.6336419;8572;1681;1645
159;Thu Mar 14 23:44:49 2019;-23.6398249 -46.6073089;-23.5890733 -46.6336419;8572;1681;1737
160;Thu Mar 14 23:45:48 2019;-23.6398249 -46.6073089;-23.5890733 -46.6336419;8572;1681;1735
161;Thu Mar 14 23:46:50 2019;-23.6398249 -46.6073089;-23.5890733 -46.6336419;8572;1681;1740
162;Thu Mar 14 23:47:49 2019;-23.6398249 -46.6073089;-23.5890733 -46.6336419;8572;1681;1646
163;Thu Mar 14 23:48:48 2019;-23.6398249 -46.6073089;-23.5890733 -46.6336419;8572;1681;1727
164;Thu Mar 14 23:49:48 2019;-23.6398249 -46.6073089;-23.5890733 -46.6336419;8572;1681;1732
165;Thu Mar 14 23:50:49 2019;-23.6398249 -46.6073089;-23.5890733 -46.6336419;8572;1681;1734
166;Thu Mar 14 23:51:49 2019;-23.6398249 -46.6073089;-23.5890733 -46.6336419;8572;1681;1729
167;Thu Mar 14 23:52:50 2019;-23.6398249 -46.6073089;-23.5890733 -46.6336419;8572;1681;1724
168;Thu Mar 14 23:53:49 2019;-23.6398249 -46.6073089;-23.5890733 -46.6336419;8572;1681;1631
169;Thu Mar 14 23:54:48 2019;-23.6398249 -46.6073089;-23.5890733 -46.6336419;8572;1681;1721
170;Thu Mar 14 23:55:49 2019;-23.6398249 -46.6073089;-23.5890733 -46.6336419;8572;1681;1721
171;Thu Mar 14 23:56:49 2019;-23.6398249 -46.6073089;-23.5890733 -46.6336419;8572;1681;1733
172;Thu Mar 14 23:57:48 2019;-23.6398249 -46.6073089;-23.5890733 -46.6336419;8572;1681;1736
173;Thu Mar 14 23:58:49 2019;-23.6398249 -46.6073089;-23.5890733 -46.6336419;8572;1681;1727
174;Thu Mar 14 23:59:48 2019;-23.6398249 -46.6073089;-23.5890733 -46.6336419;8572;1681;1718
