38972;Thu Mar 14 00:00:33 2019;-23.6272805616842,-46.6063075256665;-23.6249038312799,-46.6070155404753;-23.6272832 -46.6063177;-23.6249078 -46.6070313;274;64;58
39213;Thu Mar 14 04:01:33 2019;-23.6272805616842,-46.6063075256665;-23.6249038312799,-46.6070155404753;-23.6272832 -46.6063177;-23.6249078 -46.6070313;274;64;37
39214;Thu Mar 14 04:02:33 2019;-23.6272805616842,-46.6063075256665;-23.6249038312799,-46.6070155404753;-23.6272832 -46.6063177;-23.6249078 -46.6070313;274;64;37
39215;Thu Mar 14 04:03:33 2019;-23.6272805616842,-46.6063075256665;-23.6249038312799,-46.6070155404753;-23.6272832 -46.6063177;-23.6249078 -46.6070313;274;64;37
39216;Thu Mar 14 04:04:33 2019;-23.6272805616842,-46.6063075256665;-23.6249038312799,-46.6070155404753;-23.6272832 -46.6063177;-23.6249078 -46.6070313;274;64;37
39217;Thu Mar 14 04:05:33 2019;-23.6272805616842,-46.6063075256665;-23.6249038312799,-46.6070155404753;-23.6272832 -46.6063177;-23.6249078 -46.6070313;274;64;37
39218;Thu Mar 14 04:06:33 2019;-23.6272805616842,-46.6063075256665;-23.6249038312799,-46.6070155404753;-23.6272832 -46.6063177;-23.6249078 -46.6070313;274;64;37
39219;Thu Mar 14 04:07:33 2019;-23.6272805616842,-46.6063075256665;-23.6249038312799,-46.6070155404753;-23.6272832 -46.6063177;-23.6249078 -46.6070313;274;64;38
39220;Thu Mar 14 04:08:33 2019;-23.6272805616842,-46.6063075256665;-23.6249038312799,-46.6070155404753;-23.6272832 -46.6063177;-23.6249078 -46.6070313;274;64;38
39221;Thu Mar 14 04:09:33 2019;-23.6272805616842,-46.6063075256665;-23.6249038312799,-46.6070155404753;-23.6272832 -46.6063177;-23.6249078 -46.6070313;274;64;38
1;Thu Mar 14 21:06:51 2019;-23.6272805616842,-46.6063075256665;-23.6249038312799,-46.6070155404753;-23.6272832 -46.6063177;-23.6249078 -46.6070313;274;64;91
2;Thu Mar 14 21:07:47 2019;-23.6272805616842,-46.6063075256665;-23.6249038312799,-46.6070155404753;-23.6272832 -46.6063177;-23.6249078 -46.6070313;274;64;89
3;Thu Mar 14 21:08:49 2019;-23.6272805616842,-46.6063075256665;-23.6249038312799,-46.6070155404753;-23.6272832 -46.6063177;-23.6249078 -46.6070313;274;64;89
4;Thu Mar 14 21:09:46 2019;-23.6272805616842,-46.6063075256665;-23.6249038312799,-46.6070155404753;-23.6272832 -46.6063177;-23.6249078 -46.6070313;274;64;89
5;Thu Mar 14 21:10:46 2019;-23.6272805616842,-46.6063075256665;-23.6249038312799,-46.6070155404753;-23.6272832 -46.6063177;-23.6249078 -46.6070313;274;64;89
6;Thu Mar 14 21:11:46 2019;-23.6272805616842,-46.6063075256665;-23.6249038312799,-46.6070155404753;-23.6272832 -46.6063177;-23.6249078 -46.6070313;274;64;89
7;Thu Mar 14 21:12:46 2019;-23.6272805616842,-46.6063075256665;-23.6249038312799,-46.6070155404753;-23.6272832 -46.6063177;-23.6249078 -46.6070313;274;64;89
8;Thu Mar 14 21:13:46 2019;-23.6272805616842,-46.6063075256665;-23.6249038312799,-46.6070155404753;-23.6272832 -46.6063177;-23.6249078 -46.6070313;274;64;89
9;Thu Mar 14 21:14:46 2019;-23.6272805616842,-46.6063075256665;-23.6249038312799,-46.6070155404753;-23.6272832 -46.6063177;-23.6249078 -46.6070313;274;64;89
10;Thu Mar 14 21:15:47 2019;-23.6272805616842,-46.6063075256665;-23.6249038312799,-46.6070155404753;-23.6272832 -46.6063177;-23.6249078 -46.6070313;274;64;89
11;Thu Mar 14 21:16:46 2019;-23.6272805616842,-46.6063075256665;-23.6249038312799,-46.6070155404753;-23.6272832 -46.6063177;-23.6249078 -46.6070313;274;64;89
12;Thu Mar 14 21:17:46 2019;-23.6272805616842,-46.6063075256665;-23.6249038312799,-46.6070155404753;-23.6272832 -46.6063177;-23.6249078 -46.6070313;274;64;89
13;Thu Mar 14 21:18:46 2019;-23.6272805616842,-46.6063075256665;-23.6249038312799,-46.6070155404753;-23.6272832 -46.6063177;-23.6249078 -46.6070313;274;64;89
14;Thu Mar 14 21:19:47 2019;-23.6272805616842,-46.6063075256665;-23.6249038312799,-46.6070155404753;-23.6272832 -46.6063177;-23.6249078 -46.6070313;274;64;89
15;Thu Mar 14 21:20:47 2019;-23.6272805616842,-46.6063075256665;-23.6249038312799,-46.6070155404753;-23.6272832 -46.6063177;-23.6249078 -46.6070313;274;64;89
16;Thu Mar 14 21:21:47 2019;-23.6272805616842,-46.6063075256665;-23.6249038312799,-46.6070155404753;-23.6272832 -46.6063177;-23.6249078 -46.6070313;274;64;93
17;Thu Mar 14 21:22:46 2019;-23.6272805616842,-46.6063075256665;-23.6249038312799,-46.6070155404753;-23.6272832 -46.6063177;-23.6249078 -46.6070313;274;64;94
18;Thu Mar 14 21:23:46 2019;-23.6272805616842,-46.6063075256665;-23.6249038312799,-46.6070155404753;-23.6272832 -46.6063177;-23.6249078 -46.6070313;274;64;94
19;Thu Mar 14 21:24:46 2019;-23.6272805616842,-46.6063075256665;-23.6249038312799,-46.6070155404753;-23.6272832 -46.6063177;-23.6249078 -46.6070313;274;64;94
20;Thu Mar 14 21:25:46 2019;-23.6272805616842,-46.6063075256665;-23.6249038312799,-46.6070155404753;-23.6272832 -46.6063177;-23.6249078 -46.6070313;274;64;94
21;Thu Mar 14 21:26:47 2019;-23.6272805616842,-46.6063075256665;-23.6249038312799,-46.6070155404753;-23.6272832 -46.6063177;-23.6249078 -46.6070313;274;64;94
22;Thu Mar 14 21:27:46 2019;-23.6272805616842,-46.6063075256665;-23.6249038312799,-46.6070155404753;-23.6272832 -46.6063177;-23.6249078 -46.6070313;274;64;94
23;Thu Mar 14 21:28:46 2019;-23.6272805616842,-46.6063075256665;-23.6249038312799,-46.6070155404753;-23.6272832 -46.6063177;-23.6249078 -46.6070313;274;64;94
24;Thu Mar 14 21:29:46 2019;-23.6272805616842,-46.6063075256665;-23.6249038312799,-46.6070155404753;-23.6272832 -46.6063177;-23.6249078 -46.6070313;274;64;94
25;Thu Mar 14 21:30:46 2019;-23.6272805616842,-46.6063075256665;-23.6249038312799,-46.6070155404753;-23.6272832 -46.6063177;-23.6249078 -46.6070313;274;64;94
26;Thu Mar 14 21:31:46 2019;-23.6272805616842,-46.6063075256665;-23.6249038312799,-46.6070155404753;-23.6272832 -46.6063177;-23.6249078 -46.6070313;274;64;94
27;Thu Mar 14 21:32:46 2019;-23.6272805616842,-46.6063075256665;-23.6249038312799,-46.6070155404753;-23.6272832 -46.6063177;-23.6249078 -46.6070313;274;64;94
28;Thu Mar 14 21:33:46 2019;-23.6272805616842,-46.6063075256665;-23.6249038312799,-46.6070155404753;-23.6272832 -46.6063177;-23.6249078 -46.6070313;274;64;94
29;Thu Mar 14 21:34:46 2019;-23.6272805616842,-46.6063075256665;-23.6249038312799,-46.6070155404753;-23.6272832 -46.6063177;-23.6249078 -46.6070313;274;64;94
30;Thu Mar 14 21:35:46 2019;-23.6272805616842,-46.6063075256665;-23.6249038312799,-46.6070155404753;-23.6272832 -46.6063177;-23.6249078 -46.6070313;274;64;94
31;Thu Mar 14 21:36:46 2019;-23.6272805616842,-46.6063075256665;-23.6249038312799,-46.6070155404753;-23.6272832 -46.6063177;-23.6249078 -46.6070313;274;64;87
32;Thu Mar 14 21:37:46 2019;-23.6272805616842,-46.6063075256665;-23.6249038312799,-46.6070155404753;-23.6272832 -46.6063177;-23.6249078 -46.6070313;274;64;80
33;Thu Mar 14 21:38:46 2019;-23.6272805616842,-46.6063075256665;-23.6249038312799,-46.6070155404753;-23.6272832 -46.6063177;-23.6249078 -46.6070313;274;64;80
34;Thu Mar 14 21:39:46 2019;-23.6272805616842,-46.6063075256665;-23.6249038312799,-46.6070155404753;-23.6272832 -46.6063177;-23.6249078 -46.6070313;274;64;80
35;Thu Mar 14 21:40:46 2019;-23.6272805616842,-46.6063075256665;-23.6249038312799,-46.6070155404753;-23.6272832 -46.6063177;-23.6249078 -46.6070313;274;64;80
36;Thu Mar 14 21:41:46 2019;-23.6272805616842,-46.6063075256665;-23.6249038312799,-46.6070155404753;-23.6272832 -46.6063177;-23.6249078 -46.6070313;274;64;80
37;Thu Mar 14 21:42:46 2019;-23.6272805616842,-46.6063075256665;-23.6249038312799,-46.6070155404753;-23.6272832 -46.6063177;-23.6249078 -46.6070313;274;64;80
38;Thu Mar 14 21:43:46 2019;-23.6272805616842,-46.6063075256665;-23.6249038312799,-46.6070155404753;-23.6272832 -46.6063177;-23.6249078 -46.6070313;274;64;80
39;Thu Mar 14 21:44:46 2019;-23.6272805616842,-46.6063075256665;-23.6249038312799,-46.6070155404753;-23.6272832 -46.6063177;-23.6249078 -46.6070313;274;64;80
40;Thu Mar 14 21:45:46 2019;-23.6272805616842,-46.6063075256665;-23.6249038312799,-46.6070155404753;-23.6272832 -46.6063177;-23.6249078 -46.6070313;274;64;80
41;Thu Mar 14 21:46:46 2019;-23.6272805616842,-46.6063075256665;-23.6249038312799,-46.6070155404753;-23.6272832 -46.6063177;-23.6249078 -46.6070313;274;64;80
42;Thu Mar 14 21:47:46 2019;-23.6272805616842,-46.6063075256665;-23.6249038312799,-46.6070155404753;-23.6272832 -46.6063177;-23.6249078 -46.6070313;274;64;80
43;Thu Mar 14 21:48:47 2019;-23.6272805616842,-46.6063075256665;-23.6249038312799,-46.6070155404753;-23.6272832 -46.6063177;-23.6249078 -46.6070313;274;64;80
44;Thu Mar 14 21:49:46 2019;-23.6272805616842,-46.6063075256665;-23.6249038312799,-46.6070155404753;-23.6272832 -46.6063177;-23.6249078 -46.6070313;274;64;80
45;Thu Mar 14 21:50:46 2019;-23.6272805616842,-46.6063075256665;-23.6249038312799,-46.6070155404753;-23.6272832 -46.6063177;-23.6249078 -46.6070313;274;64;80
46;Thu Mar 14 21:51:46 2019;-23.6272805616842,-46.6063075256665;-23.6249038312799,-46.6070155404753;-23.6272832 -46.6063177;-23.6249078 -46.6070313;274;64;79
47;Thu Mar 14 21:52:46 2019;-23.6272805616842,-46.6063075256665;-23.6249038312799,-46.6070155404753;-23.6272832 -46.6063177;-23.6249078 -46.6070313;274;64;73
48;Thu Mar 14 21:53:46 2019;-23.6272805616842,-46.6063075256665;-23.6249038312799,-46.6070155404753;-23.6272832 -46.6063177;-23.6249078 -46.6070313;274;64;73
49;Thu Mar 14 21:54:46 2019;-23.6272805616842,-46.6063075256665;-23.6249038312799,-46.6070155404753;-23.6272832 -46.6063177;-23.6249078 -46.6070313;274;64;73
50;Thu Mar 14 21:55:46 2019;-23.6272805616842,-46.6063075256665;-23.6249038312799,-46.6070155404753;-23.6272832 -46.6063177;-23.6249078 -46.6070313;274;64;73
51;Thu Mar 14 21:56:47 2019;-23.6272805616842,-46.6063075256665;-23.6249038312799,-46.6070155404753;-23.6272832 -46.6063177;-23.6249078 -46.6070313;274;64;73
52;Thu Mar 14 21:57:46 2019;-23.6272805616842,-46.6063075256665;-23.6249038312799,-46.6070155404753;-23.6272832 -46.6063177;-23.6249078 -46.6070313;274;64;73
53;Thu Mar 14 21:58:46 2019;-23.6272805616842,-46.6063075256665;-23.6249038312799,-46.6070155404753;-23.6272832 -46.6063177;-23.6249078 -46.6070313;274;64;73
54;Thu Mar 14 21:59:46 2019;-23.6272805616842,-46.6063075256665;-23.6249038312799,-46.6070155404753;-23.6272832 -46.6063177;-23.6249078 -46.6070313;274;64;73
55;Thu Mar 14 22:00:46 2019;-23.6272805616842,-46.6063075256665;-23.6249038312799,-46.6070155404753;-23.6272832 -46.6063177;-23.6249078 -46.6070313;274;64;73
56;Thu Mar 14 22:01:46 2019;-23.6272805616842,-46.6063075256665;-23.6249038312799,-46.6070155404753;-23.6272832 -46.6063177;-23.6249078 -46.6070313;274;64;73
57;Thu Mar 14 22:02:46 2019;-23.6272805616842,-46.6063075256665;-23.6249038312799,-46.6070155404753;-23.6272832 -46.6063177;-23.6249078 -46.6070313;274;64;73
58;Thu Mar 14 22:03:46 2019;-23.6272805616842,-46.6063075256665;-23.6249038312799,-46.6070155404753;-23.6272832 -46.6063177;-23.6249078 -46.6070313;274;64;73
59;Thu Mar 14 22:04:46 2019;-23.6272805616842,-46.6063075256665;-23.6249038312799,-46.6070155404753;-23.6272832 -46.6063177;-23.6249078 -46.6070313;274;64;73
60;Thu Mar 14 22:05:46 2019;-23.6272805616842,-46.6063075256665;-23.6249038312799,-46.6070155404753;-23.6272832 -46.6063177;-23.6249078 -46.6070313;274;64;73
61;Thu Mar 14 22:06:47 2019;-23.6272805616842,-46.6063075256665;-23.6249038312799,-46.6070155404753;-23.6272832 -46.6063177;-23.6249078 -46.6070313;274;64;76
62;Thu Mar 14 22:07:46 2019;-23.6272805616842,-46.6063075256665;-23.6249038312799,-46.6070155404753;-23.6272832 -46.6063177;-23.6249078 -46.6070313;274;64;77
63;Thu Mar 14 22:08:46 2019;-23.6272805616842,-46.6063075256665;-23.6249038312799,-46.6070155404753;-23.6272832 -46.6063177;-23.6249078 -46.6070313;274;64;77
64;Thu Mar 14 22:09:46 2019;-23.6272805616842,-46.6063075256665;-23.6249038312799,-46.6070155404753;-23.6272832 -46.6063177;-23.6249078 -46.6070313;274;64;77
65;Thu Mar 14 22:10:46 2019;-23.6272805616842,-46.6063075256665;-23.6249038312799,-46.6070155404753;-23.6272832 -46.6063177;-23.6249078 -46.6070313;274;64;77
66;Thu Mar 14 22:11:46 2019;-23.6272805616842,-46.6063075256665;-23.6249038312799,-46.6070155404753;-23.6272832 -46.6063177;-23.6249078 -46.6070313;274;64;77
67;Thu Mar 14 22:12:46 2019;-23.6272805616842,-46.6063075256665;-23.6249038312799,-46.6070155404753;-23.6272832 -46.6063177;-23.6249078 -46.6070313;274;64;77
68;Thu Mar 14 22:13:46 2019;-23.6272805616842,-46.6063075256665;-23.6249038312799,-46.6070155404753;-23.6272832 -46.6063177;-23.6249078 -46.6070313;274;64;77
69;Thu Mar 14 22:14:46 2019;-23.6272805616842,-46.6063075256665;-23.6249038312799,-46.6070155404753;-23.6272832 -46.6063177;-23.6249078 -46.6070313;274;64;77
70;Thu Mar 14 22:15:46 2019;-23.6272805616842,-46.6063075256665;-23.6249038312799,-46.6070155404753;-23.6272832 -46.6063177;-23.6249078 -46.6070313;274;64;77
71;Thu Mar 14 22:16:46 2019;-23.6272805616842,-46.6063075256665;-23.6249038312799,-46.6070155404753;-23.6272832 -46.6063177;-23.6249078 -46.6070313;274;64;77
72;Thu Mar 14 22:17:46 2019;-23.6272805616842,-46.6063075256665;-23.6249038312799,-46.6070155404753;-23.6272832 -46.6063177;-23.6249078 -46.6070313;274;64;77
73;Thu Mar 14 22:18:46 2019;-23.6272805616842,-46.6063075256665;-23.6249038312799,-46.6070155404753;-23.6272832 -46.6063177;-23.6249078 -46.6070313;274;64;77
74;Thu Mar 14 22:19:46 2019;-23.6272805616842,-46.6063075256665;-23.6249038312799,-46.6070155404753;-23.6272832 -46.6063177;-23.6249078 -46.6070313;274;64;77
75;Thu Mar 14 22:20:46 2019;-23.6272805616842,-46.6063075256665;-23.6249038312799,-46.6070155404753;-23.6272832 -46.6063177;-23.6249078 -46.6070313;274;64;77
76;Thu Mar 14 22:21:46 2019;-23.6272805616842,-46.6063075256665;-23.6249038312799,-46.6070155404753;-23.6272832 -46.6063177;-23.6249078 -46.6070313;274;64;80
77;Thu Mar 14 22:22:46 2019;-23.6272805616842,-46.6063075256665;-23.6249038312799,-46.6070155404753;-23.6272832 -46.6063177;-23.6249078 -46.6070313;274;64;80
78;Thu Mar 14 22:23:46 2019;-23.6272805616842,-46.6063075256665;-23.6249038312799,-46.6070155404753;-23.6272832 -46.6063177;-23.6249078 -46.6070313;274;64;80
79;Thu Mar 14 22:24:46 2019;-23.6272805616842,-46.6063075256665;-23.6249038312799,-46.6070155404753;-23.6272832 -46.6063177;-23.6249078 -46.6070313;274;64;80
80;Thu Mar 14 22:25:46 2019;-23.6272805616842,-46.6063075256665;-23.6249038312799,-46.6070155404753;-23.6272832 -46.6063177;-23.6249078 -46.6070313;274;64;80
81;Thu Mar 14 22:26:46 2019;-23.6272805616842,-46.6063075256665;-23.6249038312799,-46.6070155404753;-23.6272832 -46.6063177;-23.6249078 -46.6070313;274;64;80
82;Thu Mar 14 22:27:46 2019;-23.6272805616842,-46.6063075256665;-23.6249038312799,-46.6070155404753;-23.6272832 -46.6063177;-23.6249078 -46.6070313;274;64;80
83;Thu Mar 14 22:28:46 2019;-23.6272805616842,-46.6063075256665;-23.6249038312799,-46.6070155404753;-23.6272832 -46.6063177;-23.6249078 -46.6070313;274;64;80
84;Thu Mar 14 22:29:46 2019;-23.6272805616842,-46.6063075256665;-23.6249038312799,-46.6070155404753;-23.6272832 -46.6063177;-23.6249078 -46.6070313;274;64;80
85;Thu Mar 14 22:30:46 2019;-23.6272805616842,-46.6063075256665;-23.6249038312799,-46.6070155404753;-23.6272832 -46.6063177;-23.6249078 -46.6070313;274;64;80
86;Thu Mar 14 22:31:46 2019;-23.6272805616842,-46.6063075256665;-23.6249038312799,-46.6070155404753;-23.6272832 -46.6063177;-23.6249078 -46.6070313;274;64;80
87;Thu Mar 14 22:32:46 2019;-23.6272805616842,-46.6063075256665;-23.6249038312799,-46.6070155404753;-23.6272832 -46.6063177;-23.6249078 -46.6070313;274;64;80
88;Thu Mar 14 22:33:46 2019;-23.6272805616842,-46.6063075256665;-23.6249038312799,-46.6070155404753;-23.6272832 -46.6063177;-23.6249078 -46.6070313;274;64;80
89;Thu Mar 14 22:34:46 2019;-23.6272805616842,-46.6063075256665;-23.6249038312799,-46.6070155404753;-23.6272832 -46.6063177;-23.6249078 -46.6070313;274;64;80
90;Thu Mar 14 22:35:46 2019;-23.6272805616842,-46.6063075256665;-23.6249038312799,-46.6070155404753;-23.6272832 -46.6063177;-23.6249078 -46.6070313;274;64;80
91;Thu Mar 14 22:36:46 2019;-23.6272805616842,-46.6063075256665;-23.6249038312799,-46.6070155404753;-23.6272832 -46.6063177;-23.6249078 -46.6070313;274;64;75
92;Thu Mar 14 22:37:46 2019;-23.6272805616842,-46.6063075256665;-23.6249038312799,-46.6070155404753;-23.6272832 -46.6063177;-23.6249078 -46.6070313;274;64;74
93;Thu Mar 14 22:38:47 2019;-23.6272805616842,-46.6063075256665;-23.6249038312799,-46.6070155404753;-23.6272832 -46.6063177;-23.6249078 -46.6070313;274;64;74
94;Thu Mar 14 22:39:46 2019;-23.6272805616842,-46.6063075256665;-23.6249038312799,-46.6070155404753;-23.6272832 -46.6063177;-23.6249078 -46.6070313;274;64;74
95;Thu Mar 14 22:40:46 2019;-23.6272805616842,-46.6063075256665;-23.6249038312799,-46.6070155404753;-23.6272832 -46.6063177;-23.6249078 -46.6070313;274;64;74
96;Thu Mar 14 22:41:46 2019;-23.6272805616842,-46.6063075256665;-23.6249038312799,-46.6070155404753;-23.6272832 -46.6063177;-23.6249078 -46.6070313;274;64;74
97;Thu Mar 14 22:42:46 2019;-23.6272805616842,-46.6063075256665;-23.6249038312799,-46.6070155404753;-23.6272832 -46.6063177;-23.6249078 -46.6070313;274;64;74
98;Thu Mar 14 22:43:46 2019;-23.6272805616842,-46.6063075256665;-23.6249038312799,-46.6070155404753;-23.6272832 -46.6063177;-23.6249078 -46.6070313;274;64;74
99;Thu Mar 14 22:44:46 2019;-23.6272805616842,-46.6063075256665;-23.6249038312799,-46.6070155404753;-23.6272832 -46.6063177;-23.6249078 -46.6070313;274;64;74
100;Thu Mar 14 22:45:46 2019;-23.6272805616842,-46.6063075256665;-23.6249038312799,-46.6070155404753;-23.6272832 -46.6063177;-23.6249078 -46.6070313;274;64;74
101;Thu Mar 14 22:46:46 2019;-23.6272805616842,-46.6063075256665;-23.6249038312799,-46.6070155404753;-23.6272832 -46.6063177;-23.6249078 -46.6070313;274;64;74
102;Thu Mar 14 22:47:46 2019;-23.6272805616842,-46.6063075256665;-23.6249038312799,-46.6070155404753;-23.6272832 -46.6063177;-23.6249078 -46.6070313;274;64;74
103;Thu Mar 14 22:48:46 2019;-23.6272805616842,-46.6063075256665;-23.6249038312799,-46.6070155404753;-23.6272832 -46.6063177;-23.6249078 -46.6070313;274;64;74
104;Thu Mar 14 22:49:46 2019;-23.6272805616842,-46.6063075256665;-23.6249038312799,-46.6070155404753;-23.6272832 -46.6063177;-23.6249078 -46.6070313;274;64;74
105;Thu Mar 14 22:50:46 2019;-23.6272805616842,-46.6063075256665;-23.6249038312799,-46.6070155404753;-23.6272832 -46.6063177;-23.6249078 -46.6070313;274;64;74
106;Thu Mar 14 22:51:46 2019;-23.6272805616842,-46.6063075256665;-23.6249038312799,-46.6070155404753;-23.6272832 -46.6063177;-23.6249078 -46.6070313;274;64;71
107;Thu Mar 14 22:52:46 2019;-23.6272805616842,-46.6063075256665;-23.6249038312799,-46.6070155404753;-23.6272832 -46.6063177;-23.6249078 -46.6070313;274;64;69
108;Thu Mar 14 22:53:46 2019;-23.6272805616842,-46.6063075256665;-23.6249038312799,-46.6070155404753;-23.6272832 -46.6063177;-23.6249078 -46.6070313;274;64;69
109;Thu Mar 14 22:54:46 2019;-23.6272805616842,-46.6063075256665;-23.6249038312799,-46.6070155404753;-23.6272832 -46.6063177;-23.6249078 -46.6070313;274;64;69
110;Thu Mar 14 22:55:46 2019;-23.6272805616842,-46.6063075256665;-23.6249038312799,-46.6070155404753;-23.6272832 -46.6063177;-23.6249078 -46.6070313;274;64;69
111;Thu Mar 14 22:56:47 2019;-23.6272805616842,-46.6063075256665;-23.6249038312799,-46.6070155404753;-23.6272832 -46.6063177;-23.6249078 -46.6070313;274;64;69
112;Thu Mar 14 22:57:46 2019;-23.6272805616842,-46.6063075256665;-23.6249038312799,-46.6070155404753;-23.6272832 -46.6063177;-23.6249078 -46.6070313;274;64;69
113;Thu Mar 14 22:58:46 2019;-23.6272805616842,-46.6063075256665;-23.6249038312799,-46.6070155404753;-23.6272832 -46.6063177;-23.6249078 -46.6070313;274;64;69
114;Thu Mar 14 22:59:46 2019;-23.6272805616842,-46.6063075256665;-23.6249038312799,-46.6070155404753;-23.6272832 -46.6063177;-23.6249078 -46.6070313;274;64;69
115;Thu Mar 14 23:00:46 2019;-23.6272805616842,-46.6063075256665;-23.6249038312799,-46.6070155404753;-23.6272832 -46.6063177;-23.6249078 -46.6070313;274;64;69
116;Thu Mar 14 23:01:46 2019;-23.6272805616842,-46.6063075256665;-23.6249038312799,-46.6070155404753;-23.6272832 -46.6063177;-23.6249078 -46.6070313;274;64;69
117;Thu Mar 14 23:02:46 2019;-23.6272805616842,-46.6063075256665;-23.6249038312799,-46.6070155404753;-23.6272832 -46.6063177;-23.6249078 -46.6070313;274;64;69
118;Thu Mar 14 23:03:46 2019;-23.6272805616842,-46.6063075256665;-23.6249038312799,-46.6070155404753;-23.6272832 -46.6063177;-23.6249078 -46.6070313;274;64;69
119;Thu Mar 14 23:04:46 2019;-23.6272805616842,-46.6063075256665;-23.6249038312799,-46.6070155404753;-23.6272832 -46.6063177;-23.6249078 -46.6070313;274;64;69
120;Thu Mar 14 23:05:46 2019;-23.6272805616842,-46.6063075256665;-23.6249038312799,-46.6070155404753;-23.6272832 -46.6063177;-23.6249078 -46.6070313;274;64;69
121;Thu Mar 14 23:06:46 2019;-23.6272805616842,-46.6063075256665;-23.6249038312799,-46.6070155404753;-23.6272832 -46.6063177;-23.6249078 -46.6070313;274;64;69
122;Thu Mar 14 23:07:46 2019;-23.6272805616842,-46.6063075256665;-23.6249038312799,-46.6070155404753;-23.6272832 -46.6063177;-23.6249078 -46.6070313;274;64;70
123;Thu Mar 14 23:08:46 2019;-23.6272805616842,-46.6063075256665;-23.6249038312799,-46.6070155404753;-23.6272832 -46.6063177;-23.6249078 -46.6070313;274;64;70
124;Thu Mar 14 23:09:46 2019;-23.6272805616842,-46.6063075256665;-23.6249038312799,-46.6070155404753;-23.6272832 -46.6063177;-23.6249078 -46.6070313;274;64;70
125;Thu Mar 14 23:10:46 2019;-23.6272805616842,-46.6063075256665;-23.6249038312799,-46.6070155404753;-23.6272832 -46.6063177;-23.6249078 -46.6070313;274;64;70
126;Thu Mar 14 23:11:46 2019;-23.6272805616842,-46.6063075256665;-23.6249038312799,-46.6070155404753;-23.6272832 -46.6063177;-23.6249078 -46.6070313;274;64;70
127;Thu Mar 14 23:12:46 2019;-23.6272805616842,-46.6063075256665;-23.6249038312799,-46.6070155404753;-23.6272832 -46.6063177;-23.6249078 -46.6070313;274;64;70
128;Thu Mar 14 23:13:46 2019;-23.6272805616842,-46.6063075256665;-23.6249038312799,-46.6070155404753;-23.6272832 -46.6063177;-23.6249078 -46.6070313;274;64;70
129;Thu Mar 14 23:14:46 2019;-23.6272805616842,-46.6063075256665;-23.6249038312799,-46.6070155404753;-23.6272832 -46.6063177;-23.6249078 -46.6070313;274;64;70
130;Thu Mar 14 23:15:46 2019;-23.6272805616842,-46.6063075256665;-23.6249038312799,-46.6070155404753;-23.6272832 -46.6063177;-23.6249078 -46.6070313;274;64;70
131;Thu Mar 14 23:16:46 2019;-23.6272805616842,-46.6063075256665;-23.6249038312799,-46.6070155404753;-23.6272832 -46.6063177;-23.6249078 -46.6070313;274;64;70
132;Thu Mar 14 23:17:46 2019;-23.6272805616842,-46.6063075256665;-23.6249038312799,-46.6070155404753;-23.6272832 -46.6063177;-23.6249078 -46.6070313;274;64;70
133;Thu Mar 14 23:18:46 2019;-23.6272805616842,-46.6063075256665;-23.6249038312799,-46.6070155404753;-23.6272832 -46.6063177;-23.6249078 -46.6070313;274;64;70
134;Thu Mar 14 23:19:46 2019;-23.6272805616842,-46.6063075256665;-23.6249038312799,-46.6070155404753;-23.6272832 -46.6063177;-23.6249078 -46.6070313;274;64;70
135;Thu Mar 14 23:20:46 2019;-23.6272805616842,-46.6063075256665;-23.6249038312799,-46.6070155404753;-23.6272832 -46.6063177;-23.6249078 -46.6070313;274;64;70
136;Thu Mar 14 23:21:46 2019;-23.6272805616842,-46.6063075256665;-23.6249038312799,-46.6070155404753;-23.6272832 -46.6063177;-23.6249078 -46.6070313;274;64;70
137;Thu Mar 14 23:22:46 2019;-23.6272805616842,-46.6063075256665;-23.6249038312799,-46.6070155404753;-23.6272832 -46.6063177;-23.6249078 -46.6070313;274;64;67
138;Thu Mar 14 23:23:46 2019;-23.6272805616842,-46.6063075256665;-23.6249038312799,-46.6070155404753;-23.6272832 -46.6063177;-23.6249078 -46.6070313;274;64;67
139;Thu Mar 14 23:24:46 2019;-23.6272805616842,-46.6063075256665;-23.6249038312799,-46.6070155404753;-23.6272832 -46.6063177;-23.6249078 -46.6070313;274;64;67
140;Thu Mar 14 23:25:46 2019;-23.6272805616842,-46.6063075256665;-23.6249038312799,-46.6070155404753;-23.6272832 -46.6063177;-23.6249078 -46.6070313;274;64;67
141;Thu Mar 14 23:26:47 2019;-23.6272805616842,-46.6063075256665;-23.6249038312799,-46.6070155404753;-23.6272832 -46.6063177;-23.6249078 -46.6070313;274;64;67
142;Thu Mar 14 23:27:46 2019;-23.6272805616842,-46.6063075256665;-23.6249038312799,-46.6070155404753;-23.6272832 -46.6063177;-23.6249078 -46.6070313;274;64;67
143;Thu Mar 14 23:28:46 2019;-23.6272805616842,-46.6063075256665;-23.6249038312799,-46.6070155404753;-23.6272832 -46.6063177;-23.6249078 -46.6070313;274;64;67
144;Thu Mar 14 23:29:46 2019;-23.6272805616842,-46.6063075256665;-23.6249038312799,-46.6070155404753;-23.6272832 -46.6063177;-23.6249078 -46.6070313;274;64;67
145;Thu Mar 14 23:30:46 2019;-23.6272805616842,-46.6063075256665;-23.6249038312799,-46.6070155404753;-23.6272832 -46.6063177;-23.6249078 -46.6070313;274;64;67
146;Thu Mar 14 23:31:46 2019;-23.6272805616842,-46.6063075256665;-23.6249038312799,-46.6070155404753;-23.6272832 -46.6063177;-23.6249078 -46.6070313;274;64;67
147;Thu Mar 14 23:32:46 2019;-23.6272805616842,-46.6063075256665;-23.6249038312799,-46.6070155404753;-23.6272832 -46.6063177;-23.6249078 -46.6070313;274;64;67
148;Thu Mar 14 23:33:46 2019;-23.6272805616842,-46.6063075256665;-23.6249038312799,-46.6070155404753;-23.6272832 -46.6063177;-23.6249078 -46.6070313;274;64;67
149;Thu Mar 14 23:34:46 2019;-23.6272805616842,-46.6063075256665;-23.6249038312799,-46.6070155404753;-23.6272832 -46.6063177;-23.6249078 -46.6070313;274;64;67
150;Thu Mar 14 23:35:46 2019;-23.6272805616842,-46.6063075256665;-23.6249038312799,-46.6070155404753;-23.6272832 -46.6063177;-23.6249078 -46.6070313;274;64;67
151;Thu Mar 14 23:36:46 2019;-23.6272805616842,-46.6063075256665;-23.6249038312799,-46.6070155404753;-23.6272832 -46.6063177;-23.6249078 -46.6070313;274;64;67
152;Thu Mar 14 23:37:46 2019;-23.6272805616842,-46.6063075256665;-23.6249038312799,-46.6070155404753;-23.6272832 -46.6063177;-23.6249078 -46.6070313;274;64;66
153;Thu Mar 14 23:38:46 2019;-23.6272805616842,-46.6063075256665;-23.6249038312799,-46.6070155404753;-23.6272832 -46.6063177;-23.6249078 -46.6070313;274;64;66
154;Thu Mar 14 23:39:46 2019;-23.6272805616842,-46.6063075256665;-23.6249038312799,-46.6070155404753;-23.6272832 -46.6063177;-23.6249078 -46.6070313;274;64;66
155;Thu Mar 14 23:40:46 2019;-23.6272805616842,-46.6063075256665;-23.6249038312799,-46.6070155404753;-23.6272832 -46.6063177;-23.6249078 -46.6070313;274;64;66
156;Thu Mar 14 23:41:46 2019;-23.6272805616842,-46.6063075256665;-23.6249038312799,-46.6070155404753;-23.6272832 -46.6063177;-23.6249078 -46.6070313;274;64;66
157;Thu Mar 14 23:42:46 2019;-23.6272805616842,-46.6063075256665;-23.6249038312799,-46.6070155404753;-23.6272832 -46.6063177;-23.6249078 -46.6070313;274;64;66
158;Thu Mar 14 23:43:46 2019;-23.6272805616842,-46.6063075256665;-23.6249038312799,-46.6070155404753;-23.6272832 -46.6063177;-23.6249078 -46.6070313;274;64;66
159;Thu Mar 14 23:44:46 2019;-23.6272805616842,-46.6063075256665;-23.6249038312799,-46.6070155404753;-23.6272832 -46.6063177;-23.6249078 -46.6070313;274;64;66
160;Thu Mar 14 23:45:46 2019;-23.6272805616842,-46.6063075256665;-23.6249038312799,-46.6070155404753;-23.6272832 -46.6063177;-23.6249078 -46.6070313;274;64;66
161;Thu Mar 14 23:46:47 2019;-23.6272805616842,-46.6063075256665;-23.6249038312799,-46.6070155404753;-23.6272832 -46.6063177;-23.6249078 -46.6070313;274;64;66
162;Thu Mar 14 23:47:46 2019;-23.6272805616842,-46.6063075256665;-23.6249038312799,-46.6070155404753;-23.6272832 -46.6063177;-23.6249078 -46.6070313;274;64;66
163;Thu Mar 14 23:48:46 2019;-23.6272805616842,-46.6063075256665;-23.6249038312799,-46.6070155404753;-23.6272832 -46.6063177;-23.6249078 -46.6070313;274;64;66
164;Thu Mar 14 23:49:46 2019;-23.6272805616842,-46.6063075256665;-23.6249038312799,-46.6070155404753;-23.6272832 -46.6063177;-23.6249078 -46.6070313;274;64;66
165;Thu Mar 14 23:50:46 2019;-23.6272805616842,-46.6063075256665;-23.6249038312799,-46.6070155404753;-23.6272832 -46.6063177;-23.6249078 -46.6070313;274;64;66
166;Thu Mar 14 23:51:46 2019;-23.6272805616842,-46.6063075256665;-23.6249038312799,-46.6070155404753;-23.6272832 -46.6063177;-23.6249078 -46.6070313;274;64;66
167;Thu Mar 14 23:52:46 2019;-23.6272805616842,-46.6063075256665;-23.6249038312799,-46.6070155404753;-23.6272832 -46.6063177;-23.6249078 -46.6070313;274;64;66
168;Thu Mar 14 23:53:46 2019;-23.6272805616842,-46.6063075256665;-23.6249038312799,-46.6070155404753;-23.6272832 -46.6063177;-23.6249078 -46.6070313;274;64;66
169;Thu Mar 14 23:54:46 2019;-23.6272805616842,-46.6063075256665;-23.6249038312799,-46.6070155404753;-23.6272832 -46.6063177;-23.6249078 -46.6070313;274;64;66
170;Thu Mar 14 23:55:46 2019;-23.6272805616842,-46.6063075256665;-23.6249038312799,-46.6070155404753;-23.6272832 -46.6063177;-23.6249078 -46.6070313;274;64;66
171;Thu Mar 14 23:56:46 2019;-23.6272805616842,-46.6063075256665;-23.6249038312799,-46.6070155404753;-23.6272832 -46.6063177;-23.6249078 -46.6070313;274;64;66
172;Thu Mar 14 23:57:46 2019;-23.6272805616842,-46.6063075256665;-23.6249038312799,-46.6070155404753;-23.6272832 -46.6063177;-23.6249078 -46.6070313;274;64;66
173;Thu Mar 14 23:58:46 2019;-23.6272805616842,-46.6063075256665;-23.6249038312799,-46.6070155404753;-23.6272832 -46.6063177;-23.6249078 -46.6070313;274;64;66
174;Thu Mar 14 23:59:46 2019;-23.6272805616842,-46.6063075256665;-23.6249038312799,-46.6070155404753;-23.6272832 -46.6063177;-23.6249078 -46.6070313;274;64;66
