38972;Thu Mar 14 00:00:33 2019;-23.6174264740262,-46.6102740696322;-23.614298869195,-46.6091920964885;-23.6174165 -46.610301;-23.6143001 -46.609187;366;47;41
39213;Thu Mar 14 04:01:33 2019;-23.6174264740262,-46.6102740696322;-23.614298869195,-46.6091920964885;-23.6174165 -46.610301;-23.6143001 -46.609187;366;47;45
39214;Thu Mar 14 04:02:33 2019;-23.6174264740262,-46.6102740696322;-23.614298869195,-46.6091920964885;-23.6174165 -46.610301;-23.6143001 -46.609187;366;47;45
39215;Thu Mar 14 04:03:34 2019;-23.6174264740262,-46.6102740696322;-23.614298869195,-46.6091920964885;-23.6174165 -46.610301;-23.6143001 -46.609187;366;47;45
39216;Thu Mar 14 04:04:33 2019;-23.6174264740262,-46.6102740696322;-23.614298869195,-46.6091920964885;-23.6174165 -46.610301;-23.6143001 -46.609187;366;47;45
39217;Thu Mar 14 04:05:34 2019;-23.6174264740262,-46.6102740696322;-23.614298869195,-46.6091920964885;-23.6174165 -46.610301;-23.6143001 -46.609187;366;47;45
39218;Thu Mar 14 04:06:34 2019;-23.6174264740262,-46.6102740696322;-23.614298869195,-46.6091920964885;-23.6174165 -46.610301;-23.6143001 -46.609187;366;47;45
39219;Thu Mar 14 04:07:33 2019;-23.6174264740262,-46.6102740696322;-23.614298869195,-46.6091920964885;-23.6174165 -46.610301;-23.6143001 -46.609187;366;47;44
39220;Thu Mar 14 04:08:34 2019;-23.6174264740262,-46.6102740696322;-23.614298869195,-46.6091920964885;-23.6174165 -46.610301;-23.6143001 -46.609187;366;47;44
39221;Thu Mar 14 04:09:33 2019;-23.6174264740262,-46.6102740696322;-23.614298869195,-46.6091920964885;-23.6174165 -46.610301;-23.6143001 -46.609187;366;47;44
1;Thu Mar 14 21:06:52 2019;-23.6174264740262,-46.6102740696322;-23.614298869195,-46.6091920964885;-23.6174165 -46.610301;-23.6143001 -46.609187;366;47;55
2;Thu Mar 14 21:07:47 2019;-23.6174264740262,-46.6102740696322;-23.614298869195,-46.6091920964885;-23.6174165 -46.610301;-23.6143001 -46.609187;366;47;68
3;Thu Mar 14 21:08:50 2019;-23.6174264740262,-46.6102740696322;-23.614298869195,-46.6091920964885;-23.6174165 -46.610301;-23.6143001 -46.609187;366;47;68
4;Thu Mar 14 21:09:47 2019;-23.6174264740262,-46.6102740696322;-23.614298869195,-46.6091920964885;-23.6174165 -46.610301;-23.6143001 -46.609187;366;47;68
5;Thu Mar 14 21:10:47 2019;-23.6174264740262,-46.6102740696322;-23.614298869195,-46.6091920964885;-23.6174165 -46.610301;-23.6143001 -46.609187;366;47;68
6;Thu Mar 14 21:11:46 2019;-23.6174264740262,-46.6102740696322;-23.614298869195,-46.6091920964885;-23.6174165 -46.610301;-23.6143001 -46.609187;366;47;68
7;Thu Mar 14 21:12:46 2019;-23.6174264740262,-46.6102740696322;-23.614298869195,-46.6091920964885;-23.6174165 -46.610301;-23.6143001 -46.609187;366;47;68
8;Thu Mar 14 21:13:46 2019;-23.6174264740262,-46.6102740696322;-23.614298869195,-46.6091920964885;-23.6174165 -46.610301;-23.6143001 -46.609187;366;47;68
9;Thu Mar 14 21:14:47 2019;-23.6174264740262,-46.6102740696322;-23.614298869195,-46.6091920964885;-23.6174165 -46.610301;-23.6143001 -46.609187;366;47;68
10;Thu Mar 14 21:15:47 2019;-23.6174264740262,-46.6102740696322;-23.614298869195,-46.6091920964885;-23.6174165 -46.610301;-23.6143001 -46.609187;366;47;68
11;Thu Mar 14 21:16:47 2019;-23.6174264740262,-46.6102740696322;-23.614298869195,-46.6091920964885;-23.6174165 -46.610301;-23.6143001 -46.609187;366;47;68
12;Thu Mar 14 21:17:47 2019;-23.6174264740262,-46.6102740696322;-23.614298869195,-46.6091920964885;-23.6174165 -46.610301;-23.6143001 -46.609187;366;47;68
13;Thu Mar 14 21:18:47 2019;-23.6174264740262,-46.6102740696322;-23.614298869195,-46.6091920964885;-23.6174165 -46.610301;-23.6143001 -46.609187;366;47;68
14;Thu Mar 14 21:19:47 2019;-23.6174264740262,-46.6102740696322;-23.614298869195,-46.6091920964885;-23.6174165 -46.610301;-23.6143001 -46.609187;366;47;68
15;Thu Mar 14 21:20:47 2019;-23.6174264740262,-46.6102740696322;-23.614298869195,-46.6091920964885;-23.6174165 -46.610301;-23.6143001 -46.609187;366;47;68
16;Thu Mar 14 21:21:48 2019;-23.6174264740262,-46.6102740696322;-23.614298869195,-46.6091920964885;-23.6174165 -46.610301;-23.6143001 -46.609187;366;47;67
17;Thu Mar 14 21:22:47 2019;-23.6174264740262,-46.6102740696322;-23.614298869195,-46.6091920964885;-23.6174165 -46.610301;-23.6143001 -46.609187;366;47;54
18;Thu Mar 14 21:23:47 2019;-23.6174264740262,-46.6102740696322;-23.614298869195,-46.6091920964885;-23.6174165 -46.610301;-23.6143001 -46.609187;366;47;54
19;Thu Mar 14 21:24:47 2019;-23.6174264740262,-46.6102740696322;-23.614298869195,-46.6091920964885;-23.6174165 -46.610301;-23.6143001 -46.609187;366;47;54
20;Thu Mar 14 21:25:46 2019;-23.6174264740262,-46.6102740696322;-23.614298869195,-46.6091920964885;-23.6174165 -46.610301;-23.6143001 -46.609187;366;47;54
21;Thu Mar 14 21:26:47 2019;-23.6174264740262,-46.6102740696322;-23.614298869195,-46.6091920964885;-23.6174165 -46.610301;-23.6143001 -46.609187;366;47;54
22;Thu Mar 14 21:27:46 2019;-23.6174264740262,-46.6102740696322;-23.614298869195,-46.6091920964885;-23.6174165 -46.610301;-23.6143001 -46.609187;366;47;54
23;Thu Mar 14 21:28:47 2019;-23.6174264740262,-46.6102740696322;-23.614298869195,-46.6091920964885;-23.6174165 -46.610301;-23.6143001 -46.609187;366;47;54
24;Thu Mar 14 21:29:47 2019;-23.6174264740262,-46.6102740696322;-23.614298869195,-46.6091920964885;-23.6174165 -46.610301;-23.6143001 -46.609187;366;47;54
25;Thu Mar 14 21:30:46 2019;-23.6174264740262,-46.6102740696322;-23.614298869195,-46.6091920964885;-23.6174165 -46.610301;-23.6143001 -46.609187;366;47;54
26;Thu Mar 14 21:31:46 2019;-23.6174264740262,-46.6102740696322;-23.614298869195,-46.6091920964885;-23.6174165 -46.610301;-23.6143001 -46.609187;366;47;54
27;Thu Mar 14 21:32:46 2019;-23.6174264740262,-46.6102740696322;-23.614298869195,-46.6091920964885;-23.6174165 -46.610301;-23.6143001 -46.609187;366;47;54
28;Thu Mar 14 21:33:47 2019;-23.6174264740262,-46.6102740696322;-23.614298869195,-46.6091920964885;-23.6174165 -46.610301;-23.6143001 -46.609187;366;47;54
29;Thu Mar 14 21:34:47 2019;-23.6174264740262,-46.6102740696322;-23.614298869195,-46.6091920964885;-23.6174165 -46.610301;-23.6143001 -46.609187;366;47;54
30;Thu Mar 14 21:35:46 2019;-23.6174264740262,-46.6102740696322;-23.614298869195,-46.6091920964885;-23.6174165 -46.610301;-23.6143001 -46.609187;366;47;54
31;Thu Mar 14 21:36:46 2019;-23.6174264740262,-46.6102740696322;-23.614298869195,-46.6091920964885;-23.6174165 -46.610301;-23.6143001 -46.609187;366;47;54
32;Thu Mar 14 21:37:46 2019;-23.6174264740262,-46.6102740696322;-23.614298869195,-46.6091920964885;-23.6174165 -46.610301;-23.6143001 -46.609187;366;47;46
33;Thu Mar 14 21:38:47 2019;-23.6174264740262,-46.6102740696322;-23.614298869195,-46.6091920964885;-23.6174165 -46.610301;-23.6143001 -46.609187;366;47;46
34;Thu Mar 14 21:39:46 2019;-23.6174264740262,-46.6102740696322;-23.614298869195,-46.6091920964885;-23.6174165 -46.610301;-23.6143001 -46.609187;366;47;46
35;Thu Mar 14 21:40:47 2019;-23.6174264740262,-46.6102740696322;-23.614298869195,-46.6091920964885;-23.6174165 -46.610301;-23.6143001 -46.609187;366;47;46
36;Thu Mar 14 21:41:46 2019;-23.6174264740262,-46.6102740696322;-23.614298869195,-46.6091920964885;-23.6174165 -46.610301;-23.6143001 -46.609187;366;47;46
37;Thu Mar 14 21:42:46 2019;-23.6174264740262,-46.6102740696322;-23.614298869195,-46.6091920964885;-23.6174165 -46.610301;-23.6143001 -46.609187;366;47;46
38;Thu Mar 14 21:43:46 2019;-23.6174264740262,-46.6102740696322;-23.614298869195,-46.6091920964885;-23.6174165 -46.610301;-23.6143001 -46.609187;366;47;46
39;Thu Mar 14 21:44:46 2019;-23.6174264740262,-46.6102740696322;-23.614298869195,-46.6091920964885;-23.6174165 -46.610301;-23.6143001 -46.609187;366;47;46
40;Thu Mar 14 21:45:46 2019;-23.6174264740262,-46.6102740696322;-23.614298869195,-46.6091920964885;-23.6174165 -46.610301;-23.6143001 -46.609187;366;47;46
41;Thu Mar 14 21:46:47 2019;-23.6174264740262,-46.6102740696322;-23.614298869195,-46.6091920964885;-23.6174165 -46.610301;-23.6143001 -46.609187;366;47;46
42;Thu Mar 14 21:47:46 2019;-23.6174264740262,-46.6102740696322;-23.614298869195,-46.6091920964885;-23.6174165 -46.610301;-23.6143001 -46.609187;366;47;46
43;Thu Mar 14 21:48:47 2019;-23.6174264740262,-46.6102740696322;-23.614298869195,-46.6091920964885;-23.6174165 -46.610301;-23.6143001 -46.609187;366;47;46
44;Thu Mar 14 21:49:46 2019;-23.6174264740262,-46.6102740696322;-23.614298869195,-46.6091920964885;-23.6174165 -46.610301;-23.6143001 -46.609187;366;47;46
45;Thu Mar 14 21:50:47 2019;-23.6174264740262,-46.6102740696322;-23.614298869195,-46.6091920964885;-23.6174165 -46.610301;-23.6143001 -46.609187;366;47;46
46;Thu Mar 14 21:51:46 2019;-23.6174264740262,-46.6102740696322;-23.614298869195,-46.6091920964885;-23.6174165 -46.610301;-23.6143001 -46.609187;366;47;46
47;Thu Mar 14 21:52:46 2019;-23.6174264740262,-46.6102740696322;-23.614298869195,-46.6091920964885;-23.6174165 -46.610301;-23.6143001 -46.609187;366;47;59
48;Thu Mar 14 21:53:46 2019;-23.6174264740262,-46.6102740696322;-23.614298869195,-46.6091920964885;-23.6174165 -46.610301;-23.6143001 -46.609187;366;47;59
49;Thu Mar 14 21:54:47 2019;-23.6174264740262,-46.6102740696322;-23.614298869195,-46.6091920964885;-23.6174165 -46.610301;-23.6143001 -46.609187;366;47;59
50;Thu Mar 14 21:55:46 2019;-23.6174264740262,-46.6102740696322;-23.614298869195,-46.6091920964885;-23.6174165 -46.610301;-23.6143001 -46.609187;366;47;59
51;Thu Mar 14 21:56:47 2019;-23.6174264740262,-46.6102740696322;-23.614298869195,-46.6091920964885;-23.6174165 -46.610301;-23.6143001 -46.609187;366;47;59
52;Thu Mar 14 21:57:46 2019;-23.6174264740262,-46.6102740696322;-23.614298869195,-46.6091920964885;-23.6174165 -46.610301;-23.6143001 -46.609187;366;47;59
53;Thu Mar 14 21:58:46 2019;-23.6174264740262,-46.6102740696322;-23.614298869195,-46.6091920964885;-23.6174165 -46.610301;-23.6143001 -46.609187;366;47;59
54;Thu Mar 14 21:59:46 2019;-23.6174264740262,-46.6102740696322;-23.614298869195,-46.6091920964885;-23.6174165 -46.610301;-23.6143001 -46.609187;366;47;59
55;Thu Mar 14 22:00:46 2019;-23.6174264740262,-46.6102740696322;-23.614298869195,-46.6091920964885;-23.6174165 -46.610301;-23.6143001 -46.609187;366;47;59
56;Thu Mar 14 22:01:47 2019;-23.6174264740262,-46.6102740696322;-23.614298869195,-46.6091920964885;-23.6174165 -46.610301;-23.6143001 -46.609187;366;47;59
57;Thu Mar 14 22:02:46 2019;-23.6174264740262,-46.6102740696322;-23.614298869195,-46.6091920964885;-23.6174165 -46.610301;-23.6143001 -46.609187;366;47;59
58;Thu Mar 14 22:03:46 2019;-23.6174264740262,-46.6102740696322;-23.614298869195,-46.6091920964885;-23.6174165 -46.610301;-23.6143001 -46.609187;366;47;59
59;Thu Mar 14 22:04:47 2019;-23.6174264740262,-46.6102740696322;-23.614298869195,-46.6091920964885;-23.6174165 -46.610301;-23.6143001 -46.609187;366;47;59
60;Thu Mar 14 22:05:47 2019;-23.6174264740262,-46.6102740696322;-23.614298869195,-46.6091920964885;-23.6174165 -46.610301;-23.6143001 -46.609187;366;47;59
61;Thu Mar 14 22:06:47 2019;-23.6174264740262,-46.6102740696322;-23.614298869195,-46.6091920964885;-23.6174165 -46.610301;-23.6143001 -46.609187;366;47;59
62;Thu Mar 14 22:07:47 2019;-23.6174264740262,-46.6102740696322;-23.614298869195,-46.6091920964885;-23.6174165 -46.610301;-23.6143001 -46.609187;366;47;55
63;Thu Mar 14 22:08:47 2019;-23.6174264740262,-46.6102740696322;-23.614298869195,-46.6091920964885;-23.6174165 -46.610301;-23.6143001 -46.609187;366;47;55
64;Thu Mar 14 22:09:46 2019;-23.6174264740262,-46.6102740696322;-23.614298869195,-46.6091920964885;-23.6174165 -46.610301;-23.6143001 -46.609187;366;47;55
65;Thu Mar 14 22:10:47 2019;-23.6174264740262,-46.6102740696322;-23.614298869195,-46.6091920964885;-23.6174165 -46.610301;-23.6143001 -46.609187;366;47;55
66;Thu Mar 14 22:11:47 2019;-23.6174264740262,-46.6102740696322;-23.614298869195,-46.6091920964885;-23.6174165 -46.610301;-23.6143001 -46.609187;366;47;55
67;Thu Mar 14 22:12:46 2019;-23.6174264740262,-46.6102740696322;-23.614298869195,-46.6091920964885;-23.6174165 -46.610301;-23.6143001 -46.609187;366;47;55
68;Thu Mar 14 22:13:46 2019;-23.6174264740262,-46.6102740696322;-23.614298869195,-46.6091920964885;-23.6174165 -46.610301;-23.6143001 -46.609187;366;47;55
69;Thu Mar 14 22:14:46 2019;-23.6174264740262,-46.6102740696322;-23.614298869195,-46.6091920964885;-23.6174165 -46.610301;-23.6143001 -46.609187;366;47;55
70;Thu Mar 14 22:15:47 2019;-23.6174264740262,-46.6102740696322;-23.614298869195,-46.6091920964885;-23.6174165 -46.610301;-23.6143001 -46.609187;366;47;55
71;Thu Mar 14 22:16:47 2019;-23.6174264740262,-46.6102740696322;-23.614298869195,-46.6091920964885;-23.6174165 -46.610301;-23.6143001 -46.609187;366;47;55
72;Thu Mar 14 22:17:47 2019;-23.6174264740262,-46.6102740696322;-23.614298869195,-46.6091920964885;-23.6174165 -46.610301;-23.6143001 -46.609187;366;47;55
73;Thu Mar 14 22:18:47 2019;-23.6174264740262,-46.6102740696322;-23.614298869195,-46.6091920964885;-23.6174165 -46.610301;-23.6143001 -46.609187;366;47;55
74;Thu Mar 14 22:19:47 2019;-23.6174264740262,-46.6102740696322;-23.614298869195,-46.6091920964885;-23.6174165 -46.610301;-23.6143001 -46.609187;366;47;55
75;Thu Mar 14 22:20:46 2019;-23.6174264740262,-46.6102740696322;-23.614298869195,-46.6091920964885;-23.6174165 -46.610301;-23.6143001 -46.609187;366;47;55
76;Thu Mar 14 22:21:47 2019;-23.6174264740262,-46.6102740696322;-23.614298869195,-46.6091920964885;-23.6174165 -46.610301;-23.6143001 -46.609187;366;47;54
77;Thu Mar 14 22:22:46 2019;-23.6174264740262,-46.6102740696322;-23.614298869195,-46.6091920964885;-23.6174165 -46.610301;-23.6143001 -46.609187;366;47;52
78;Thu Mar 14 22:23:47 2019;-23.6174264740262,-46.6102740696322;-23.614298869195,-46.6091920964885;-23.6174165 -46.610301;-23.6143001 -46.609187;366;47;52
79;Thu Mar 14 22:24:47 2019;-23.6174264740262,-46.6102740696322;-23.614298869195,-46.6091920964885;-23.6174165 -46.610301;-23.6143001 -46.609187;366;47;52
80;Thu Mar 14 22:25:47 2019;-23.6174264740262,-46.6102740696322;-23.614298869195,-46.6091920964885;-23.6174165 -46.610301;-23.6143001 -46.609187;366;47;52
81;Thu Mar 14 22:26:46 2019;-23.6174264740262,-46.6102740696322;-23.614298869195,-46.6091920964885;-23.6174165 -46.610301;-23.6143001 -46.609187;366;47;52
82;Thu Mar 14 22:27:47 2019;-23.6174264740262,-46.6102740696322;-23.614298869195,-46.6091920964885;-23.6174165 -46.610301;-23.6143001 -46.609187;366;47;52
83;Thu Mar 14 22:28:47 2019;-23.6174264740262,-46.6102740696322;-23.614298869195,-46.6091920964885;-23.6174165 -46.610301;-23.6143001 -46.609187;366;47;52
84;Thu Mar 14 22:29:47 2019;-23.6174264740262,-46.6102740696322;-23.614298869195,-46.6091920964885;-23.6174165 -46.610301;-23.6143001 -46.609187;366;47;52
85;Thu Mar 14 22:30:47 2019;-23.6174264740262,-46.6102740696322;-23.614298869195,-46.6091920964885;-23.6174165 -46.610301;-23.6143001 -46.609187;366;47;52
86;Thu Mar 14 22:31:46 2019;-23.6174264740262,-46.6102740696322;-23.614298869195,-46.6091920964885;-23.6174165 -46.610301;-23.6143001 -46.609187;366;47;52
87;Thu Mar 14 22:32:47 2019;-23.6174264740262,-46.6102740696322;-23.614298869195,-46.6091920964885;-23.6174165 -46.610301;-23.6143001 -46.609187;366;47;52
88;Thu Mar 14 22:33:46 2019;-23.6174264740262,-46.6102740696322;-23.614298869195,-46.6091920964885;-23.6174165 -46.610301;-23.6143001 -46.609187;366;47;52
89;Thu Mar 14 22:34:46 2019;-23.6174264740262,-46.6102740696322;-23.614298869195,-46.6091920964885;-23.6174165 -46.610301;-23.6143001 -46.609187;366;47;52
90;Thu Mar 14 22:35:46 2019;-23.6174264740262,-46.6102740696322;-23.614298869195,-46.6091920964885;-23.6174165 -46.610301;-23.6143001 -46.609187;366;47;52
91;Thu Mar 14 22:36:47 2019;-23.6174264740262,-46.6102740696322;-23.614298869195,-46.6091920964885;-23.6174165 -46.610301;-23.6143001 -46.609187;366;47;52
92;Thu Mar 14 22:37:46 2019;-23.6174264740262,-46.6102740696322;-23.614298869195,-46.6091920964885;-23.6174165 -46.610301;-23.6143001 -46.609187;366;47;64
93;Thu Mar 14 22:38:47 2019;-23.6174264740262,-46.6102740696322;-23.614298869195,-46.6091920964885;-23.6174165 -46.610301;-23.6143001 -46.609187;366;47;64
94;Thu Mar 14 22:39:47 2019;-23.6174264740262,-46.6102740696322;-23.614298869195,-46.6091920964885;-23.6174165 -46.610301;-23.6143001 -46.609187;366;47;64
95;Thu Mar 14 22:40:47 2019;-23.6174264740262,-46.6102740696322;-23.614298869195,-46.6091920964885;-23.6174165 -46.610301;-23.6143001 -46.609187;366;47;64
96;Thu Mar 14 22:41:46 2019;-23.6174264740262,-46.6102740696322;-23.614298869195,-46.6091920964885;-23.6174165 -46.610301;-23.6143001 -46.609187;366;47;64
97;Thu Mar 14 22:42:47 2019;-23.6174264740262,-46.6102740696322;-23.614298869195,-46.6091920964885;-23.6174165 -46.610301;-23.6143001 -46.609187;366;47;64
98;Thu Mar 14 22:43:47 2019;-23.6174264740262,-46.6102740696322;-23.614298869195,-46.6091920964885;-23.6174165 -46.610301;-23.6143001 -46.609187;366;47;64
99;Thu Mar 14 22:44:47 2019;-23.6174264740262,-46.6102740696322;-23.614298869195,-46.6091920964885;-23.6174165 -46.610301;-23.6143001 -46.609187;366;47;64
100;Thu Mar 14 22:45:46 2019;-23.6174264740262,-46.6102740696322;-23.614298869195,-46.6091920964885;-23.6174165 -46.610301;-23.6143001 -46.609187;366;47;64
101;Thu Mar 14 22:46:47 2019;-23.6174264740262,-46.6102740696322;-23.614298869195,-46.6091920964885;-23.6174165 -46.610301;-23.6143001 -46.609187;366;47;64
102;Thu Mar 14 22:47:46 2019;-23.6174264740262,-46.6102740696322;-23.614298869195,-46.6091920964885;-23.6174165 -46.610301;-23.6143001 -46.609187;366;47;64
103;Thu Mar 14 22:48:46 2019;-23.6174264740262,-46.6102740696322;-23.614298869195,-46.6091920964885;-23.6174165 -46.610301;-23.6143001 -46.609187;366;47;64
104;Thu Mar 14 22:49:47 2019;-23.6174264740262,-46.6102740696322;-23.614298869195,-46.6091920964885;-23.6174165 -46.610301;-23.6143001 -46.609187;366;47;64
105;Thu Mar 14 22:50:47 2019;-23.6174264740262,-46.6102740696322;-23.614298869195,-46.6091920964885;-23.6174165 -46.610301;-23.6143001 -46.609187;366;47;64
106;Thu Mar 14 22:51:46 2019;-23.6174264740262,-46.6102740696322;-23.614298869195,-46.6091920964885;-23.6174165 -46.610301;-23.6143001 -46.609187;366;47;64
107;Thu Mar 14 22:52:46 2019;-23.6174264740262,-46.6102740696322;-23.614298869195,-46.6091920964885;-23.6174165 -46.610301;-23.6143001 -46.609187;366;47;54
108;Thu Mar 14 22:53:47 2019;-23.6174264740262,-46.6102740696322;-23.614298869195,-46.6091920964885;-23.6174165 -46.610301;-23.6143001 -46.609187;366;47;54
109;Thu Mar 14 22:54:46 2019;-23.6174264740262,-46.6102740696322;-23.614298869195,-46.6091920964885;-23.6174165 -46.610301;-23.6143001 -46.609187;366;47;54
110;Thu Mar 14 22:55:47 2019;-23.6174264740262,-46.6102740696322;-23.614298869195,-46.6091920964885;-23.6174165 -46.610301;-23.6143001 -46.609187;366;47;54
111;Thu Mar 14 22:56:47 2019;-23.6174264740262,-46.6102740696322;-23.614298869195,-46.6091920964885;-23.6174165 -46.610301;-23.6143001 -46.609187;366;47;54
112;Thu Mar 14 22:57:47 2019;-23.6174264740262,-46.6102740696322;-23.614298869195,-46.6091920964885;-23.6174165 -46.610301;-23.6143001 -46.609187;366;47;54
113;Thu Mar 14 22:58:47 2019;-23.6174264740262,-46.6102740696322;-23.614298869195,-46.6091920964885;-23.6174165 -46.610301;-23.6143001 -46.609187;366;47;54
114;Thu Mar 14 22:59:47 2019;-23.6174264740262,-46.6102740696322;-23.614298869195,-46.6091920964885;-23.6174165 -46.610301;-23.6143001 -46.609187;366;47;54
115;Thu Mar 14 23:00:46 2019;-23.6174264740262,-46.6102740696322;-23.614298869195,-46.6091920964885;-23.6174165 -46.610301;-23.6143001 -46.609187;366;47;54
116;Thu Mar 14 23:01:46 2019;-23.6174264740262,-46.6102740696322;-23.614298869195,-46.6091920964885;-23.6174165 -46.610301;-23.6143001 -46.609187;366;47;54
117;Thu Mar 14 23:02:46 2019;-23.6174264740262,-46.6102740696322;-23.614298869195,-46.6091920964885;-23.6174165 -46.610301;-23.6143001 -46.609187;366;47;54
118;Thu Mar 14 23:03:47 2019;-23.6174264740262,-46.6102740696322;-23.614298869195,-46.6091920964885;-23.6174165 -46.610301;-23.6143001 -46.609187;366;47;54
119;Thu Mar 14 23:04:47 2019;-23.6174264740262,-46.6102740696322;-23.614298869195,-46.6091920964885;-23.6174165 -46.610301;-23.6143001 -46.609187;366;47;54
120;Thu Mar 14 23:05:46 2019;-23.6174264740262,-46.6102740696322;-23.614298869195,-46.6091920964885;-23.6174165 -46.610301;-23.6143001 -46.609187;366;47;54
121;Thu Mar 14 23:06:47 2019;-23.6174264740262,-46.6102740696322;-23.614298869195,-46.6091920964885;-23.6174165 -46.610301;-23.6143001 -46.609187;366;47;54
122;Thu Mar 14 23:07:47 2019;-23.6174264740262,-46.6102740696322;-23.614298869195,-46.6091920964885;-23.6174165 -46.610301;-23.6143001 -46.609187;366;47;50
123;Thu Mar 14 23:08:46 2019;-23.6174264740262,-46.6102740696322;-23.614298869195,-46.6091920964885;-23.6174165 -46.610301;-23.6143001 -46.609187;366;47;50
124;Thu Mar 14 23:09:46 2019;-23.6174264740262,-46.6102740696322;-23.614298869195,-46.6091920964885;-23.6174165 -46.610301;-23.6143001 -46.609187;366;47;50
125;Thu Mar 14 23:10:46 2019;-23.6174264740262,-46.6102740696322;-23.614298869195,-46.6091920964885;-23.6174165 -46.610301;-23.6143001 -46.609187;366;47;50
126;Thu Mar 14 23:11:47 2019;-23.6174264740262,-46.6102740696322;-23.614298869195,-46.6091920964885;-23.6174165 -46.610301;-23.6143001 -46.609187;366;47;50
127;Thu Mar 14 23:12:46 2019;-23.6174264740262,-46.6102740696322;-23.614298869195,-46.6091920964885;-23.6174165 -46.610301;-23.6143001 -46.609187;366;47;50
128;Thu Mar 14 23:13:46 2019;-23.6174264740262,-46.6102740696322;-23.614298869195,-46.6091920964885;-23.6174165 -46.610301;-23.6143001 -46.609187;366;47;50
129;Thu Mar 14 23:14:46 2019;-23.6174264740262,-46.6102740696322;-23.614298869195,-46.6091920964885;-23.6174165 -46.610301;-23.6143001 -46.609187;366;47;50
130;Thu Mar 14 23:15:46 2019;-23.6174264740262,-46.6102740696322;-23.614298869195,-46.6091920964885;-23.6174165 -46.610301;-23.6143001 -46.609187;366;47;50
131;Thu Mar 14 23:16:46 2019;-23.6174264740262,-46.6102740696322;-23.614298869195,-46.6091920964885;-23.6174165 -46.610301;-23.6143001 -46.609187;366;47;50
132;Thu Mar 14 23:17:47 2019;-23.6174264740262,-46.6102740696322;-23.614298869195,-46.6091920964885;-23.6174165 -46.610301;-23.6143001 -46.609187;366;47;50
133;Thu Mar 14 23:18:46 2019;-23.6174264740262,-46.6102740696322;-23.614298869195,-46.6091920964885;-23.6174165 -46.610301;-23.6143001 -46.609187;366;47;50
134;Thu Mar 14 23:19:46 2019;-23.6174264740262,-46.6102740696322;-23.614298869195,-46.6091920964885;-23.6174165 -46.610301;-23.6143001 -46.609187;366;47;50
135;Thu Mar 14 23:20:46 2019;-23.6174264740262,-46.6102740696322;-23.614298869195,-46.6091920964885;-23.6174165 -46.610301;-23.6143001 -46.609187;366;47;50
136;Thu Mar 14 23:21:46 2019;-23.6174264740262,-46.6102740696322;-23.614298869195,-46.6091920964885;-23.6174165 -46.610301;-23.6143001 -46.609187;366;47;50
137;Thu Mar 14 23:22:47 2019;-23.6174264740262,-46.6102740696322;-23.614298869195,-46.6091920964885;-23.6174165 -46.610301;-23.6143001 -46.609187;366;47;54
138;Thu Mar 14 23:23:46 2019;-23.6174264740262,-46.6102740696322;-23.614298869195,-46.6091920964885;-23.6174165 -46.610301;-23.6143001 -46.609187;366;47;54
139;Thu Mar 14 23:24:47 2019;-23.6174264740262,-46.6102740696322;-23.614298869195,-46.6091920964885;-23.6174165 -46.610301;-23.6143001 -46.609187;366;47;54
140;Thu Mar 14 23:25:46 2019;-23.6174264740262,-46.6102740696322;-23.614298869195,-46.6091920964885;-23.6174165 -46.610301;-23.6143001 -46.609187;366;47;54
141;Thu Mar 14 23:26:48 2019;-23.6174264740262,-46.6102740696322;-23.614298869195,-46.6091920964885;-23.6174165 -46.610301;-23.6143001 -46.609187;366;47;54
142;Thu Mar 14 23:27:46 2019;-23.6174264740262,-46.6102740696322;-23.614298869195,-46.6091920964885;-23.6174165 -46.610301;-23.6143001 -46.609187;366;47;54
143;Thu Mar 14 23:28:46 2019;-23.6174264740262,-46.6102740696322;-23.614298869195,-46.6091920964885;-23.6174165 -46.610301;-23.6143001 -46.609187;366;47;54
144;Thu Mar 14 23:29:46 2019;-23.6174264740262,-46.6102740696322;-23.614298869195,-46.6091920964885;-23.6174165 -46.610301;-23.6143001 -46.609187;366;47;54
145;Thu Mar 14 23:30:46 2019;-23.6174264740262,-46.6102740696322;-23.614298869195,-46.6091920964885;-23.6174165 -46.610301;-23.6143001 -46.609187;366;47;54
146;Thu Mar 14 23:31:46 2019;-23.6174264740262,-46.6102740696322;-23.614298869195,-46.6091920964885;-23.6174165 -46.610301;-23.6143001 -46.609187;366;47;54
147;Thu Mar 14 23:32:47 2019;-23.6174264740262,-46.6102740696322;-23.614298869195,-46.6091920964885;-23.6174165 -46.610301;-23.6143001 -46.609187;366;47;54
148;Thu Mar 14 23:33:47 2019;-23.6174264740262,-46.6102740696322;-23.614298869195,-46.6091920964885;-23.6174165 -46.610301;-23.6143001 -46.609187;366;47;54
149;Thu Mar 14 23:34:46 2019;-23.6174264740262,-46.6102740696322;-23.614298869195,-46.6091920964885;-23.6174165 -46.610301;-23.6143001 -46.609187;366;47;54
150;Thu Mar 14 23:35:46 2019;-23.6174264740262,-46.6102740696322;-23.614298869195,-46.6091920964885;-23.6174165 -46.610301;-23.6143001 -46.609187;366;47;54
151;Thu Mar 14 23:36:47 2019;-23.6174264740262,-46.6102740696322;-23.614298869195,-46.6091920964885;-23.6174165 -46.610301;-23.6143001 -46.609187;366;47;54
152;Thu Mar 14 23:37:47 2019;-23.6174264740262,-46.6102740696322;-23.614298869195,-46.6091920964885;-23.6174165 -46.610301;-23.6143001 -46.609187;366;47;44
153;Thu Mar 14 23:38:47 2019;-23.6174264740262,-46.6102740696322;-23.614298869195,-46.6091920964885;-23.6174165 -46.610301;-23.6143001 -46.609187;366;47;44
154;Thu Mar 14 23:39:46 2019;-23.6174264740262,-46.6102740696322;-23.614298869195,-46.6091920964885;-23.6174165 -46.610301;-23.6143001 -46.609187;366;47;44
155;Thu Mar 14 23:40:46 2019;-23.6174264740262,-46.6102740696322;-23.614298869195,-46.6091920964885;-23.6174165 -46.610301;-23.6143001 -46.609187;366;47;44
156;Thu Mar 14 23:41:47 2019;-23.6174264740262,-46.6102740696322;-23.614298869195,-46.6091920964885;-23.6174165 -46.610301;-23.6143001 -46.609187;366;47;44
157;Thu Mar 14 23:42:47 2019;-23.6174264740262,-46.6102740696322;-23.614298869195,-46.6091920964885;-23.6174165 -46.610301;-23.6143001 -46.609187;366;47;44
158;Thu Mar 14 23:43:46 2019;-23.6174264740262,-46.6102740696322;-23.614298869195,-46.6091920964885;-23.6174165 -46.610301;-23.6143001 -46.609187;366;47;44
159;Thu Mar 14 23:44:47 2019;-23.6174264740262,-46.6102740696322;-23.614298869195,-46.6091920964885;-23.6174165 -46.610301;-23.6143001 -46.609187;366;47;44
160;Thu Mar 14 23:45:46 2019;-23.6174264740262,-46.6102740696322;-23.614298869195,-46.6091920964885;-23.6174165 -46.610301;-23.6143001 -46.609187;366;47;44
161;Thu Mar 14 23:46:47 2019;-23.6174264740262,-46.6102740696322;-23.614298869195,-46.6091920964885;-23.6174165 -46.610301;-23.6143001 -46.609187;366;47;44
162;Thu Mar 14 23:47:47 2019;-23.6174264740262,-46.6102740696322;-23.614298869195,-46.6091920964885;-23.6174165 -46.610301;-23.6143001 -46.609187;366;47;44
163;Thu Mar 14 23:48:46 2019;-23.6174264740262,-46.6102740696322;-23.614298869195,-46.6091920964885;-23.6174165 -46.610301;-23.6143001 -46.609187;366;47;44
164;Thu Mar 14 23:49:46 2019;-23.6174264740262,-46.6102740696322;-23.614298869195,-46.6091920964885;-23.6174165 -46.610301;-23.6143001 -46.609187;366;47;44
165;Thu Mar 14 23:50:47 2019;-23.6174264740262,-46.6102740696322;-23.614298869195,-46.6091920964885;-23.6174165 -46.610301;-23.6143001 -46.609187;366;47;44
166;Thu Mar 14 23:51:47 2019;-23.6174264740262,-46.6102740696322;-23.614298869195,-46.6091920964885;-23.6174165 -46.610301;-23.6143001 -46.609187;366;47;44
167;Thu Mar 14 23:52:47 2019;-23.6174264740262,-46.6102740696322;-23.614298869195,-46.6091920964885;-23.6174165 -46.610301;-23.6143001 -46.609187;366;47;45
168;Thu Mar 14 23:53:47 2019;-23.6174264740262,-46.6102740696322;-23.614298869195,-46.6091920964885;-23.6174165 -46.610301;-23.6143001 -46.609187;366;47;45
169;Thu Mar 14 23:54:46 2019;-23.6174264740262,-46.6102740696322;-23.614298869195,-46.6091920964885;-23.6174165 -46.610301;-23.6143001 -46.609187;366;47;45
170;Thu Mar 14 23:55:47 2019;-23.6174264740262,-46.6102740696322;-23.614298869195,-46.6091920964885;-23.6174165 -46.610301;-23.6143001 -46.609187;366;47;45
171;Thu Mar 14 23:56:47 2019;-23.6174264740262,-46.6102740696322;-23.614298869195,-46.6091920964885;-23.6174165 -46.610301;-23.6143001 -46.609187;366;47;45
172;Thu Mar 14 23:57:46 2019;-23.6174264740262,-46.6102740696322;-23.614298869195,-46.6091920964885;-23.6174165 -46.610301;-23.6143001 -46.609187;366;47;45
173;Thu Mar 14 23:58:47 2019;-23.6174264740262,-46.6102740696322;-23.614298869195,-46.6091920964885;-23.6174165 -46.610301;-23.6143001 -46.609187;366;47;45
174;Thu Mar 14 23:59:46 2019;-23.6174264740262,-46.6102740696322;-23.614298869195,-46.6091920964885;-23.6174165 -46.610301;-23.6143001 -46.609187;366;47;45
