38972;Thu Mar 14 00:00:33 2019;-23.6328908584029,-46.6050373925733;-23.6304977514816,-46.6038687602859;-23.6328855 -46.6050517;-23.6304816 -46.6038767;310;83;68
39213;Thu Mar 14 04:01:33 2019;-23.6328908584029,-46.6050373925733;-23.6304977514816,-46.6038687602859;-23.6328855 -46.6050517;-23.6304816 -46.6038767;310;83;42
39214;Thu Mar 14 04:02:33 2019;-23.6328908584029,-46.6050373925733;-23.6304977514816,-46.6038687602859;-23.6328855 -46.6050517;-23.6304816 -46.6038767;310;83;42
39215;Thu Mar 14 04:03:33 2019;-23.6328908584029,-46.6050373925733;-23.6304977514816,-46.6038687602859;-23.6328855 -46.6050517;-23.6304816 -46.6038767;310;83;42
39216;Thu Mar 14 04:04:33 2019;-23.6328908584029,-46.6050373925733;-23.6304977514816,-46.6038687602859;-23.6328855 -46.6050517;-23.6304816 -46.6038767;310;83;42
39217;Thu Mar 14 04:05:33 2019;-23.6328908584029,-46.6050373925733;-23.6304977514816,-46.6038687602859;-23.6328855 -46.6050517;-23.6304816 -46.6038767;310;83;42
39218;Thu Mar 14 04:06:33 2019;-23.6328908584029,-46.6050373925733;-23.6304977514816,-46.6038687602859;-23.6328855 -46.6050517;-23.6304816 -46.6038767;310;83;42
39219;Thu Mar 14 04:07:33 2019;-23.6328908584029,-46.6050373925733;-23.6304977514816,-46.6038687602859;-23.6328855 -46.6050517;-23.6304816 -46.6038767;310;83;40
39220;Thu Mar 14 04:08:33 2019;-23.6328908584029,-46.6050373925733;-23.6304977514816,-46.6038687602859;-23.6328855 -46.6050517;-23.6304816 -46.6038767;310;83;40
39221;Thu Mar 14 04:09:33 2019;-23.6328908584029,-46.6050373925733;-23.6304977514816,-46.6038687602859;-23.6328855 -46.6050517;-23.6304816 -46.6038767;310;83;40
1;Thu Mar 14 21:06:50 2019;-23.6328908584029,-46.6050373925733;-23.6304977514816,-46.6038687602859;-23.6328855 -46.6050517;-23.6304816 -46.6038767;310;83;116
2;Thu Mar 14 21:07:46 2019;-23.6328908584029,-46.6050373925733;-23.6304977514816,-46.6038687602859;-23.6328855 -46.6050517;-23.6304816 -46.6038767;310;83;117
3;Thu Mar 14 21:08:49 2019;-23.6328908584029,-46.6050373925733;-23.6304977514816,-46.6038687602859;-23.6328855 -46.6050517;-23.6304816 -46.6038767;310;83;117
4;Thu Mar 14 21:09:46 2019;-23.6328908584029,-46.6050373925733;-23.6304977514816,-46.6038687602859;-23.6328855 -46.6050517;-23.6304816 -46.6038767;310;83;117
5;Thu Mar 14 21:10:46 2019;-23.6328908584029,-46.6050373925733;-23.6304977514816,-46.6038687602859;-23.6328855 -46.6050517;-23.6304816 -46.6038767;310;83;117
6;Thu Mar 14 21:11:46 2019;-23.6328908584029,-46.6050373925733;-23.6304977514816,-46.6038687602859;-23.6328855 -46.6050517;-23.6304816 -46.6038767;310;83;117
7;Thu Mar 14 21:12:45 2019;-23.6328908584029,-46.6050373925733;-23.6304977514816,-46.6038687602859;-23.6328855 -46.6050517;-23.6304816 -46.6038767;310;83;117
8;Thu Mar 14 21:13:46 2019;-23.6328908584029,-46.6050373925733;-23.6304977514816,-46.6038687602859;-23.6328855 -46.6050517;-23.6304816 -46.6038767;310;83;117
9;Thu Mar 14 21:14:46 2019;-23.6328908584029,-46.6050373925733;-23.6304977514816,-46.6038687602859;-23.6328855 -46.6050517;-23.6304816 -46.6038767;310;83;117
10;Thu Mar 14 21:15:47 2019;-23.6328908584029,-46.6050373925733;-23.6304977514816,-46.6038687602859;-23.6328855 -46.6050517;-23.6304816 -46.6038767;310;83;117
11;Thu Mar 14 21:16:46 2019;-23.6328908584029,-46.6050373925733;-23.6304977514816,-46.6038687602859;-23.6328855 -46.6050517;-23.6304816 -46.6038767;310;83;117
12;Thu Mar 14 21:17:46 2019;-23.6328908584029,-46.6050373925733;-23.6304977514816,-46.6038687602859;-23.6328855 -46.6050517;-23.6304816 -46.6038767;310;83;117
13;Thu Mar 14 21:18:46 2019;-23.6328908584029,-46.6050373925733;-23.6304977514816,-46.6038687602859;-23.6328855 -46.6050517;-23.6304816 -46.6038767;310;83;117
14;Thu Mar 14 21:19:46 2019;-23.6328908584029,-46.6050373925733;-23.6304977514816,-46.6038687602859;-23.6328855 -46.6050517;-23.6304816 -46.6038767;310;83;117
15;Thu Mar 14 21:20:46 2019;-23.6328908584029,-46.6050373925733;-23.6304977514816,-46.6038687602859;-23.6328855 -46.6050517;-23.6304816 -46.6038767;310;83;117
16;Thu Mar 14 21:21:47 2019;-23.6328908584029,-46.6050373925733;-23.6304977514816,-46.6038687602859;-23.6328855 -46.6050517;-23.6304816 -46.6038767;310;83;113
17;Thu Mar 14 21:22:46 2019;-23.6328908584029,-46.6050373925733;-23.6304977514816,-46.6038687602859;-23.6328855 -46.6050517;-23.6304816 -46.6038767;310;83;115
18;Thu Mar 14 21:23:46 2019;-23.6328908584029,-46.6050373925733;-23.6304977514816,-46.6038687602859;-23.6328855 -46.6050517;-23.6304816 -46.6038767;310;83;115
19;Thu Mar 14 21:24:46 2019;-23.6328908584029,-46.6050373925733;-23.6304977514816,-46.6038687602859;-23.6328855 -46.6050517;-23.6304816 -46.6038767;310;83;115
20;Thu Mar 14 21:25:46 2019;-23.6328908584029,-46.6050373925733;-23.6304977514816,-46.6038687602859;-23.6328855 -46.6050517;-23.6304816 -46.6038767;310;83;115
21;Thu Mar 14 21:26:46 2019;-23.6328908584029,-46.6050373925733;-23.6304977514816,-46.6038687602859;-23.6328855 -46.6050517;-23.6304816 -46.6038767;310;83;115
22;Thu Mar 14 21:27:46 2019;-23.6328908584029,-46.6050373925733;-23.6304977514816,-46.6038687602859;-23.6328855 -46.6050517;-23.6304816 -46.6038767;310;83;115
23;Thu Mar 14 21:28:46 2019;-23.6328908584029,-46.6050373925733;-23.6304977514816,-46.6038687602859;-23.6328855 -46.6050517;-23.6304816 -46.6038767;310;83;115
24;Thu Mar 14 21:29:46 2019;-23.6328908584029,-46.6050373925733;-23.6304977514816,-46.6038687602859;-23.6328855 -46.6050517;-23.6304816 -46.6038767;310;83;115
25;Thu Mar 14 21:30:46 2019;-23.6328908584029,-46.6050373925733;-23.6304977514816,-46.6038687602859;-23.6328855 -46.6050517;-23.6304816 -46.6038767;310;83;115
26;Thu Mar 14 21:31:46 2019;-23.6328908584029,-46.6050373925733;-23.6304977514816,-46.6038687602859;-23.6328855 -46.6050517;-23.6304816 -46.6038767;310;83;115
27;Thu Mar 14 21:32:46 2019;-23.6328908584029,-46.6050373925733;-23.6304977514816,-46.6038687602859;-23.6328855 -46.6050517;-23.6304816 -46.6038767;310;83;115
28;Thu Mar 14 21:33:46 2019;-23.6328908584029,-46.6050373925733;-23.6304977514816,-46.6038687602859;-23.6328855 -46.6050517;-23.6304816 -46.6038767;310;83;115
29;Thu Mar 14 21:34:46 2019;-23.6328908584029,-46.6050373925733;-23.6304977514816,-46.6038687602859;-23.6328855 -46.6050517;-23.6304816 -46.6038767;310;83;115
30;Thu Mar 14 21:35:46 2019;-23.6328908584029,-46.6050373925733;-23.6304977514816,-46.6038687602859;-23.6328855 -46.6050517;-23.6304816 -46.6038767;310;83;115
31;Thu Mar 14 21:36:46 2019;-23.6328908584029,-46.6050373925733;-23.6304977514816,-46.6038687602859;-23.6328855 -46.6050517;-23.6304816 -46.6038767;310;83;112
32;Thu Mar 14 21:37:45 2019;-23.6328908584029,-46.6050373925733;-23.6304977514816,-46.6038687602859;-23.6328855 -46.6050517;-23.6304816 -46.6038767;310;83;102
33;Thu Mar 14 21:38:46 2019;-23.6328908584029,-46.6050373925733;-23.6304977514816,-46.6038687602859;-23.6328855 -46.6050517;-23.6304816 -46.6038767;310;83;102
34;Thu Mar 14 21:39:46 2019;-23.6328908584029,-46.6050373925733;-23.6304977514816,-46.6038687602859;-23.6328855 -46.6050517;-23.6304816 -46.6038767;310;83;102
35;Thu Mar 14 21:40:46 2019;-23.6328908584029,-46.6050373925733;-23.6304977514816,-46.6038687602859;-23.6328855 -46.6050517;-23.6304816 -46.6038767;310;83;102
36;Thu Mar 14 21:41:46 2019;-23.6328908584029,-46.6050373925733;-23.6304977514816,-46.6038687602859;-23.6328855 -46.6050517;-23.6304816 -46.6038767;310;83;102
37;Thu Mar 14 21:42:46 2019;-23.6328908584029,-46.6050373925733;-23.6304977514816,-46.6038687602859;-23.6328855 -46.6050517;-23.6304816 -46.6038767;310;83;102
38;Thu Mar 14 21:43:46 2019;-23.6328908584029,-46.6050373925733;-23.6304977514816,-46.6038687602859;-23.6328855 -46.6050517;-23.6304816 -46.6038767;310;83;102
39;Thu Mar 14 21:44:46 2019;-23.6328908584029,-46.6050373925733;-23.6304977514816,-46.6038687602859;-23.6328855 -46.6050517;-23.6304816 -46.6038767;310;83;102
40;Thu Mar 14 21:45:46 2019;-23.6328908584029,-46.6050373925733;-23.6304977514816,-46.6038687602859;-23.6328855 -46.6050517;-23.6304816 -46.6038767;310;83;102
41;Thu Mar 14 21:46:46 2019;-23.6328908584029,-46.6050373925733;-23.6304977514816,-46.6038687602859;-23.6328855 -46.6050517;-23.6304816 -46.6038767;310;83;102
42;Thu Mar 14 21:47:46 2019;-23.6328908584029,-46.6050373925733;-23.6304977514816,-46.6038687602859;-23.6328855 -46.6050517;-23.6304816 -46.6038767;310;83;102
43;Thu Mar 14 21:48:46 2019;-23.6328908584029,-46.6050373925733;-23.6304977514816,-46.6038687602859;-23.6328855 -46.6050517;-23.6304816 -46.6038767;310;83;102
44;Thu Mar 14 21:49:46 2019;-23.6328908584029,-46.6050373925733;-23.6304977514816,-46.6038687602859;-23.6328855 -46.6050517;-23.6304816 -46.6038767;310;83;102
45;Thu Mar 14 21:50:46 2019;-23.6328908584029,-46.6050373925733;-23.6304977514816,-46.6038687602859;-23.6328855 -46.6050517;-23.6304816 -46.6038767;310;83;102
46;Thu Mar 14 21:51:46 2019;-23.6328908584029,-46.6050373925733;-23.6304977514816,-46.6038687602859;-23.6328855 -46.6050517;-23.6304816 -46.6038767;310;83;97
47;Thu Mar 14 21:52:46 2019;-23.6328908584029,-46.6050373925733;-23.6304977514816,-46.6038687602859;-23.6328855 -46.6050517;-23.6304816 -46.6038767;310;83;95
48;Thu Mar 14 21:53:46 2019;-23.6328908584029,-46.6050373925733;-23.6304977514816,-46.6038687602859;-23.6328855 -46.6050517;-23.6304816 -46.6038767;310;83;95
49;Thu Mar 14 21:54:46 2019;-23.6328908584029,-46.6050373925733;-23.6304977514816,-46.6038687602859;-23.6328855 -46.6050517;-23.6304816 -46.6038767;310;83;95
50;Thu Mar 14 21:55:46 2019;-23.6328908584029,-46.6050373925733;-23.6304977514816,-46.6038687602859;-23.6328855 -46.6050517;-23.6304816 -46.6038767;310;83;95
51;Thu Mar 14 21:56:46 2019;-23.6328908584029,-46.6050373925733;-23.6304977514816,-46.6038687602859;-23.6328855 -46.6050517;-23.6304816 -46.6038767;310;83;95
52;Thu Mar 14 21:57:46 2019;-23.6328908584029,-46.6050373925733;-23.6304977514816,-46.6038687602859;-23.6328855 -46.6050517;-23.6304816 -46.6038767;310;83;95
53;Thu Mar 14 21:58:46 2019;-23.6328908584029,-46.6050373925733;-23.6304977514816,-46.6038687602859;-23.6328855 -46.6050517;-23.6304816 -46.6038767;310;83;95
54;Thu Mar 14 21:59:46 2019;-23.6328908584029,-46.6050373925733;-23.6304977514816,-46.6038687602859;-23.6328855 -46.6050517;-23.6304816 -46.6038767;310;83;95
55;Thu Mar 14 22:00:46 2019;-23.6328908584029,-46.6050373925733;-23.6304977514816,-46.6038687602859;-23.6328855 -46.6050517;-23.6304816 -46.6038767;310;83;95
56;Thu Mar 14 22:01:46 2019;-23.6328908584029,-46.6050373925733;-23.6304977514816,-46.6038687602859;-23.6328855 -46.6050517;-23.6304816 -46.6038767;310;83;95
57;Thu Mar 14 22:02:45 2019;-23.6328908584029,-46.6050373925733;-23.6304977514816,-46.6038687602859;-23.6328855 -46.6050517;-23.6304816 -46.6038767;310;83;95
58;Thu Mar 14 22:03:46 2019;-23.6328908584029,-46.6050373925733;-23.6304977514816,-46.6038687602859;-23.6328855 -46.6050517;-23.6304816 -46.6038767;310;83;95
59;Thu Mar 14 22:04:46 2019;-23.6328908584029,-46.6050373925733;-23.6304977514816,-46.6038687602859;-23.6328855 -46.6050517;-23.6304816 -46.6038767;310;83;95
60;Thu Mar 14 22:05:46 2019;-23.6328908584029,-46.6050373925733;-23.6304977514816,-46.6038687602859;-23.6328855 -46.6050517;-23.6304816 -46.6038767;310;83;95
61;Thu Mar 14 22:06:46 2019;-23.6328908584029,-46.6050373925733;-23.6304977514816,-46.6038687602859;-23.6328855 -46.6050517;-23.6304816 -46.6038767;310;83;94
62;Thu Mar 14 22:07:46 2019;-23.6328908584029,-46.6050373925733;-23.6304977514816,-46.6038687602859;-23.6328855 -46.6050517;-23.6304816 -46.6038767;310;83;96
63;Thu Mar 14 22:08:46 2019;-23.6328908584029,-46.6050373925733;-23.6304977514816,-46.6038687602859;-23.6328855 -46.6050517;-23.6304816 -46.6038767;310;83;96
64;Thu Mar 14 22:09:46 2019;-23.6328908584029,-46.6050373925733;-23.6304977514816,-46.6038687602859;-23.6328855 -46.6050517;-23.6304816 -46.6038767;310;83;96
65;Thu Mar 14 22:10:46 2019;-23.6328908584029,-46.6050373925733;-23.6304977514816,-46.6038687602859;-23.6328855 -46.6050517;-23.6304816 -46.6038767;310;83;96
66;Thu Mar 14 22:11:46 2019;-23.6328908584029,-46.6050373925733;-23.6304977514816,-46.6038687602859;-23.6328855 -46.6050517;-23.6304816 -46.6038767;310;83;96
67;Thu Mar 14 22:12:45 2019;-23.6328908584029,-46.6050373925733;-23.6304977514816,-46.6038687602859;-23.6328855 -46.6050517;-23.6304816 -46.6038767;310;83;96
68;Thu Mar 14 22:13:46 2019;-23.6328908584029,-46.6050373925733;-23.6304977514816,-46.6038687602859;-23.6328855 -46.6050517;-23.6304816 -46.6038767;310;83;96
69;Thu Mar 14 22:14:46 2019;-23.6328908584029,-46.6050373925733;-23.6304977514816,-46.6038687602859;-23.6328855 -46.6050517;-23.6304816 -46.6038767;310;83;96
70;Thu Mar 14 22:15:46 2019;-23.6328908584029,-46.6050373925733;-23.6304977514816,-46.6038687602859;-23.6328855 -46.6050517;-23.6304816 -46.6038767;310;83;96
71;Thu Mar 14 22:16:46 2019;-23.6328908584029,-46.6050373925733;-23.6304977514816,-46.6038687602859;-23.6328855 -46.6050517;-23.6304816 -46.6038767;310;83;96
72;Thu Mar 14 22:17:46 2019;-23.6328908584029,-46.6050373925733;-23.6304977514816,-46.6038687602859;-23.6328855 -46.6050517;-23.6304816 -46.6038767;310;83;96
73;Thu Mar 14 22:18:46 2019;-23.6328908584029,-46.6050373925733;-23.6304977514816,-46.6038687602859;-23.6328855 -46.6050517;-23.6304816 -46.6038767;310;83;96
74;Thu Mar 14 22:19:46 2019;-23.6328908584029,-46.6050373925733;-23.6304977514816,-46.6038687602859;-23.6328855 -46.6050517;-23.6304816 -46.6038767;310;83;96
75;Thu Mar 14 22:20:46 2019;-23.6328908584029,-46.6050373925733;-23.6304977514816,-46.6038687602859;-23.6328855 -46.6050517;-23.6304816 -46.6038767;310;83;96
76;Thu Mar 14 22:21:46 2019;-23.6328908584029,-46.6050373925733;-23.6304977514816,-46.6038687602859;-23.6328855 -46.6050517;-23.6304816 -46.6038767;310;83;96
77;Thu Mar 14 22:22:46 2019;-23.6328908584029,-46.6050373925733;-23.6304977514816,-46.6038687602859;-23.6328855 -46.6050517;-23.6304816 -46.6038767;310;83;93
78;Thu Mar 14 22:23:46 2019;-23.6328908584029,-46.6050373925733;-23.6304977514816,-46.6038687602859;-23.6328855 -46.6050517;-23.6304816 -46.6038767;310;83;93
79;Thu Mar 14 22:24:46 2019;-23.6328908584029,-46.6050373925733;-23.6304977514816,-46.6038687602859;-23.6328855 -46.6050517;-23.6304816 -46.6038767;310;83;93
80;Thu Mar 14 22:25:46 2019;-23.6328908584029,-46.6050373925733;-23.6304977514816,-46.6038687602859;-23.6328855 -46.6050517;-23.6304816 -46.6038767;310;83;93
81;Thu Mar 14 22:26:46 2019;-23.6328908584029,-46.6050373925733;-23.6304977514816,-46.6038687602859;-23.6328855 -46.6050517;-23.6304816 -46.6038767;310;83;93
82;Thu Mar 14 22:27:46 2019;-23.6328908584029,-46.6050373925733;-23.6304977514816,-46.6038687602859;-23.6328855 -46.6050517;-23.6304816 -46.6038767;310;83;93
83;Thu Mar 14 22:28:46 2019;-23.6328908584029,-46.6050373925733;-23.6304977514816,-46.6038687602859;-23.6328855 -46.6050517;-23.6304816 -46.6038767;310;83;93
84;Thu Mar 14 22:29:46 2019;-23.6328908584029,-46.6050373925733;-23.6304977514816,-46.6038687602859;-23.6328855 -46.6050517;-23.6304816 -46.6038767;310;83;93
85;Thu Mar 14 22:30:46 2019;-23.6328908584029,-46.6050373925733;-23.6304977514816,-46.6038687602859;-23.6328855 -46.6050517;-23.6304816 -46.6038767;310;83;93
86;Thu Mar 14 22:31:46 2019;-23.6328908584029,-46.6050373925733;-23.6304977514816,-46.6038687602859;-23.6328855 -46.6050517;-23.6304816 -46.6038767;310;83;93
87;Thu Mar 14 22:32:46 2019;-23.6328908584029,-46.6050373925733;-23.6304977514816,-46.6038687602859;-23.6328855 -46.6050517;-23.6304816 -46.6038767;310;83;93
88;Thu Mar 14 22:33:46 2019;-23.6328908584029,-46.6050373925733;-23.6304977514816,-46.6038687602859;-23.6328855 -46.6050517;-23.6304816 -46.6038767;310;83;93
89;Thu Mar 14 22:34:46 2019;-23.6328908584029,-46.6050373925733;-23.6304977514816,-46.6038687602859;-23.6328855 -46.6050517;-23.6304816 -46.6038767;310;83;93
90;Thu Mar 14 22:35:46 2019;-23.6328908584029,-46.6050373925733;-23.6304977514816,-46.6038687602859;-23.6328855 -46.6050517;-23.6304816 -46.6038767;310;83;93
91;Thu Mar 14 22:36:46 2019;-23.6328908584029,-46.6050373925733;-23.6304977514816,-46.6038687602859;-23.6328855 -46.6050517;-23.6304816 -46.6038767;310;83;90
92;Thu Mar 14 22:37:45 2019;-23.6328908584029,-46.6050373925733;-23.6304977514816,-46.6038687602859;-23.6328855 -46.6050517;-23.6304816 -46.6038767;310;83;90
93;Thu Mar 14 22:38:47 2019;-23.6328908584029,-46.6050373925733;-23.6304977514816,-46.6038687602859;-23.6328855 -46.6050517;-23.6304816 -46.6038767;310;83;90
94;Thu Mar 14 22:39:46 2019;-23.6328908584029,-46.6050373925733;-23.6304977514816,-46.6038687602859;-23.6328855 -46.6050517;-23.6304816 -46.6038767;310;83;90
95;Thu Mar 14 22:40:46 2019;-23.6328908584029,-46.6050373925733;-23.6304977514816,-46.6038687602859;-23.6328855 -46.6050517;-23.6304816 -46.6038767;310;83;90
96;Thu Mar 14 22:41:46 2019;-23.6328908584029,-46.6050373925733;-23.6304977514816,-46.6038687602859;-23.6328855 -46.6050517;-23.6304816 -46.6038767;310;83;90
97;Thu Mar 14 22:42:46 2019;-23.6328908584029,-46.6050373925733;-23.6304977514816,-46.6038687602859;-23.6328855 -46.6050517;-23.6304816 -46.6038767;310;83;90
98;Thu Mar 14 22:43:46 2019;-23.6328908584029,-46.6050373925733;-23.6304977514816,-46.6038687602859;-23.6328855 -46.6050517;-23.6304816 -46.6038767;310;83;90
99;Thu Mar 14 22:44:46 2019;-23.6328908584029,-46.6050373925733;-23.6304977514816,-46.6038687602859;-23.6328855 -46.6050517;-23.6304816 -46.6038767;310;83;90
100;Thu Mar 14 22:45:46 2019;-23.6328908584029,-46.6050373925733;-23.6304977514816,-46.6038687602859;-23.6328855 -46.6050517;-23.6304816 -46.6038767;310;83;90
101;Thu Mar 14 22:46:46 2019;-23.6328908584029,-46.6050373925733;-23.6304977514816,-46.6038687602859;-23.6328855 -46.6050517;-23.6304816 -46.6038767;310;83;90
102;Thu Mar 14 22:47:46 2019;-23.6328908584029,-46.6050373925733;-23.6304977514816,-46.6038687602859;-23.6328855 -46.6050517;-23.6304816 -46.6038767;310;83;90
103;Thu Mar 14 22:48:46 2019;-23.6328908584029,-46.6050373925733;-23.6304977514816,-46.6038687602859;-23.6328855 -46.6050517;-23.6304816 -46.6038767;310;83;90
104;Thu Mar 14 22:49:46 2019;-23.6328908584029,-46.6050373925733;-23.6304977514816,-46.6038687602859;-23.6328855 -46.6050517;-23.6304816 -46.6038767;310;83;90
105;Thu Mar 14 22:50:46 2019;-23.6328908584029,-46.6050373925733;-23.6304977514816,-46.6038687602859;-23.6328855 -46.6050517;-23.6304816 -46.6038767;310;83;90
106;Thu Mar 14 22:51:46 2019;-23.6328908584029,-46.6050373925733;-23.6304977514816,-46.6038687602859;-23.6328855 -46.6050517;-23.6304816 -46.6038767;310;83;88
107;Thu Mar 14 22:52:46 2019;-23.6328908584029,-46.6050373925733;-23.6304977514816,-46.6038687602859;-23.6328855 -46.6050517;-23.6304816 -46.6038767;310;83;88
108;Thu Mar 14 22:53:46 2019;-23.6328908584029,-46.6050373925733;-23.6304977514816,-46.6038687602859;-23.6328855 -46.6050517;-23.6304816 -46.6038767;310;83;88
109;Thu Mar 14 22:54:46 2019;-23.6328908584029,-46.6050373925733;-23.6304977514816,-46.6038687602859;-23.6328855 -46.6050517;-23.6304816 -46.6038767;310;83;88
110;Thu Mar 14 22:55:46 2019;-23.6328908584029,-46.6050373925733;-23.6304977514816,-46.6038687602859;-23.6328855 -46.6050517;-23.6304816 -46.6038767;310;83;88
111;Thu Mar 14 22:56:46 2019;-23.6328908584029,-46.6050373925733;-23.6304977514816,-46.6038687602859;-23.6328855 -46.6050517;-23.6304816 -46.6038767;310;83;88
112;Thu Mar 14 22:57:46 2019;-23.6328908584029,-46.6050373925733;-23.6304977514816,-46.6038687602859;-23.6328855 -46.6050517;-23.6304816 -46.6038767;310;83;88
113;Thu Mar 14 22:58:46 2019;-23.6328908584029,-46.6050373925733;-23.6304977514816,-46.6038687602859;-23.6328855 -46.6050517;-23.6304816 -46.6038767;310;83;88
114;Thu Mar 14 22:59:46 2019;-23.6328908584029,-46.6050373925733;-23.6304977514816,-46.6038687602859;-23.6328855 -46.6050517;-23.6304816 -46.6038767;310;83;88
115;Thu Mar 14 23:00:46 2019;-23.6328908584029,-46.6050373925733;-23.6304977514816,-46.6038687602859;-23.6328855 -46.6050517;-23.6304816 -46.6038767;310;83;88
116;Thu Mar 14 23:01:45 2019;-23.6328908584029,-46.6050373925733;-23.6304977514816,-46.6038687602859;-23.6328855 -46.6050517;-23.6304816 -46.6038767;310;83;88
117;Thu Mar 14 23:02:46 2019;-23.6328908584029,-46.6050373925733;-23.6304977514816,-46.6038687602859;-23.6328855 -46.6050517;-23.6304816 -46.6038767;310;83;88
118;Thu Mar 14 23:03:46 2019;-23.6328908584029,-46.6050373925733;-23.6304977514816,-46.6038687602859;-23.6328855 -46.6050517;-23.6304816 -46.6038767;310;83;88
119;Thu Mar 14 23:04:46 2019;-23.6328908584029,-46.6050373925733;-23.6304977514816,-46.6038687602859;-23.6328855 -46.6050517;-23.6304816 -46.6038767;310;83;88
120;Thu Mar 14 23:05:46 2019;-23.6328908584029,-46.6050373925733;-23.6304977514816,-46.6038687602859;-23.6328855 -46.6050517;-23.6304816 -46.6038767;310;83;88
121;Thu Mar 14 23:06:46 2019;-23.6328908584029,-46.6050373925733;-23.6304977514816,-46.6038687602859;-23.6328855 -46.6050517;-23.6304816 -46.6038767;310;83;83
122;Thu Mar 14 23:07:46 2019;-23.6328908584029,-46.6050373925733;-23.6304977514816,-46.6038687602859;-23.6328855 -46.6050517;-23.6304816 -46.6038767;310;83;73
123;Thu Mar 14 23:08:46 2019;-23.6328908584029,-46.6050373925733;-23.6304977514816,-46.6038687602859;-23.6328855 -46.6050517;-23.6304816 -46.6038767;310;83;73
124;Thu Mar 14 23:09:46 2019;-23.6328908584029,-46.6050373925733;-23.6304977514816,-46.6038687602859;-23.6328855 -46.6050517;-23.6304816 -46.6038767;310;83;73
125;Thu Mar 14 23:10:45 2019;-23.6328908584029,-46.6050373925733;-23.6304977514816,-46.6038687602859;-23.6328855 -46.6050517;-23.6304816 -46.6038767;310;83;73
126;Thu Mar 14 23:11:46 2019;-23.6328908584029,-46.6050373925733;-23.6304977514816,-46.6038687602859;-23.6328855 -46.6050517;-23.6304816 -46.6038767;310;83;73
127;Thu Mar 14 23:12:46 2019;-23.6328908584029,-46.6050373925733;-23.6304977514816,-46.6038687602859;-23.6328855 -46.6050517;-23.6304816 -46.6038767;310;83;73
128;Thu Mar 14 23:13:45 2019;-23.6328908584029,-46.6050373925733;-23.6304977514816,-46.6038687602859;-23.6328855 -46.6050517;-23.6304816 -46.6038767;310;83;73
129;Thu Mar 14 23:14:46 2019;-23.6328908584029,-46.6050373925733;-23.6304977514816,-46.6038687602859;-23.6328855 -46.6050517;-23.6304816 -46.6038767;310;83;73
130;Thu Mar 14 23:15:46 2019;-23.6328908584029,-46.6050373925733;-23.6304977514816,-46.6038687602859;-23.6328855 -46.6050517;-23.6304816 -46.6038767;310;83;73
131;Thu Mar 14 23:16:46 2019;-23.6328908584029,-46.6050373925733;-23.6304977514816,-46.6038687602859;-23.6328855 -46.6050517;-23.6304816 -46.6038767;310;83;73
132;Thu Mar 14 23:17:46 2019;-23.6328908584029,-46.6050373925733;-23.6304977514816,-46.6038687602859;-23.6328855 -46.6050517;-23.6304816 -46.6038767;310;83;73
133;Thu Mar 14 23:18:46 2019;-23.6328908584029,-46.6050373925733;-23.6304977514816,-46.6038687602859;-23.6328855 -46.6050517;-23.6304816 -46.6038767;310;83;73
134;Thu Mar 14 23:19:46 2019;-23.6328908584029,-46.6050373925733;-23.6304977514816,-46.6038687602859;-23.6328855 -46.6050517;-23.6304816 -46.6038767;310;83;73
135;Thu Mar 14 23:20:45 2019;-23.6328908584029,-46.6050373925733;-23.6304977514816,-46.6038687602859;-23.6328855 -46.6050517;-23.6304816 -46.6038767;310;83;73
136;Thu Mar 14 23:21:46 2019;-23.6328908584029,-46.6050373925733;-23.6304977514816,-46.6038687602859;-23.6328855 -46.6050517;-23.6304816 -46.6038767;310;83;74
137;Thu Mar 14 23:22:45 2019;-23.6328908584029,-46.6050373925733;-23.6304977514816,-46.6038687602859;-23.6328855 -46.6050517;-23.6304816 -46.6038767;310;83;77
138;Thu Mar 14 23:23:46 2019;-23.6328908584029,-46.6050373925733;-23.6304977514816,-46.6038687602859;-23.6328855 -46.6050517;-23.6304816 -46.6038767;310;83;77
139;Thu Mar 14 23:24:46 2019;-23.6328908584029,-46.6050373925733;-23.6304977514816,-46.6038687602859;-23.6328855 -46.6050517;-23.6304816 -46.6038767;310;83;77
140;Thu Mar 14 23:25:45 2019;-23.6328908584029,-46.6050373925733;-23.6304977514816,-46.6038687602859;-23.6328855 -46.6050517;-23.6304816 -46.6038767;310;83;77
141;Thu Mar 14 23:26:47 2019;-23.6328908584029,-46.6050373925733;-23.6304977514816,-46.6038687602859;-23.6328855 -46.6050517;-23.6304816 -46.6038767;310;83;77
142;Thu Mar 14 23:27:46 2019;-23.6328908584029,-46.6050373925733;-23.6304977514816,-46.6038687602859;-23.6328855 -46.6050517;-23.6304816 -46.6038767;310;83;77
143;Thu Mar 14 23:28:46 2019;-23.6328908584029,-46.6050373925733;-23.6304977514816,-46.6038687602859;-23.6328855 -46.6050517;-23.6304816 -46.6038767;310;83;77
144;Thu Mar 14 23:29:46 2019;-23.6328908584029,-46.6050373925733;-23.6304977514816,-46.6038687602859;-23.6328855 -46.6050517;-23.6304816 -46.6038767;310;83;77
145;Thu Mar 14 23:30:46 2019;-23.6328908584029,-46.6050373925733;-23.6304977514816,-46.6038687602859;-23.6328855 -46.6050517;-23.6304816 -46.6038767;310;83;77
146;Thu Mar 14 23:31:46 2019;-23.6328908584029,-46.6050373925733;-23.6304977514816,-46.6038687602859;-23.6328855 -46.6050517;-23.6304816 -46.6038767;310;83;77
147;Thu Mar 14 23:32:46 2019;-23.6328908584029,-46.6050373925733;-23.6304977514816,-46.6038687602859;-23.6328855 -46.6050517;-23.6304816 -46.6038767;310;83;77
148;Thu Mar 14 23:33:46 2019;-23.6328908584029,-46.6050373925733;-23.6304977514816,-46.6038687602859;-23.6328855 -46.6050517;-23.6304816 -46.6038767;310;83;77
149;Thu Mar 14 23:34:46 2019;-23.6328908584029,-46.6050373925733;-23.6304977514816,-46.6038687602859;-23.6328855 -46.6050517;-23.6304816 -46.6038767;310;83;77
150;Thu Mar 14 23:35:46 2019;-23.6328908584029,-46.6050373925733;-23.6304977514816,-46.6038687602859;-23.6328855 -46.6050517;-23.6304816 -46.6038767;310;83;77
151;Thu Mar 14 23:36:46 2019;-23.6328908584029,-46.6050373925733;-23.6304977514816,-46.6038687602859;-23.6328855 -46.6050517;-23.6304816 -46.6038767;310;83;76
152;Thu Mar 14 23:37:46 2019;-23.6328908584029,-46.6050373925733;-23.6304977514816,-46.6038687602859;-23.6328855 -46.6050517;-23.6304816 -46.6038767;310;83;69
153;Thu Mar 14 23:38:46 2019;-23.6328908584029,-46.6050373925733;-23.6304977514816,-46.6038687602859;-23.6328855 -46.6050517;-23.6304816 -46.6038767;310;83;69
154;Thu Mar 14 23:39:46 2019;-23.6328908584029,-46.6050373925733;-23.6304977514816,-46.6038687602859;-23.6328855 -46.6050517;-23.6304816 -46.6038767;310;83;69
155;Thu Mar 14 23:40:46 2019;-23.6328908584029,-46.6050373925733;-23.6304977514816,-46.6038687602859;-23.6328855 -46.6050517;-23.6304816 -46.6038767;310;83;69
156;Thu Mar 14 23:41:46 2019;-23.6328908584029,-46.6050373925733;-23.6304977514816,-46.6038687602859;-23.6328855 -46.6050517;-23.6304816 -46.6038767;310;83;69
157;Thu Mar 14 23:42:46 2019;-23.6328908584029,-46.6050373925733;-23.6304977514816,-46.6038687602859;-23.6328855 -46.6050517;-23.6304816 -46.6038767;310;83;69
158;Thu Mar 14 23:43:45 2019;-23.6328908584029,-46.6050373925733;-23.6304977514816,-46.6038687602859;-23.6328855 -46.6050517;-23.6304816 -46.6038767;310;83;69
159;Thu Mar 14 23:44:46 2019;-23.6328908584029,-46.6050373925733;-23.6304977514816,-46.6038687602859;-23.6328855 -46.6050517;-23.6304816 -46.6038767;310;83;69
160;Thu Mar 14 23:45:45 2019;-23.6328908584029,-46.6050373925733;-23.6304977514816,-46.6038687602859;-23.6328855 -46.6050517;-23.6304816 -46.6038767;310;83;69
161;Thu Mar 14 23:46:46 2019;-23.6328908584029,-46.6050373925733;-23.6304977514816,-46.6038687602859;-23.6328855 -46.6050517;-23.6304816 -46.6038767;310;83;69
162;Thu Mar 14 23:47:46 2019;-23.6328908584029,-46.6050373925733;-23.6304977514816,-46.6038687602859;-23.6328855 -46.6050517;-23.6304816 -46.6038767;310;83;69
163;Thu Mar 14 23:48:46 2019;-23.6328908584029,-46.6050373925733;-23.6304977514816,-46.6038687602859;-23.6328855 -46.6050517;-23.6304816 -46.6038767;310;83;69
164;Thu Mar 14 23:49:46 2019;-23.6328908584029,-46.6050373925733;-23.6304977514816,-46.6038687602859;-23.6328855 -46.6050517;-23.6304816 -46.6038767;310;83;69
165;Thu Mar 14 23:50:46 2019;-23.6328908584029,-46.6050373925733;-23.6304977514816,-46.6038687602859;-23.6328855 -46.6050517;-23.6304816 -46.6038767;310;83;69
166;Thu Mar 14 23:51:46 2019;-23.6328908584029,-46.6050373925733;-23.6304977514816,-46.6038687602859;-23.6328855 -46.6050517;-23.6304816 -46.6038767;310;83;68
167;Thu Mar 14 23:52:45 2019;-23.6328908584029,-46.6050373925733;-23.6304977514816,-46.6038687602859;-23.6328855 -46.6050517;-23.6304816 -46.6038767;310;83;68
168;Thu Mar 14 23:53:46 2019;-23.6328908584029,-46.6050373925733;-23.6304977514816,-46.6038687602859;-23.6328855 -46.6050517;-23.6304816 -46.6038767;310;83;68
169;Thu Mar 14 23:54:45 2019;-23.6328908584029,-46.6050373925733;-23.6304977514816,-46.6038687602859;-23.6328855 -46.6050517;-23.6304816 -46.6038767;310;83;68
170;Thu Mar 14 23:55:46 2019;-23.6328908584029,-46.6050373925733;-23.6304977514816,-46.6038687602859;-23.6328855 -46.6050517;-23.6304816 -46.6038767;310;83;68
171;Thu Mar 14 23:56:46 2019;-23.6328908584029,-46.6050373925733;-23.6304977514816,-46.6038687602859;-23.6328855 -46.6050517;-23.6304816 -46.6038767;310;83;68
172;Thu Mar 14 23:57:46 2019;-23.6328908584029,-46.6050373925733;-23.6304977514816,-46.6038687602859;-23.6328855 -46.6050517;-23.6304816 -46.6038767;310;83;68
173;Thu Mar 14 23:58:46 2019;-23.6328908584029,-46.6050373925733;-23.6304977514816,-46.6038687602859;-23.6328855 -46.6050517;-23.6304816 -46.6038767;310;83;68
174;Thu Mar 14 23:59:46 2019;-23.6328908584029,-46.6050373925733;-23.6304977514816,-46.6038687602859;-23.6328855 -46.6050517;-23.6304816 -46.6038767;310;83;68
