38972;Thu Mar 14 00:00:34 2019;-23.5982853004579,-46.6158408373559;-23.5964170809876,-46.6165202977249;-23.5982894 -46.6158233;-23.5964338 -46.6165287;230;28;26
39213;Thu Mar 14 04:01:34 2019;-23.5982853004579,-46.6158408373559;-23.5964170809876,-46.6165202977249;-23.5982894 -46.6158233;-23.5964338 -46.6165287;230;28;27
39214;Thu Mar 14 04:02:34 2019;-23.5982853004579,-46.6158408373559;-23.5964170809876,-46.6165202977249;-23.5982894 -46.6158233;-23.5964338 -46.6165287;230;28;27
39215;Thu Mar 14 04:03:34 2019;-23.5982853004579,-46.6158408373559;-23.5964170809876,-46.6165202977249;-23.5982894 -46.6158233;-23.5964338 -46.6165287;230;28;27
39216;Thu Mar 14 04:04:34 2019;-23.5982853004579,-46.6158408373559;-23.5964170809876,-46.6165202977249;-23.5982894 -46.6158233;-23.5964338 -46.6165287;230;28;27
39217;Thu Mar 14 04:05:34 2019;-23.5982853004579,-46.6158408373559;-23.5964170809876,-46.6165202977249;-23.5982894 -46.6158233;-23.5964338 -46.6165287;230;28;27
39218;Thu Mar 14 04:06:34 2019;-23.5982853004579,-46.6158408373559;-23.5964170809876,-46.6165202977249;-23.5982894 -46.6158233;-23.5964338 -46.6165287;230;28;27
39219;Thu Mar 14 04:07:34 2019;-23.5982853004579,-46.6158408373559;-23.5964170809876,-46.6165202977249;-23.5982894 -46.6158233;-23.5964338 -46.6165287;230;28;25
39220;Thu Mar 14 04:08:34 2019;-23.5982853004579,-46.6158408373559;-23.5964170809876,-46.6165202977249;-23.5982894 -46.6158233;-23.5964338 -46.6165287;230;28;25
39221;Thu Mar 14 04:09:34 2019;-23.5982853004579,-46.6158408373559;-23.5964170809876,-46.6165202977249;-23.5982894 -46.6158233;-23.5964338 -46.6165287;230;28;25
1;Thu Mar 14 21:06:55 2019;-23.5982853004579,-46.6158408373559;-23.5964170809876,-46.6165202977249;-23.5982894 -46.6158233;-23.5964338 -46.6165287;230;28;35
2;Thu Mar 14 21:07:48 2019;-23.5982853004579,-46.6158408373559;-23.5964170809876,-46.6165202977249;-23.5982894 -46.6158233;-23.5964338 -46.6165287;230;28;33
3;Thu Mar 14 21:08:51 2019;-23.5982853004579,-46.6158408373559;-23.5964170809876,-46.6165202977249;-23.5982894 -46.6158233;-23.5964338 -46.6165287;230;28;33
4;Thu Mar 14 21:09:48 2019;-23.5982853004579,-46.6158408373559;-23.5964170809876,-46.6165202977249;-23.5982894 -46.6158233;-23.5964338 -46.6165287;230;28;33
5;Thu Mar 14 21:10:48 2019;-23.5982853004579,-46.6158408373559;-23.5964170809876,-46.6165202977249;-23.5982894 -46.6158233;-23.5964338 -46.6165287;230;28;33
6;Thu Mar 14 21:11:47 2019;-23.5982853004579,-46.6158408373559;-23.5964170809876,-46.6165202977249;-23.5982894 -46.6158233;-23.5964338 -46.6165287;230;28;33
7;Thu Mar 14 21:12:47 2019;-23.5982853004579,-46.6158408373559;-23.5964170809876,-46.6165202977249;-23.5982894 -46.6158233;-23.5964338 -46.6165287;230;28;33
8;Thu Mar 14 21:13:47 2019;-23.5982853004579,-46.6158408373559;-23.5964170809876,-46.6165202977249;-23.5982894 -46.6158233;-23.5964338 -46.6165287;230;28;33
9;Thu Mar 14 21:14:48 2019;-23.5982853004579,-46.6158408373559;-23.5964170809876,-46.6165202977249;-23.5982894 -46.6158233;-23.5964338 -46.6165287;230;28;33
10;Thu Mar 14 21:15:48 2019;-23.5982853004579,-46.6158408373559;-23.5964170809876,-46.6165202977249;-23.5982894 -46.6158233;-23.5964338 -46.6165287;230;28;33
11;Thu Mar 14 21:16:48 2019;-23.5982853004579,-46.6158408373559;-23.5964170809876,-46.6165202977249;-23.5982894 -46.6158233;-23.5964338 -46.6165287;230;28;33
12;Thu Mar 14 21:17:48 2019;-23.5982853004579,-46.6158408373559;-23.5964170809876,-46.6165202977249;-23.5982894 -46.6158233;-23.5964338 -46.6165287;230;28;33
13;Thu Mar 14 21:18:48 2019;-23.5982853004579,-46.6158408373559;-23.5964170809876,-46.6165202977249;-23.5982894 -46.6158233;-23.5964338 -46.6165287;230;28;33
14;Thu Mar 14 21:19:48 2019;-23.5982853004579,-46.6158408373559;-23.5964170809876,-46.6165202977249;-23.5982894 -46.6158233;-23.5964338 -46.6165287;230;28;33
15;Thu Mar 14 21:20:48 2019;-23.5982853004579,-46.6158408373559;-23.5964170809876,-46.6165202977249;-23.5982894 -46.6158233;-23.5964338 -46.6165287;230;28;33
16;Thu Mar 14 21:21:49 2019;-23.5982853004579,-46.6158408373559;-23.5964170809876,-46.6165202977249;-23.5982894 -46.6158233;-23.5964338 -46.6165287;230;28;33
17;Thu Mar 14 21:22:48 2019;-23.5982853004579,-46.6158408373559;-23.5964170809876,-46.6165202977249;-23.5982894 -46.6158233;-23.5964338 -46.6165287;230;28;37
18;Thu Mar 14 21:23:47 2019;-23.5982853004579,-46.6158408373559;-23.5964170809876,-46.6165202977249;-23.5982894 -46.6158233;-23.5964338 -46.6165287;230;28;37
19;Thu Mar 14 21:24:48 2019;-23.5982853004579,-46.6158408373559;-23.5964170809876,-46.6165202977249;-23.5982894 -46.6158233;-23.5964338 -46.6165287;230;28;37
20;Thu Mar 14 21:25:47 2019;-23.5982853004579,-46.6158408373559;-23.5964170809876,-46.6165202977249;-23.5982894 -46.6158233;-23.5964338 -46.6165287;230;28;37
21;Thu Mar 14 21:26:48 2019;-23.5982853004579,-46.6158408373559;-23.5964170809876,-46.6165202977249;-23.5982894 -46.6158233;-23.5964338 -46.6165287;230;28;37
22;Thu Mar 14 21:27:47 2019;-23.5982853004579,-46.6158408373559;-23.5964170809876,-46.6165202977249;-23.5982894 -46.6158233;-23.5964338 -46.6165287;230;28;37
23;Thu Mar 14 21:28:47 2019;-23.5982853004579,-46.6158408373559;-23.5964170809876,-46.6165202977249;-23.5982894 -46.6158233;-23.5964338 -46.6165287;230;28;37
24;Thu Mar 14 21:29:48 2019;-23.5982853004579,-46.6158408373559;-23.5964170809876,-46.6165202977249;-23.5982894 -46.6158233;-23.5964338 -46.6165287;230;28;37
25;Thu Mar 14 21:30:47 2019;-23.5982853004579,-46.6158408373559;-23.5964170809876,-46.6165202977249;-23.5982894 -46.6158233;-23.5964338 -46.6165287;230;28;37
26;Thu Mar 14 21:31:47 2019;-23.5982853004579,-46.6158408373559;-23.5964170809876,-46.6165202977249;-23.5982894 -46.6158233;-23.5964338 -46.6165287;230;28;37
27;Thu Mar 14 21:32:47 2019;-23.5982853004579,-46.6158408373559;-23.5964170809876,-46.6165202977249;-23.5982894 -46.6158233;-23.5964338 -46.6165287;230;28;37
28;Thu Mar 14 21:33:47 2019;-23.5982853004579,-46.6158408373559;-23.5964170809876,-46.6165202977249;-23.5982894 -46.6158233;-23.5964338 -46.6165287;230;28;37
29;Thu Mar 14 21:34:48 2019;-23.5982853004579,-46.6158408373559;-23.5964170809876,-46.6165202977249;-23.5982894 -46.6158233;-23.5964338 -46.6165287;230;28;37
30;Thu Mar 14 21:35:47 2019;-23.5982853004579,-46.6158408373559;-23.5964170809876,-46.6165202977249;-23.5982894 -46.6158233;-23.5964338 -46.6165287;230;28;37
31;Thu Mar 14 21:36:47 2019;-23.5982853004579,-46.6158408373559;-23.5964170809876,-46.6165202977249;-23.5982894 -46.6158233;-23.5964338 -46.6165287;230;28;37
32;Thu Mar 14 21:37:47 2019;-23.5982853004579,-46.6158408373559;-23.5964170809876,-46.6165202977249;-23.5982894 -46.6158233;-23.5964338 -46.6165287;230;28;29
33;Thu Mar 14 21:38:47 2019;-23.5982853004579,-46.6158408373559;-23.5964170809876,-46.6165202977249;-23.5982894 -46.6158233;-23.5964338 -46.6165287;230;28;29
34;Thu Mar 14 21:39:47 2019;-23.5982853004579,-46.6158408373559;-23.5964170809876,-46.6165202977249;-23.5982894 -46.6158233;-23.5964338 -46.6165287;230;28;29
35;Thu Mar 14 21:40:47 2019;-23.5982853004579,-46.6158408373559;-23.5964170809876,-46.6165202977249;-23.5982894 -46.6158233;-23.5964338 -46.6165287;230;28;29
36;Thu Mar 14 21:41:47 2019;-23.5982853004579,-46.6158408373559;-23.5964170809876,-46.6165202977249;-23.5982894 -46.6158233;-23.5964338 -46.6165287;230;28;29
37;Thu Mar 14 21:42:47 2019;-23.5982853004579,-46.6158408373559;-23.5964170809876,-46.6165202977249;-23.5982894 -46.6158233;-23.5964338 -46.6165287;230;28;29
38;Thu Mar 14 21:43:47 2019;-23.5982853004579,-46.6158408373559;-23.5964170809876,-46.6165202977249;-23.5982894 -46.6158233;-23.5964338 -46.6165287;230;28;29
39;Thu Mar 14 21:44:47 2019;-23.5982853004579,-46.6158408373559;-23.5964170809876,-46.6165202977249;-23.5982894 -46.6158233;-23.5964338 -46.6165287;230;28;29
40;Thu Mar 14 21:45:47 2019;-23.5982853004579,-46.6158408373559;-23.5964170809876,-46.6165202977249;-23.5982894 -46.6158233;-23.5964338 -46.6165287;230;28;29
41;Thu Mar 14 21:46:48 2019;-23.5982853004579,-46.6158408373559;-23.5964170809876,-46.6165202977249;-23.5982894 -46.6158233;-23.5964338 -46.6165287;230;28;29
42;Thu Mar 14 21:47:47 2019;-23.5982853004579,-46.6158408373559;-23.5964170809876,-46.6165202977249;-23.5982894 -46.6158233;-23.5964338 -46.6165287;230;28;29
43;Thu Mar 14 21:48:48 2019;-23.5982853004579,-46.6158408373559;-23.5964170809876,-46.6165202977249;-23.5982894 -46.6158233;-23.5964338 -46.6165287;230;28;29
44;Thu Mar 14 21:49:47 2019;-23.5982853004579,-46.6158408373559;-23.5964170809876,-46.6165202977249;-23.5982894 -46.6158233;-23.5964338 -46.6165287;230;28;29
45;Thu Mar 14 21:50:47 2019;-23.5982853004579,-46.6158408373559;-23.5964170809876,-46.6165202977249;-23.5982894 -46.6158233;-23.5964338 -46.6165287;230;28;29
46;Thu Mar 14 21:51:47 2019;-23.5982853004579,-46.6158408373559;-23.5964170809876,-46.6165202977249;-23.5982894 -46.6158233;-23.5964338 -46.6165287;230;28;29
47;Thu Mar 14 21:52:47 2019;-23.5982853004579,-46.6158408373559;-23.5964170809876,-46.6165202977249;-23.5982894 -46.6158233;-23.5964338 -46.6165287;230;28;27
48;Thu Mar 14 21:53:47 2019;-23.5982853004579,-46.6158408373559;-23.5964170809876,-46.6165202977249;-23.5982894 -46.6158233;-23.5964338 -46.6165287;230;28;27
49;Thu Mar 14 21:54:48 2019;-23.5982853004579,-46.6158408373559;-23.5964170809876,-46.6165202977249;-23.5982894 -46.6158233;-23.5964338 -46.6165287;230;28;27
50;Thu Mar 14 21:55:47 2019;-23.5982853004579,-46.6158408373559;-23.5964170809876,-46.6165202977249;-23.5982894 -46.6158233;-23.5964338 -46.6165287;230;28;27
51;Thu Mar 14 21:56:48 2019;-23.5982853004579,-46.6158408373559;-23.5964170809876,-46.6165202977249;-23.5982894 -46.6158233;-23.5964338 -46.6165287;230;28;27
52;Thu Mar 14 21:57:47 2019;-23.5982853004579,-46.6158408373559;-23.5964170809876,-46.6165202977249;-23.5982894 -46.6158233;-23.5964338 -46.6165287;230;28;27
53;Thu Mar 14 21:58:48 2019;-23.5982853004579,-46.6158408373559;-23.5964170809876,-46.6165202977249;-23.5982894 -46.6158233;-23.5964338 -46.6165287;230;28;27
54;Thu Mar 14 21:59:47 2019;-23.5982853004579,-46.6158408373559;-23.5964170809876,-46.6165202977249;-23.5982894 -46.6158233;-23.5964338 -46.6165287;230;28;27
55;Thu Mar 14 22:00:47 2019;-23.5982853004579,-46.6158408373559;-23.5964170809876,-46.6165202977249;-23.5982894 -46.6158233;-23.5964338 -46.6165287;230;28;27
56;Thu Mar 14 22:01:47 2019;-23.5982853004579,-46.6158408373559;-23.5964170809876,-46.6165202977249;-23.5982894 -46.6158233;-23.5964338 -46.6165287;230;28;27
57;Thu Mar 14 22:02:47 2019;-23.5982853004579,-46.6158408373559;-23.5964170809876,-46.6165202977249;-23.5982894 -46.6158233;-23.5964338 -46.6165287;230;28;27
58;Thu Mar 14 22:03:47 2019;-23.5982853004579,-46.6158408373559;-23.5964170809876,-46.6165202977249;-23.5982894 -46.6158233;-23.5964338 -46.6165287;230;28;27
59;Thu Mar 14 22:04:48 2019;-23.5982853004579,-46.6158408373559;-23.5964170809876,-46.6165202977249;-23.5982894 -46.6158233;-23.5964338 -46.6165287;230;28;27
60;Thu Mar 14 22:05:48 2019;-23.5982853004579,-46.6158408373559;-23.5964170809876,-46.6165202977249;-23.5982894 -46.6158233;-23.5964338 -46.6165287;230;28;27
61;Thu Mar 14 22:06:48 2019;-23.5982853004579,-46.6158408373559;-23.5964170809876,-46.6165202977249;-23.5982894 -46.6158233;-23.5964338 -46.6165287;230;28;27
62;Thu Mar 14 22:07:47 2019;-23.5982853004579,-46.6158408373559;-23.5964170809876,-46.6165202977249;-23.5982894 -46.6158233;-23.5964338 -46.6165287;230;28;28
63;Thu Mar 14 22:08:48 2019;-23.5982853004579,-46.6158408373559;-23.5964170809876,-46.6165202977249;-23.5982894 -46.6158233;-23.5964338 -46.6165287;230;28;28
64;Thu Mar 14 22:09:47 2019;-23.5982853004579,-46.6158408373559;-23.5964170809876,-46.6165202977249;-23.5982894 -46.6158233;-23.5964338 -46.6165287;230;28;28
65;Thu Mar 14 22:10:47 2019;-23.5982853004579,-46.6158408373559;-23.5964170809876,-46.6165202977249;-23.5982894 -46.6158233;-23.5964338 -46.6165287;230;28;28
66;Thu Mar 14 22:11:48 2019;-23.5982853004579,-46.6158408373559;-23.5964170809876,-46.6165202977249;-23.5982894 -46.6158233;-23.5964338 -46.6165287;230;28;28
67;Thu Mar 14 22:12:47 2019;-23.5982853004579,-46.6158408373559;-23.5964170809876,-46.6165202977249;-23.5982894 -46.6158233;-23.5964338 -46.6165287;230;28;28
68;Thu Mar 14 22:13:47 2019;-23.5982853004579,-46.6158408373559;-23.5964170809876,-46.6165202977249;-23.5982894 -46.6158233;-23.5964338 -46.6165287;230;28;28
69;Thu Mar 14 22:14:47 2019;-23.5982853004579,-46.6158408373559;-23.5964170809876,-46.6165202977249;-23.5982894 -46.6158233;-23.5964338 -46.6165287;230;28;28
70;Thu Mar 14 22:15:48 2019;-23.5982853004579,-46.6158408373559;-23.5964170809876,-46.6165202977249;-23.5982894 -46.6158233;-23.5964338 -46.6165287;230;28;28
71;Thu Mar 14 22:16:47 2019;-23.5982853004579,-46.6158408373559;-23.5964170809876,-46.6165202977249;-23.5982894 -46.6158233;-23.5964338 -46.6165287;230;28;28
72;Thu Mar 14 22:17:47 2019;-23.5982853004579,-46.6158408373559;-23.5964170809876,-46.6165202977249;-23.5982894 -46.6158233;-23.5964338 -46.6165287;230;28;28
73;Thu Mar 14 22:18:47 2019;-23.5982853004579,-46.6158408373559;-23.5964170809876,-46.6165202977249;-23.5982894 -46.6158233;-23.5964338 -46.6165287;230;28;28
74;Thu Mar 14 22:19:48 2019;-23.5982853004579,-46.6158408373559;-23.5964170809876,-46.6165202977249;-23.5982894 -46.6158233;-23.5964338 -46.6165287;230;28;28
75;Thu Mar 14 22:20:47 2019;-23.5982853004579,-46.6158408373559;-23.5964170809876,-46.6165202977249;-23.5982894 -46.6158233;-23.5964338 -46.6165287;230;28;28
76;Thu Mar 14 22:21:47 2019;-23.5982853004579,-46.6158408373559;-23.5964170809876,-46.6165202977249;-23.5982894 -46.6158233;-23.5964338 -46.6165287;230;28;28
77;Thu Mar 14 22:22:47 2019;-23.5982853004579,-46.6158408373559;-23.5964170809876,-46.6165202977249;-23.5982894 -46.6158233;-23.5964338 -46.6165287;230;28;29
78;Thu Mar 14 22:23:47 2019;-23.5982853004579,-46.6158408373559;-23.5964170809876,-46.6165202977249;-23.5982894 -46.6158233;-23.5964338 -46.6165287;230;28;29
79;Thu Mar 14 22:24:48 2019;-23.5982853004579,-46.6158408373559;-23.5964170809876,-46.6165202977249;-23.5982894 -46.6158233;-23.5964338 -46.6165287;230;28;29
80;Thu Mar 14 22:25:48 2019;-23.5982853004579,-46.6158408373559;-23.5964170809876,-46.6165202977249;-23.5982894 -46.6158233;-23.5964338 -46.6165287;230;28;29
81;Thu Mar 14 22:26:48 2019;-23.5982853004579,-46.6158408373559;-23.5964170809876,-46.6165202977249;-23.5982894 -46.6158233;-23.5964338 -46.6165287;230;28;29
82;Thu Mar 14 22:27:48 2019;-23.5982853004579,-46.6158408373559;-23.5964170809876,-46.6165202977249;-23.5982894 -46.6158233;-23.5964338 -46.6165287;230;28;29
83;Thu Mar 14 22:28:48 2019;-23.5982853004579,-46.6158408373559;-23.5964170809876,-46.6165202977249;-23.5982894 -46.6158233;-23.5964338 -46.6165287;230;28;29
84;Thu Mar 14 22:29:47 2019;-23.5982853004579,-46.6158408373559;-23.5964170809876,-46.6165202977249;-23.5982894 -46.6158233;-23.5964338 -46.6165287;230;28;29
85;Thu Mar 14 22:30:47 2019;-23.5982853004579,-46.6158408373559;-23.5964170809876,-46.6165202977249;-23.5982894 -46.6158233;-23.5964338 -46.6165287;230;28;29
86;Thu Mar 14 22:31:47 2019;-23.5982853004579,-46.6158408373559;-23.5964170809876,-46.6165202977249;-23.5982894 -46.6158233;-23.5964338 -46.6165287;230;28;29
87;Thu Mar 14 22:32:48 2019;-23.5982853004579,-46.6158408373559;-23.5964170809876,-46.6165202977249;-23.5982894 -46.6158233;-23.5964338 -46.6165287;230;28;29
88;Thu Mar 14 22:33:47 2019;-23.5982853004579,-46.6158408373559;-23.5964170809876,-46.6165202977249;-23.5982894 -46.6158233;-23.5964338 -46.6165287;230;28;29
89;Thu Mar 14 22:34:47 2019;-23.5982853004579,-46.6158408373559;-23.5964170809876,-46.6165202977249;-23.5982894 -46.6158233;-23.5964338 -46.6165287;230;28;29
90;Thu Mar 14 22:35:47 2019;-23.5982853004579,-46.6158408373559;-23.5964170809876,-46.6165202977249;-23.5982894 -46.6158233;-23.5964338 -46.6165287;230;28;29
91;Thu Mar 14 22:36:47 2019;-23.5982853004579,-46.6158408373559;-23.5964170809876,-46.6165202977249;-23.5982894 -46.6158233;-23.5964338 -46.6165287;230;28;29
92;Thu Mar 14 22:37:47 2019;-23.5982853004579,-46.6158408373559;-23.5964170809876,-46.6165202977249;-23.5982894 -46.6158233;-23.5964338 -46.6165287;230;28;27
93;Thu Mar 14 22:38:48 2019;-23.5982853004579,-46.6158408373559;-23.5964170809876,-46.6165202977249;-23.5982894 -46.6158233;-23.5964338 -46.6165287;230;28;27
94;Thu Mar 14 22:39:47 2019;-23.5982853004579,-46.6158408373559;-23.5964170809876,-46.6165202977249;-23.5982894 -46.6158233;-23.5964338 -46.6165287;230;28;27
95;Thu Mar 14 22:40:48 2019;-23.5982853004579,-46.6158408373559;-23.5964170809876,-46.6165202977249;-23.5982894 -46.6158233;-23.5964338 -46.6165287;230;28;27
96;Thu Mar 14 22:41:47 2019;-23.5982853004579,-46.6158408373559;-23.5964170809876,-46.6165202977249;-23.5982894 -46.6158233;-23.5964338 -46.6165287;230;28;27
97;Thu Mar 14 22:42:48 2019;-23.5982853004579,-46.6158408373559;-23.5964170809876,-46.6165202977249;-23.5982894 -46.6158233;-23.5964338 -46.6165287;230;28;27
98;Thu Mar 14 22:43:47 2019;-23.5982853004579,-46.6158408373559;-23.5964170809876,-46.6165202977249;-23.5982894 -46.6158233;-23.5964338 -46.6165287;230;28;27
99;Thu Mar 14 22:44:48 2019;-23.5982853004579,-46.6158408373559;-23.5964170809876,-46.6165202977249;-23.5982894 -46.6158233;-23.5964338 -46.6165287;230;28;27
100;Thu Mar 14 22:45:48 2019;-23.5982853004579,-46.6158408373559;-23.5964170809876,-46.6165202977249;-23.5982894 -46.6158233;-23.5964338 -46.6165287;230;28;27
101;Thu Mar 14 22:46:48 2019;-23.5982853004579,-46.6158408373559;-23.5964170809876,-46.6165202977249;-23.5982894 -46.6158233;-23.5964338 -46.6165287;230;28;27
102;Thu Mar 14 22:47:47 2019;-23.5982853004579,-46.6158408373559;-23.5964170809876,-46.6165202977249;-23.5982894 -46.6158233;-23.5964338 -46.6165287;230;28;27
103;Thu Mar 14 22:48:47 2019;-23.5982853004579,-46.6158408373559;-23.5964170809876,-46.6165202977249;-23.5982894 -46.6158233;-23.5964338 -46.6165287;230;28;27
104;Thu Mar 14 22:49:47 2019;-23.5982853004579,-46.6158408373559;-23.5964170809876,-46.6165202977249;-23.5982894 -46.6158233;-23.5964338 -46.6165287;230;28;27
105;Thu Mar 14 22:50:48 2019;-23.5982853004579,-46.6158408373559;-23.5964170809876,-46.6165202977249;-23.5982894 -46.6158233;-23.5964338 -46.6165287;230;28;27
106;Thu Mar 14 22:51:47 2019;-23.5982853004579,-46.6158408373559;-23.5964170809876,-46.6165202977249;-23.5982894 -46.6158233;-23.5964338 -46.6165287;230;28;27
107;Thu Mar 14 22:52:47 2019;-23.5982853004579,-46.6158408373559;-23.5964170809876,-46.6165202977249;-23.5982894 -46.6158233;-23.5964338 -46.6165287;230;28;30
108;Thu Mar 14 22:53:48 2019;-23.5982853004579,-46.6158408373559;-23.5964170809876,-46.6165202977249;-23.5982894 -46.6158233;-23.5964338 -46.6165287;230;28;30
109;Thu Mar 14 22:54:47 2019;-23.5982853004579,-46.6158408373559;-23.5964170809876,-46.6165202977249;-23.5982894 -46.6158233;-23.5964338 -46.6165287;230;28;30
110;Thu Mar 14 22:55:48 2019;-23.5982853004579,-46.6158408373559;-23.5964170809876,-46.6165202977249;-23.5982894 -46.6158233;-23.5964338 -46.6165287;230;28;30
111;Thu Mar 14 22:56:48 2019;-23.5982853004579,-46.6158408373559;-23.5964170809876,-46.6165202977249;-23.5982894 -46.6158233;-23.5964338 -46.6165287;230;28;30
112;Thu Mar 14 22:57:47 2019;-23.5982853004579,-46.6158408373559;-23.5964170809876,-46.6165202977249;-23.5982894 -46.6158233;-23.5964338 -46.6165287;230;28;30
113;Thu Mar 14 22:58:47 2019;-23.5982853004579,-46.6158408373559;-23.5964170809876,-46.6165202977249;-23.5982894 -46.6158233;-23.5964338 -46.6165287;230;28;30
114;Thu Mar 14 22:59:47 2019;-23.5982853004579,-46.6158408373559;-23.5964170809876,-46.6165202977249;-23.5982894 -46.6158233;-23.5964338 -46.6165287;230;28;30
115;Thu Mar 14 23:00:47 2019;-23.5982853004579,-46.6158408373559;-23.5964170809876,-46.6165202977249;-23.5982894 -46.6158233;-23.5964338 -46.6165287;230;28;30
116;Thu Mar 14 23:01:47 2019;-23.5982853004579,-46.6158408373559;-23.5964170809876,-46.6165202977249;-23.5982894 -46.6158233;-23.5964338 -46.6165287;230;28;30
117;Thu Mar 14 23:02:47 2019;-23.5982853004579,-46.6158408373559;-23.5964170809876,-46.6165202977249;-23.5982894 -46.6158233;-23.5964338 -46.6165287;230;28;30
118;Thu Mar 14 23:03:48 2019;-23.5982853004579,-46.6158408373559;-23.5964170809876,-46.6165202977249;-23.5982894 -46.6158233;-23.5964338 -46.6165287;230;28;30
119;Thu Mar 14 23:04:48 2019;-23.5982853004579,-46.6158408373559;-23.5964170809876,-46.6165202977249;-23.5982894 -46.6158233;-23.5964338 -46.6165287;230;28;30
120;Thu Mar 14 23:05:47 2019;-23.5982853004579,-46.6158408373559;-23.5964170809876,-46.6165202977249;-23.5982894 -46.6158233;-23.5964338 -46.6165287;230;28;30
121;Thu Mar 14 23:06:48 2019;-23.5982853004579,-46.6158408373559;-23.5964170809876,-46.6165202977249;-23.5982894 -46.6158233;-23.5964338 -46.6165287;230;28;30
122;Thu Mar 14 23:07:48 2019;-23.5982853004579,-46.6158408373559;-23.5964170809876,-46.6165202977249;-23.5982894 -46.6158233;-23.5964338 -46.6165287;230;28;27
123;Thu Mar 14 23:08:47 2019;-23.5982853004579,-46.6158408373559;-23.5964170809876,-46.6165202977249;-23.5982894 -46.6158233;-23.5964338 -46.6165287;230;28;27
124;Thu Mar 14 23:09:47 2019;-23.5982853004579,-46.6158408373559;-23.5964170809876,-46.6165202977249;-23.5982894 -46.6158233;-23.5964338 -46.6165287;230;28;27
125;Thu Mar 14 23:10:47 2019;-23.5982853004579,-46.6158408373559;-23.5964170809876,-46.6165202977249;-23.5982894 -46.6158233;-23.5964338 -46.6165287;230;28;27
126;Thu Mar 14 23:11:48 2019;-23.5982853004579,-46.6158408373559;-23.5964170809876,-46.6165202977249;-23.5982894 -46.6158233;-23.5964338 -46.6165287;230;28;27
127;Thu Mar 14 23:12:47 2019;-23.5982853004579,-46.6158408373559;-23.5964170809876,-46.6165202977249;-23.5982894 -46.6158233;-23.5964338 -46.6165287;230;28;27
128;Thu Mar 14 23:13:47 2019;-23.5982853004579,-46.6158408373559;-23.5964170809876,-46.6165202977249;-23.5982894 -46.6158233;-23.5964338 -46.6165287;230;28;27
129;Thu Mar 14 23:14:47 2019;-23.5982853004579,-46.6158408373559;-23.5964170809876,-46.6165202977249;-23.5982894 -46.6158233;-23.5964338 -46.6165287;230;28;27
130;Thu Mar 14 23:15:47 2019;-23.5982853004579,-46.6158408373559;-23.5964170809876,-46.6165202977249;-23.5982894 -46.6158233;-23.5964338 -46.6165287;230;28;27
131;Thu Mar 14 23:16:47 2019;-23.5982853004579,-46.6158408373559;-23.5964170809876,-46.6165202977249;-23.5982894 -46.6158233;-23.5964338 -46.6165287;230;28;27
132;Thu Mar 14 23:17:47 2019;-23.5982853004579,-46.6158408373559;-23.5964170809876,-46.6165202977249;-23.5982894 -46.6158233;-23.5964338 -46.6165287;230;28;27
133;Thu Mar 14 23:18:47 2019;-23.5982853004579,-46.6158408373559;-23.5964170809876,-46.6165202977249;-23.5982894 -46.6158233;-23.5964338 -46.6165287;230;28;27
134;Thu Mar 14 23:19:47 2019;-23.5982853004579,-46.6158408373559;-23.5964170809876,-46.6165202977249;-23.5982894 -46.6158233;-23.5964338 -46.6165287;230;28;27
135;Thu Mar 14 23:20:47 2019;-23.5982853004579,-46.6158408373559;-23.5964170809876,-46.6165202977249;-23.5982894 -46.6158233;-23.5964338 -46.6165287;230;28;27
136;Thu Mar 14 23:21:47 2019;-23.5982853004579,-46.6158408373559;-23.5964170809876,-46.6165202977249;-23.5982894 -46.6158233;-23.5964338 -46.6165287;230;28;27
137;Thu Mar 14 23:22:48 2019;-23.5982853004579,-46.6158408373559;-23.5964170809876,-46.6165202977249;-23.5982894 -46.6158233;-23.5964338 -46.6165287;230;28;27
138;Thu Mar 14 23:23:47 2019;-23.5982853004579,-46.6158408373559;-23.5964170809876,-46.6165202977249;-23.5982894 -46.6158233;-23.5964338 -46.6165287;230;28;27
139;Thu Mar 14 23:24:47 2019;-23.5982853004579,-46.6158408373559;-23.5964170809876,-46.6165202977249;-23.5982894 -46.6158233;-23.5964338 -46.6165287;230;28;27
140;Thu Mar 14 23:25:47 2019;-23.5982853004579,-46.6158408373559;-23.5964170809876,-46.6165202977249;-23.5982894 -46.6158233;-23.5964338 -46.6165287;230;28;27
141;Thu Mar 14 23:26:49 2019;-23.5982853004579,-46.6158408373559;-23.5964170809876,-46.6165202977249;-23.5982894 -46.6158233;-23.5964338 -46.6165287;230;28;27
142;Thu Mar 14 23:27:47 2019;-23.5982853004579,-46.6158408373559;-23.5964170809876,-46.6165202977249;-23.5982894 -46.6158233;-23.5964338 -46.6165287;230;28;27
143;Thu Mar 14 23:28:47 2019;-23.5982853004579,-46.6158408373559;-23.5964170809876,-46.6165202977249;-23.5982894 -46.6158233;-23.5964338 -46.6165287;230;28;27
144;Thu Mar 14 23:29:47 2019;-23.5982853004579,-46.6158408373559;-23.5964170809876,-46.6165202977249;-23.5982894 -46.6158233;-23.5964338 -46.6165287;230;28;27
145;Thu Mar 14 23:30:47 2019;-23.5982853004579,-46.6158408373559;-23.5964170809876,-46.6165202977249;-23.5982894 -46.6158233;-23.5964338 -46.6165287;230;28;27
146;Thu Mar 14 23:31:47 2019;-23.5982853004579,-46.6158408373559;-23.5964170809876,-46.6165202977249;-23.5982894 -46.6158233;-23.5964338 -46.6165287;230;28;27
147;Thu Mar 14 23:32:48 2019;-23.5982853004579,-46.6158408373559;-23.5964170809876,-46.6165202977249;-23.5982894 -46.6158233;-23.5964338 -46.6165287;230;28;27
148;Thu Mar 14 23:33:48 2019;-23.5982853004579,-46.6158408373559;-23.5964170809876,-46.6165202977249;-23.5982894 -46.6158233;-23.5964338 -46.6165287;230;28;27
149;Thu Mar 14 23:34:47 2019;-23.5982853004579,-46.6158408373559;-23.5964170809876,-46.6165202977249;-23.5982894 -46.6158233;-23.5964338 -46.6165287;230;28;27
150;Thu Mar 14 23:35:47 2019;-23.5982853004579,-46.6158408373559;-23.5964170809876,-46.6165202977249;-23.5982894 -46.6158233;-23.5964338 -46.6165287;230;28;27
151;Thu Mar 14 23:36:48 2019;-23.5982853004579,-46.6158408373559;-23.5964170809876,-46.6165202977249;-23.5982894 -46.6158233;-23.5964338 -46.6165287;230;28;27
152;Thu Mar 14 23:37:48 2019;-23.5982853004579,-46.6158408373559;-23.5964170809876,-46.6165202977249;-23.5982894 -46.6158233;-23.5964338 -46.6165287;230;28;27
153;Thu Mar 14 23:38:47 2019;-23.5982853004579,-46.6158408373559;-23.5964170809876,-46.6165202977249;-23.5982894 -46.6158233;-23.5964338 -46.6165287;230;28;27
154;Thu Mar 14 23:39:47 2019;-23.5982853004579,-46.6158408373559;-23.5964170809876,-46.6165202977249;-23.5982894 -46.6158233;-23.5964338 -46.6165287;230;28;27
155;Thu Mar 14 23:40:47 2019;-23.5982853004579,-46.6158408373559;-23.5964170809876,-46.6165202977249;-23.5982894 -46.6158233;-23.5964338 -46.6165287;230;28;27
156;Thu Mar 14 23:41:47 2019;-23.5982853004579,-46.6158408373559;-23.5964170809876,-46.6165202977249;-23.5982894 -46.6158233;-23.5964338 -46.6165287;230;28;27
157;Thu Mar 14 23:42:48 2019;-23.5982853004579,-46.6158408373559;-23.5964170809876,-46.6165202977249;-23.5982894 -46.6158233;-23.5964338 -46.6165287;230;28;27
158;Thu Mar 14 23:43:47 2019;-23.5982853004579,-46.6158408373559;-23.5964170809876,-46.6165202977249;-23.5982894 -46.6158233;-23.5964338 -46.6165287;230;28;27
159;Thu Mar 14 23:44:47 2019;-23.5982853004579,-46.6158408373559;-23.5964170809876,-46.6165202977249;-23.5982894 -46.6158233;-23.5964338 -46.6165287;230;28;27
160;Thu Mar 14 23:45:47 2019;-23.5982853004579,-46.6158408373559;-23.5964170809876,-46.6165202977249;-23.5982894 -46.6158233;-23.5964338 -46.6165287;230;28;27
161;Thu Mar 14 23:46:48 2019;-23.5982853004579,-46.6158408373559;-23.5964170809876,-46.6165202977249;-23.5982894 -46.6158233;-23.5964338 -46.6165287;230;28;27
162;Thu Mar 14 23:47:48 2019;-23.5982853004579,-46.6158408373559;-23.5964170809876,-46.6165202977249;-23.5982894 -46.6158233;-23.5964338 -46.6165287;230;28;27
163;Thu Mar 14 23:48:47 2019;-23.5982853004579,-46.6158408373559;-23.5964170809876,-46.6165202977249;-23.5982894 -46.6158233;-23.5964338 -46.6165287;230;28;27
164;Thu Mar 14 23:49:47 2019;-23.5982853004579,-46.6158408373559;-23.5964170809876,-46.6165202977249;-23.5982894 -46.6158233;-23.5964338 -46.6165287;230;28;27
165;Thu Mar 14 23:50:47 2019;-23.5982853004579,-46.6158408373559;-23.5964170809876,-46.6165202977249;-23.5982894 -46.6158233;-23.5964338 -46.6165287;230;28;27
166;Thu Mar 14 23:51:48 2019;-23.5982853004579,-46.6158408373559;-23.5964170809876,-46.6165202977249;-23.5982894 -46.6158233;-23.5964338 -46.6165287;230;28;27
167;Thu Mar 14 23:52:48 2019;-23.5982853004579,-46.6158408373559;-23.5964170809876,-46.6165202977249;-23.5982894 -46.6158233;-23.5964338 -46.6165287;230;28;25
168;Thu Mar 14 23:53:47 2019;-23.5982853004579,-46.6158408373559;-23.5964170809876,-46.6165202977249;-23.5982894 -46.6158233;-23.5964338 -46.6165287;230;28;25
169;Thu Mar 14 23:54:47 2019;-23.5982853004579,-46.6158408373559;-23.5964170809876,-46.6165202977249;-23.5982894 -46.6158233;-23.5964338 -46.6165287;230;28;25
170;Thu Mar 14 23:55:47 2019;-23.5982853004579,-46.6158408373559;-23.5964170809876,-46.6165202977249;-23.5982894 -46.6158233;-23.5964338 -46.6165287;230;28;25
171;Thu Mar 14 23:56:47 2019;-23.5982853004579,-46.6158408373559;-23.5964170809876,-46.6165202977249;-23.5982894 -46.6158233;-23.5964338 -46.6165287;230;28;25
172;Thu Mar 14 23:57:47 2019;-23.5982853004579,-46.6158408373559;-23.5964170809876,-46.6165202977249;-23.5982894 -46.6158233;-23.5964338 -46.6165287;230;28;25
173;Thu Mar 14 23:58:47 2019;-23.5982853004579,-46.6158408373559;-23.5964170809876,-46.6165202977249;-23.5982894 -46.6158233;-23.5964338 -46.6165287;230;28;25
174;Thu Mar 14 23:59:47 2019;-23.5982853004579,-46.6158408373559;-23.5964170809876,-46.6165202977249;-23.5982894 -46.6158233;-23.5964338 -46.6165287;230;28;25
