38972;Thu Mar 14 00:00:34 2019;-23.6013352406393,-46.6151920792878;-23.5997563636149,-46.6158792116795;-23.6013375 -46.6152367;-23.5997627 -46.6158952;188;48;48
39213;Thu Mar 14 04:01:34 2019;-23.6013352406393,-46.6151920792878;-23.5997563636149,-46.6158792116795;-23.6013375 -46.6152367;-23.5997627 -46.6158952;188;48;33
39214;Thu Mar 14 04:02:34 2019;-23.6013352406393,-46.6151920792878;-23.5997563636149,-46.6158792116795;-23.6013375 -46.6152367;-23.5997627 -46.6158952;188;48;33
39215;Thu Mar 14 04:03:34 2019;-23.6013352406393,-46.6151920792878;-23.5997563636149,-46.6158792116795;-23.6013375 -46.6152367;-23.5997627 -46.6158952;188;48;33
39216;Thu Mar 14 04:04:34 2019;-23.6013352406393,-46.6151920792878;-23.5997563636149,-46.6158792116795;-23.6013375 -46.6152367;-23.5997627 -46.6158952;188;48;33
39217;Thu Mar 14 04:05:34 2019;-23.6013352406393,-46.6151920792878;-23.5997563636149,-46.6158792116795;-23.6013375 -46.6152367;-23.5997627 -46.6158952;188;48;33
39218;Thu Mar 14 04:06:34 2019;-23.6013352406393,-46.6151920792878;-23.5997563636149,-46.6158792116795;-23.6013375 -46.6152367;-23.5997627 -46.6158952;188;48;33
39219;Thu Mar 14 04:07:34 2019;-23.6013352406393,-46.6151920792878;-23.5997563636149,-46.6158792116795;-23.6013375 -46.6152367;-23.5997627 -46.6158952;188;48;28
39220;Thu Mar 14 04:08:34 2019;-23.6013352406393,-46.6151920792878;-23.5997563636149,-46.6158792116795;-23.6013375 -46.6152367;-23.5997627 -46.6158952;188;48;28
39221;Thu Mar 14 04:09:34 2019;-23.6013352406393,-46.6151920792878;-23.5997563636149,-46.6158792116795;-23.6013375 -46.6152367;-23.5997627 -46.6158952;188;48;28
1;Thu Mar 14 21:06:54 2019;-23.6013352406393,-46.6151920792878;-23.5997563636149,-46.6158792116795;-23.6013375 -46.6152367;-23.5997627 -46.6158952;188;48;72
2;Thu Mar 14 21:07:48 2019;-23.6013352406393,-46.6151920792878;-23.5997563636149,-46.6158792116795;-23.6013375 -46.6152367;-23.5997627 -46.6158952;188;48;68
3;Thu Mar 14 21:08:51 2019;-23.6013352406393,-46.6151920792878;-23.5997563636149,-46.6158792116795;-23.6013375 -46.6152367;-23.5997627 -46.6158952;188;48;68
4;Thu Mar 14 21:09:48 2019;-23.6013352406393,-46.6151920792878;-23.5997563636149,-46.6158792116795;-23.6013375 -46.6152367;-23.5997627 -46.6158952;188;48;68
5;Thu Mar 14 21:10:47 2019;-23.6013352406393,-46.6151920792878;-23.5997563636149,-46.6158792116795;-23.6013375 -46.6152367;-23.5997627 -46.6158952;188;48;68
6;Thu Mar 14 21:11:47 2019;-23.6013352406393,-46.6151920792878;-23.5997563636149,-46.6158792116795;-23.6013375 -46.6152367;-23.5997627 -46.6158952;188;48;68
7;Thu Mar 14 21:12:47 2019;-23.6013352406393,-46.6151920792878;-23.5997563636149,-46.6158792116795;-23.6013375 -46.6152367;-23.5997627 -46.6158952;188;48;68
8;Thu Mar 14 21:13:47 2019;-23.6013352406393,-46.6151920792878;-23.5997563636149,-46.6158792116795;-23.6013375 -46.6152367;-23.5997627 -46.6158952;188;48;68
9;Thu Mar 14 21:14:47 2019;-23.6013352406393,-46.6151920792878;-23.5997563636149,-46.6158792116795;-23.6013375 -46.6152367;-23.5997627 -46.6158952;188;48;68
10;Thu Mar 14 21:15:48 2019;-23.6013352406393,-46.6151920792878;-23.5997563636149,-46.6158792116795;-23.6013375 -46.6152367;-23.5997627 -46.6158952;188;48;68
11;Thu Mar 14 21:16:48 2019;-23.6013352406393,-46.6151920792878;-23.5997563636149,-46.6158792116795;-23.6013375 -46.6152367;-23.5997627 -46.6158952;188;48;68
12;Thu Mar 14 21:17:48 2019;-23.6013352406393,-46.6151920792878;-23.5997563636149,-46.6158792116795;-23.6013375 -46.6152367;-23.5997627 -46.6158952;188;48;68
13;Thu Mar 14 21:18:48 2019;-23.6013352406393,-46.6151920792878;-23.5997563636149,-46.6158792116795;-23.6013375 -46.6152367;-23.5997627 -46.6158952;188;48;68
14;Thu Mar 14 21:19:48 2019;-23.6013352406393,-46.6151920792878;-23.5997563636149,-46.6158792116795;-23.6013375 -46.6152367;-23.5997627 -46.6158952;188;48;68
15;Thu Mar 14 21:20:48 2019;-23.6013352406393,-46.6151920792878;-23.5997563636149,-46.6158792116795;-23.6013375 -46.6152367;-23.5997627 -46.6158952;188;48;68
16;Thu Mar 14 21:21:49 2019;-23.6013352406393,-46.6151920792878;-23.5997563636149,-46.6158792116795;-23.6013375 -46.6152367;-23.5997627 -46.6158952;188;48;71
17;Thu Mar 14 21:22:47 2019;-23.6013352406393,-46.6151920792878;-23.5997563636149,-46.6158792116795;-23.6013375 -46.6152367;-23.5997627 -46.6158952;188;48;69
18;Thu Mar 14 21:23:47 2019;-23.6013352406393,-46.6151920792878;-23.5997563636149,-46.6158792116795;-23.6013375 -46.6152367;-23.5997627 -46.6158952;188;48;69
19;Thu Mar 14 21:24:48 2019;-23.6013352406393,-46.6151920792878;-23.5997563636149,-46.6158792116795;-23.6013375 -46.6152367;-23.5997627 -46.6158952;188;48;69
20;Thu Mar 14 21:25:47 2019;-23.6013352406393,-46.6151920792878;-23.5997563636149,-46.6158792116795;-23.6013375 -46.6152367;-23.5997627 -46.6158952;188;48;69
21;Thu Mar 14 21:26:48 2019;-23.6013352406393,-46.6151920792878;-23.5997563636149,-46.6158792116795;-23.6013375 -46.6152367;-23.5997627 -46.6158952;188;48;69
22;Thu Mar 14 21:27:47 2019;-23.6013352406393,-46.6151920792878;-23.5997563636149,-46.6158792116795;-23.6013375 -46.6152367;-23.5997627 -46.6158952;188;48;69
23;Thu Mar 14 21:28:47 2019;-23.6013352406393,-46.6151920792878;-23.5997563636149,-46.6158792116795;-23.6013375 -46.6152367;-23.5997627 -46.6158952;188;48;69
24;Thu Mar 14 21:29:47 2019;-23.6013352406393,-46.6151920792878;-23.5997563636149,-46.6158792116795;-23.6013375 -46.6152367;-23.5997627 -46.6158952;188;48;69
25;Thu Mar 14 21:30:47 2019;-23.6013352406393,-46.6151920792878;-23.5997563636149,-46.6158792116795;-23.6013375 -46.6152367;-23.5997627 -46.6158952;188;48;69
26;Thu Mar 14 21:31:47 2019;-23.6013352406393,-46.6151920792878;-23.5997563636149,-46.6158792116795;-23.6013375 -46.6152367;-23.5997627 -46.6158952;188;48;69
27;Thu Mar 14 21:32:47 2019;-23.6013352406393,-46.6151920792878;-23.5997563636149,-46.6158792116795;-23.6013375 -46.6152367;-23.5997627 -46.6158952;188;48;69
28;Thu Mar 14 21:33:47 2019;-23.6013352406393,-46.6151920792878;-23.5997563636149,-46.6158792116795;-23.6013375 -46.6152367;-23.5997627 -46.6158952;188;48;69
29;Thu Mar 14 21:34:47 2019;-23.6013352406393,-46.6151920792878;-23.5997563636149,-46.6158792116795;-23.6013375 -46.6152367;-23.5997627 -46.6158952;188;48;69
30;Thu Mar 14 21:35:47 2019;-23.6013352406393,-46.6151920792878;-23.5997563636149,-46.6158792116795;-23.6013375 -46.6152367;-23.5997627 -46.6158952;188;48;69
31;Thu Mar 14 21:36:47 2019;-23.6013352406393,-46.6151920792878;-23.5997563636149,-46.6158792116795;-23.6013375 -46.6152367;-23.5997627 -46.6158952;188;48;65
32;Thu Mar 14 21:37:47 2019;-23.6013352406393,-46.6151920792878;-23.5997563636149,-46.6158792116795;-23.6013375 -46.6152367;-23.5997627 -46.6158952;188;48;68
33;Thu Mar 14 21:38:47 2019;-23.6013352406393,-46.6151920792878;-23.5997563636149,-46.6158792116795;-23.6013375 -46.6152367;-23.5997627 -46.6158952;188;48;68
34;Thu Mar 14 21:39:47 2019;-23.6013352406393,-46.6151920792878;-23.5997563636149,-46.6158792116795;-23.6013375 -46.6152367;-23.5997627 -46.6158952;188;48;68
35;Thu Mar 14 21:40:47 2019;-23.6013352406393,-46.6151920792878;-23.5997563636149,-46.6158792116795;-23.6013375 -46.6152367;-23.5997627 -46.6158952;188;48;68
36;Thu Mar 14 21:41:47 2019;-23.6013352406393,-46.6151920792878;-23.5997563636149,-46.6158792116795;-23.6013375 -46.6152367;-23.5997627 -46.6158952;188;48;68
37;Thu Mar 14 21:42:47 2019;-23.6013352406393,-46.6151920792878;-23.5997563636149,-46.6158792116795;-23.6013375 -46.6152367;-23.5997627 -46.6158952;188;48;68
38;Thu Mar 14 21:43:47 2019;-23.6013352406393,-46.6151920792878;-23.5997563636149,-46.6158792116795;-23.6013375 -46.6152367;-23.5997627 -46.6158952;188;48;68
39;Thu Mar 14 21:44:47 2019;-23.6013352406393,-46.6151920792878;-23.5997563636149,-46.6158792116795;-23.6013375 -46.6152367;-23.5997627 -46.6158952;188;48;68
40;Thu Mar 14 21:45:47 2019;-23.6013352406393,-46.6151920792878;-23.5997563636149,-46.6158792116795;-23.6013375 -46.6152367;-23.5997627 -46.6158952;188;48;68
41;Thu Mar 14 21:46:47 2019;-23.6013352406393,-46.6151920792878;-23.5997563636149,-46.6158792116795;-23.6013375 -46.6152367;-23.5997627 -46.6158952;188;48;68
42;Thu Mar 14 21:47:47 2019;-23.6013352406393,-46.6151920792878;-23.5997563636149,-46.6158792116795;-23.6013375 -46.6152367;-23.5997627 -46.6158952;188;48;68
43;Thu Mar 14 21:48:48 2019;-23.6013352406393,-46.6151920792878;-23.5997563636149,-46.6158792116795;-23.6013375 -46.6152367;-23.5997627 -46.6158952;188;48;68
44;Thu Mar 14 21:49:47 2019;-23.6013352406393,-46.6151920792878;-23.5997563636149,-46.6158792116795;-23.6013375 -46.6152367;-23.5997627 -46.6158952;188;48;68
45;Thu Mar 14 21:50:47 2019;-23.6013352406393,-46.6151920792878;-23.5997563636149,-46.6158792116795;-23.6013375 -46.6152367;-23.5997627 -46.6158952;188;48;68
46;Thu Mar 14 21:51:47 2019;-23.6013352406393,-46.6151920792878;-23.5997563636149,-46.6158792116795;-23.6013375 -46.6152367;-23.5997627 -46.6158952;188;48;67
47;Thu Mar 14 21:52:47 2019;-23.6013352406393,-46.6151920792878;-23.5997563636149,-46.6158792116795;-23.6013375 -46.6152367;-23.5997627 -46.6158952;188;48;62
48;Thu Mar 14 21:53:47 2019;-23.6013352406393,-46.6151920792878;-23.5997563636149,-46.6158792116795;-23.6013375 -46.6152367;-23.5997627 -46.6158952;188;48;62
49;Thu Mar 14 21:54:48 2019;-23.6013352406393,-46.6151920792878;-23.5997563636149,-46.6158792116795;-23.6013375 -46.6152367;-23.5997627 -46.6158952;188;48;62
50;Thu Mar 14 21:55:47 2019;-23.6013352406393,-46.6151920792878;-23.5997563636149,-46.6158792116795;-23.6013375 -46.6152367;-23.5997627 -46.6158952;188;48;62
51;Thu Mar 14 21:56:48 2019;-23.6013352406393,-46.6151920792878;-23.5997563636149,-46.6158792116795;-23.6013375 -46.6152367;-23.5997627 -46.6158952;188;48;62
52;Thu Mar 14 21:57:47 2019;-23.6013352406393,-46.6151920792878;-23.5997563636149,-46.6158792116795;-23.6013375 -46.6152367;-23.5997627 -46.6158952;188;48;62
53;Thu Mar 14 21:58:47 2019;-23.6013352406393,-46.6151920792878;-23.5997563636149,-46.6158792116795;-23.6013375 -46.6152367;-23.5997627 -46.6158952;188;48;62
54;Thu Mar 14 21:59:47 2019;-23.6013352406393,-46.6151920792878;-23.5997563636149,-46.6158792116795;-23.6013375 -46.6152367;-23.5997627 -46.6158952;188;48;62
55;Thu Mar 14 22:00:47 2019;-23.6013352406393,-46.6151920792878;-23.5997563636149,-46.6158792116795;-23.6013375 -46.6152367;-23.5997627 -46.6158952;188;48;62
56;Thu Mar 14 22:01:47 2019;-23.6013352406393,-46.6151920792878;-23.5997563636149,-46.6158792116795;-23.6013375 -46.6152367;-23.5997627 -46.6158952;188;48;62
57;Thu Mar 14 22:02:47 2019;-23.6013352406393,-46.6151920792878;-23.5997563636149,-46.6158792116795;-23.6013375 -46.6152367;-23.5997627 -46.6158952;188;48;62
58;Thu Mar 14 22:03:47 2019;-23.6013352406393,-46.6151920792878;-23.5997563636149,-46.6158792116795;-23.6013375 -46.6152367;-23.5997627 -46.6158952;188;48;62
59;Thu Mar 14 22:04:48 2019;-23.6013352406393,-46.6151920792878;-23.5997563636149,-46.6158792116795;-23.6013375 -46.6152367;-23.5997627 -46.6158952;188;48;62
60;Thu Mar 14 22:05:48 2019;-23.6013352406393,-46.6151920792878;-23.5997563636149,-46.6158792116795;-23.6013375 -46.6152367;-23.5997627 -46.6158952;188;48;62
61;Thu Mar 14 22:06:48 2019;-23.6013352406393,-46.6151920792878;-23.5997563636149,-46.6158792116795;-23.6013375 -46.6152367;-23.5997627 -46.6158952;188;48;62
62;Thu Mar 14 22:07:47 2019;-23.6013352406393,-46.6151920792878;-23.5997563636149,-46.6158792116795;-23.6013375 -46.6152367;-23.5997627 -46.6158952;188;48;62
63;Thu Mar 14 22:08:48 2019;-23.6013352406393,-46.6151920792878;-23.5997563636149,-46.6158792116795;-23.6013375 -46.6152367;-23.5997627 -46.6158952;188;48;62
64;Thu Mar 14 22:09:47 2019;-23.6013352406393,-46.6151920792878;-23.5997563636149,-46.6158792116795;-23.6013375 -46.6152367;-23.5997627 -46.6158952;188;48;62
65;Thu Mar 14 22:10:47 2019;-23.6013352406393,-46.6151920792878;-23.5997563636149,-46.6158792116795;-23.6013375 -46.6152367;-23.5997627 -46.6158952;188;48;62
66;Thu Mar 14 22:11:47 2019;-23.6013352406393,-46.6151920792878;-23.5997563636149,-46.6158792116795;-23.6013375 -46.6152367;-23.5997627 -46.6158952;188;48;62
67;Thu Mar 14 22:12:47 2019;-23.6013352406393,-46.6151920792878;-23.5997563636149,-46.6158792116795;-23.6013375 -46.6152367;-23.5997627 -46.6158952;188;48;62
68;Thu Mar 14 22:13:47 2019;-23.6013352406393,-46.6151920792878;-23.5997563636149,-46.6158792116795;-23.6013375 -46.6152367;-23.5997627 -46.6158952;188;48;62
69;Thu Mar 14 22:14:47 2019;-23.6013352406393,-46.6151920792878;-23.5997563636149,-46.6158792116795;-23.6013375 -46.6152367;-23.5997627 -46.6158952;188;48;62
70;Thu Mar 14 22:15:47 2019;-23.6013352406393,-46.6151920792878;-23.5997563636149,-46.6158792116795;-23.6013375 -46.6152367;-23.5997627 -46.6158952;188;48;62
71;Thu Mar 14 22:16:47 2019;-23.6013352406393,-46.6151920792878;-23.5997563636149,-46.6158792116795;-23.6013375 -46.6152367;-23.5997627 -46.6158952;188;48;62
72;Thu Mar 14 22:17:47 2019;-23.6013352406393,-46.6151920792878;-23.5997563636149,-46.6158792116795;-23.6013375 -46.6152367;-23.5997627 -46.6158952;188;48;62
73;Thu Mar 14 22:18:47 2019;-23.6013352406393,-46.6151920792878;-23.5997563636149,-46.6158792116795;-23.6013375 -46.6152367;-23.5997627 -46.6158952;188;48;62
74;Thu Mar 14 22:19:48 2019;-23.6013352406393,-46.6151920792878;-23.5997563636149,-46.6158792116795;-23.6013375 -46.6152367;-23.5997627 -46.6158952;188;48;62
75;Thu Mar 14 22:20:47 2019;-23.6013352406393,-46.6151920792878;-23.5997563636149,-46.6158792116795;-23.6013375 -46.6152367;-23.5997627 -46.6158952;188;48;62
76;Thu Mar 14 22:21:47 2019;-23.6013352406393,-46.6151920792878;-23.5997563636149,-46.6158792116795;-23.6013375 -46.6152367;-23.5997627 -46.6158952;188;48;61
77;Thu Mar 14 22:22:47 2019;-23.6013352406393,-46.6151920792878;-23.5997563636149,-46.6158792116795;-23.6013375 -46.6152367;-23.5997627 -46.6158952;188;48;57
78;Thu Mar 14 22:23:47 2019;-23.6013352406393,-46.6151920792878;-23.5997563636149,-46.6158792116795;-23.6013375 -46.6152367;-23.5997627 -46.6158952;188;48;57
79;Thu Mar 14 22:24:47 2019;-23.6013352406393,-46.6151920792878;-23.5997563636149,-46.6158792116795;-23.6013375 -46.6152367;-23.5997627 -46.6158952;188;48;57
80;Thu Mar 14 22:25:48 2019;-23.6013352406393,-46.6151920792878;-23.5997563636149,-46.6158792116795;-23.6013375 -46.6152367;-23.5997627 -46.6158952;188;48;57
81;Thu Mar 14 22:26:47 2019;-23.6013352406393,-46.6151920792878;-23.5997563636149,-46.6158792116795;-23.6013375 -46.6152367;-23.5997627 -46.6158952;188;48;57
82;Thu Mar 14 22:27:47 2019;-23.6013352406393,-46.6151920792878;-23.5997563636149,-46.6158792116795;-23.6013375 -46.6152367;-23.5997627 -46.6158952;188;48;57
83;Thu Mar 14 22:28:47 2019;-23.6013352406393,-46.6151920792878;-23.5997563636149,-46.6158792116795;-23.6013375 -46.6152367;-23.5997627 -46.6158952;188;48;57
84;Thu Mar 14 22:29:47 2019;-23.6013352406393,-46.6151920792878;-23.5997563636149,-46.6158792116795;-23.6013375 -46.6152367;-23.5997627 -46.6158952;188;48;57
85;Thu Mar 14 22:30:47 2019;-23.6013352406393,-46.6151920792878;-23.5997563636149,-46.6158792116795;-23.6013375 -46.6152367;-23.5997627 -46.6158952;188;48;57
86;Thu Mar 14 22:31:47 2019;-23.6013352406393,-46.6151920792878;-23.5997563636149,-46.6158792116795;-23.6013375 -46.6152367;-23.5997627 -46.6158952;188;48;57
87;Thu Mar 14 22:32:48 2019;-23.6013352406393,-46.6151920792878;-23.5997563636149,-46.6158792116795;-23.6013375 -46.6152367;-23.5997627 -46.6158952;188;48;57
88;Thu Mar 14 22:33:47 2019;-23.6013352406393,-46.6151920792878;-23.5997563636149,-46.6158792116795;-23.6013375 -46.6152367;-23.5997627 -46.6158952;188;48;57
89;Thu Mar 14 22:34:47 2019;-23.6013352406393,-46.6151920792878;-23.5997563636149,-46.6158792116795;-23.6013375 -46.6152367;-23.5997627 -46.6158952;188;48;57
90;Thu Mar 14 22:35:47 2019;-23.6013352406393,-46.6151920792878;-23.5997563636149,-46.6158792116795;-23.6013375 -46.6152367;-23.5997627 -46.6158952;188;48;57
91;Thu Mar 14 22:36:47 2019;-23.6013352406393,-46.6151920792878;-23.5997563636149,-46.6158792116795;-23.6013375 -46.6152367;-23.5997627 -46.6158952;188;48;58
92;Thu Mar 14 22:37:47 2019;-23.6013352406393,-46.6151920792878;-23.5997563636149,-46.6158792116795;-23.6013375 -46.6152367;-23.5997627 -46.6158952;188;48;64
93;Thu Mar 14 22:38:48 2019;-23.6013352406393,-46.6151920792878;-23.5997563636149,-46.6158792116795;-23.6013375 -46.6152367;-23.5997627 -46.6158952;188;48;64
94;Thu Mar 14 22:39:47 2019;-23.6013352406393,-46.6151920792878;-23.5997563636149,-46.6158792116795;-23.6013375 -46.6152367;-23.5997627 -46.6158952;188;48;64
95;Thu Mar 14 22:40:47 2019;-23.6013352406393,-46.6151920792878;-23.5997563636149,-46.6158792116795;-23.6013375 -46.6152367;-23.5997627 -46.6158952;188;48;64
96;Thu Mar 14 22:41:47 2019;-23.6013352406393,-46.6151920792878;-23.5997563636149,-46.6158792116795;-23.6013375 -46.6152367;-23.5997627 -46.6158952;188;48;64
97;Thu Mar 14 22:42:47 2019;-23.6013352406393,-46.6151920792878;-23.5997563636149,-46.6158792116795;-23.6013375 -46.6152367;-23.5997627 -46.6158952;188;48;64
98;Thu Mar 14 22:43:47 2019;-23.6013352406393,-46.6151920792878;-23.5997563636149,-46.6158792116795;-23.6013375 -46.6152367;-23.5997627 -46.6158952;188;48;64
99;Thu Mar 14 22:44:48 2019;-23.6013352406393,-46.6151920792878;-23.5997563636149,-46.6158792116795;-23.6013375 -46.6152367;-23.5997627 -46.6158952;188;48;64
100;Thu Mar 14 22:45:47 2019;-23.6013352406393,-46.6151920792878;-23.5997563636149,-46.6158792116795;-23.6013375 -46.6152367;-23.5997627 -46.6158952;188;48;64
101;Thu Mar 14 22:46:48 2019;-23.6013352406393,-46.6151920792878;-23.5997563636149,-46.6158792116795;-23.6013375 -46.6152367;-23.5997627 -46.6158952;188;48;64
102;Thu Mar 14 22:47:47 2019;-23.6013352406393,-46.6151920792878;-23.5997563636149,-46.6158792116795;-23.6013375 -46.6152367;-23.5997627 -46.6158952;188;48;64
103;Thu Mar 14 22:48:47 2019;-23.6013352406393,-46.6151920792878;-23.5997563636149,-46.6158792116795;-23.6013375 -46.6152367;-23.5997627 -46.6158952;188;48;64
104;Thu Mar 14 22:49:47 2019;-23.6013352406393,-46.6151920792878;-23.5997563636149,-46.6158792116795;-23.6013375 -46.6152367;-23.5997627 -46.6158952;188;48;64
105;Thu Mar 14 22:50:47 2019;-23.6013352406393,-46.6151920792878;-23.5997563636149,-46.6158792116795;-23.6013375 -46.6152367;-23.5997627 -46.6158952;188;48;64
106;Thu Mar 14 22:51:47 2019;-23.6013352406393,-46.6151920792878;-23.5997563636149,-46.6158792116795;-23.6013375 -46.6152367;-23.5997627 -46.6158952;188;48;61
107;Thu Mar 14 22:52:47 2019;-23.6013352406393,-46.6151920792878;-23.5997563636149,-46.6158792116795;-23.6013375 -46.6152367;-23.5997627 -46.6158952;188;48;57
108;Thu Mar 14 22:53:48 2019;-23.6013352406393,-46.6151920792878;-23.5997563636149,-46.6158792116795;-23.6013375 -46.6152367;-23.5997627 -46.6158952;188;48;57
109;Thu Mar 14 22:54:47 2019;-23.6013352406393,-46.6151920792878;-23.5997563636149,-46.6158792116795;-23.6013375 -46.6152367;-23.5997627 -46.6158952;188;48;57
110;Thu Mar 14 22:55:47 2019;-23.6013352406393,-46.6151920792878;-23.5997563636149,-46.6158792116795;-23.6013375 -46.6152367;-23.5997627 -46.6158952;188;48;57
111;Thu Mar 14 22:56:48 2019;-23.6013352406393,-46.6151920792878;-23.5997563636149,-46.6158792116795;-23.6013375 -46.6152367;-23.5997627 -46.6158952;188;48;57
112;Thu Mar 14 22:57:47 2019;-23.6013352406393,-46.6151920792878;-23.5997563636149,-46.6158792116795;-23.6013375 -46.6152367;-23.5997627 -46.6158952;188;48;57
113;Thu Mar 14 22:58:47 2019;-23.6013352406393,-46.6151920792878;-23.5997563636149,-46.6158792116795;-23.6013375 -46.6152367;-23.5997627 -46.6158952;188;48;57
114;Thu Mar 14 22:59:47 2019;-23.6013352406393,-46.6151920792878;-23.5997563636149,-46.6158792116795;-23.6013375 -46.6152367;-23.5997627 -46.6158952;188;48;57
115;Thu Mar 14 23:00:47 2019;-23.6013352406393,-46.6151920792878;-23.5997563636149,-46.6158792116795;-23.6013375 -46.6152367;-23.5997627 -46.6158952;188;48;57
116;Thu Mar 14 23:01:47 2019;-23.6013352406393,-46.6151920792878;-23.5997563636149,-46.6158792116795;-23.6013375 -46.6152367;-23.5997627 -46.6158952;188;48;57
117;Thu Mar 14 23:02:47 2019;-23.6013352406393,-46.6151920792878;-23.5997563636149,-46.6158792116795;-23.6013375 -46.6152367;-23.5997627 -46.6158952;188;48;57
118;Thu Mar 14 23:03:47 2019;-23.6013352406393,-46.6151920792878;-23.5997563636149,-46.6158792116795;-23.6013375 -46.6152367;-23.5997627 -46.6158952;188;48;57
119;Thu Mar 14 23:04:47 2019;-23.6013352406393,-46.6151920792878;-23.5997563636149,-46.6158792116795;-23.6013375 -46.6152367;-23.5997627 -46.6158952;188;48;57
120;Thu Mar 14 23:05:47 2019;-23.6013352406393,-46.6151920792878;-23.5997563636149,-46.6158792116795;-23.6013375 -46.6152367;-23.5997627 -46.6158952;188;48;57
121;Thu Mar 14 23:06:48 2019;-23.6013352406393,-46.6151920792878;-23.5997563636149,-46.6158792116795;-23.6013375 -46.6152367;-23.5997627 -46.6158952;188;48;57
122;Thu Mar 14 23:07:47 2019;-23.6013352406393,-46.6151920792878;-23.5997563636149,-46.6158792116795;-23.6013375 -46.6152367;-23.5997627 -46.6158952;188;48;57
123;Thu Mar 14 23:08:47 2019;-23.6013352406393,-46.6151920792878;-23.5997563636149,-46.6158792116795;-23.6013375 -46.6152367;-23.5997627 -46.6158952;188;48;57
124;Thu Mar 14 23:09:47 2019;-23.6013352406393,-46.6151920792878;-23.5997563636149,-46.6158792116795;-23.6013375 -46.6152367;-23.5997627 -46.6158952;188;48;57
125;Thu Mar 14 23:10:47 2019;-23.6013352406393,-46.6151920792878;-23.5997563636149,-46.6158792116795;-23.6013375 -46.6152367;-23.5997627 -46.6158952;188;48;57
126;Thu Mar 14 23:11:48 2019;-23.6013352406393,-46.6151920792878;-23.5997563636149,-46.6158792116795;-23.6013375 -46.6152367;-23.5997627 -46.6158952;188;48;57
127;Thu Mar 14 23:12:47 2019;-23.6013352406393,-46.6151920792878;-23.5997563636149,-46.6158792116795;-23.6013375 -46.6152367;-23.5997627 -46.6158952;188;48;57
128;Thu Mar 14 23:13:47 2019;-23.6013352406393,-46.6151920792878;-23.5997563636149,-46.6158792116795;-23.6013375 -46.6152367;-23.5997627 -46.6158952;188;48;57
129;Thu Mar 14 23:14:47 2019;-23.6013352406393,-46.6151920792878;-23.5997563636149,-46.6158792116795;-23.6013375 -46.6152367;-23.5997627 -46.6158952;188;48;57
130;Thu Mar 14 23:15:47 2019;-23.6013352406393,-46.6151920792878;-23.5997563636149,-46.6158792116795;-23.6013375 -46.6152367;-23.5997627 -46.6158952;188;48;57
131;Thu Mar 14 23:16:47 2019;-23.6013352406393,-46.6151920792878;-23.5997563636149,-46.6158792116795;-23.6013375 -46.6152367;-23.5997627 -46.6158952;188;48;57
132;Thu Mar 14 23:17:47 2019;-23.6013352406393,-46.6151920792878;-23.5997563636149,-46.6158792116795;-23.6013375 -46.6152367;-23.5997627 -46.6158952;188;48;57
133;Thu Mar 14 23:18:47 2019;-23.6013352406393,-46.6151920792878;-23.5997563636149,-46.6158792116795;-23.6013375 -46.6152367;-23.5997627 -46.6158952;188;48;57
134;Thu Mar 14 23:19:47 2019;-23.6013352406393,-46.6151920792878;-23.5997563636149,-46.6158792116795;-23.6013375 -46.6152367;-23.5997627 -46.6158952;188;48;57
135;Thu Mar 14 23:20:47 2019;-23.6013352406393,-46.6151920792878;-23.5997563636149,-46.6158792116795;-23.6013375 -46.6152367;-23.5997627 -46.6158952;188;48;57
136;Thu Mar 14 23:21:47 2019;-23.6013352406393,-46.6151920792878;-23.5997563636149,-46.6158792116795;-23.6013375 -46.6152367;-23.5997627 -46.6158952;188;48;57
137;Thu Mar 14 23:22:48 2019;-23.6013352406393,-46.6151920792878;-23.5997563636149,-46.6158792116795;-23.6013375 -46.6152367;-23.5997627 -46.6158952;188;48;56
138;Thu Mar 14 23:23:47 2019;-23.6013352406393,-46.6151920792878;-23.5997563636149,-46.6158792116795;-23.6013375 -46.6152367;-23.5997627 -46.6158952;188;48;56
139;Thu Mar 14 23:24:47 2019;-23.6013352406393,-46.6151920792878;-23.5997563636149,-46.6158792116795;-23.6013375 -46.6152367;-23.5997627 -46.6158952;188;48;56
140;Thu Mar 14 23:25:47 2019;-23.6013352406393,-46.6151920792878;-23.5997563636149,-46.6158792116795;-23.6013375 -46.6152367;-23.5997627 -46.6158952;188;48;56
141;Thu Mar 14 23:26:48 2019;-23.6013352406393,-46.6151920792878;-23.5997563636149,-46.6158792116795;-23.6013375 -46.6152367;-23.5997627 -46.6158952;188;48;56
142;Thu Mar 14 23:27:47 2019;-23.6013352406393,-46.6151920792878;-23.5997563636149,-46.6158792116795;-23.6013375 -46.6152367;-23.5997627 -46.6158952;188;48;56
143;Thu Mar 14 23:28:47 2019;-23.6013352406393,-46.6151920792878;-23.5997563636149,-46.6158792116795;-23.6013375 -46.6152367;-23.5997627 -46.6158952;188;48;56
144;Thu Mar 14 23:29:47 2019;-23.6013352406393,-46.6151920792878;-23.5997563636149,-46.6158792116795;-23.6013375 -46.6152367;-23.5997627 -46.6158952;188;48;56
145;Thu Mar 14 23:30:47 2019;-23.6013352406393,-46.6151920792878;-23.5997563636149,-46.6158792116795;-23.6013375 -46.6152367;-23.5997627 -46.6158952;188;48;56
146;Thu Mar 14 23:31:47 2019;-23.6013352406393,-46.6151920792878;-23.5997563636149,-46.6158792116795;-23.6013375 -46.6152367;-23.5997627 -46.6158952;188;48;56
147;Thu Mar 14 23:32:48 2019;-23.6013352406393,-46.6151920792878;-23.5997563636149,-46.6158792116795;-23.6013375 -46.6152367;-23.5997627 -46.6158952;188;48;56
148;Thu Mar 14 23:33:47 2019;-23.6013352406393,-46.6151920792878;-23.5997563636149,-46.6158792116795;-23.6013375 -46.6152367;-23.5997627 -46.6158952;188;48;56
149;Thu Mar 14 23:34:47 2019;-23.6013352406393,-46.6151920792878;-23.5997563636149,-46.6158792116795;-23.6013375 -46.6152367;-23.5997627 -46.6158952;188;48;56
150;Thu Mar 14 23:35:47 2019;-23.6013352406393,-46.6151920792878;-23.5997563636149,-46.6158792116795;-23.6013375 -46.6152367;-23.5997627 -46.6158952;188;48;56
151;Thu Mar 14 23:36:48 2019;-23.6013352406393,-46.6151920792878;-23.5997563636149,-46.6158792116795;-23.6013375 -46.6152367;-23.5997627 -46.6158952;188;48;56
152;Thu Mar 14 23:37:48 2019;-23.6013352406393,-46.6151920792878;-23.5997563636149,-46.6158792116795;-23.6013375 -46.6152367;-23.5997627 -46.6158952;188;48;49
153;Thu Mar 14 23:38:47 2019;-23.6013352406393,-46.6151920792878;-23.5997563636149,-46.6158792116795;-23.6013375 -46.6152367;-23.5997627 -46.6158952;188;48;49
154;Thu Mar 14 23:39:47 2019;-23.6013352406393,-46.6151920792878;-23.5997563636149,-46.6158792116795;-23.6013375 -46.6152367;-23.5997627 -46.6158952;188;48;49
155;Thu Mar 14 23:40:47 2019;-23.6013352406393,-46.6151920792878;-23.5997563636149,-46.6158792116795;-23.6013375 -46.6152367;-23.5997627 -46.6158952;188;48;49
156;Thu Mar 14 23:41:47 2019;-23.6013352406393,-46.6151920792878;-23.5997563636149,-46.6158792116795;-23.6013375 -46.6152367;-23.5997627 -46.6158952;188;48;49
157;Thu Mar 14 23:42:48 2019;-23.6013352406393,-46.6151920792878;-23.5997563636149,-46.6158792116795;-23.6013375 -46.6152367;-23.5997627 -46.6158952;188;48;49
158;Thu Mar 14 23:43:47 2019;-23.6013352406393,-46.6151920792878;-23.5997563636149,-46.6158792116795;-23.6013375 -46.6152367;-23.5997627 -46.6158952;188;48;49
159;Thu Mar 14 23:44:47 2019;-23.6013352406393,-46.6151920792878;-23.5997563636149,-46.6158792116795;-23.6013375 -46.6152367;-23.5997627 -46.6158952;188;48;49
160;Thu Mar 14 23:45:47 2019;-23.6013352406393,-46.6151920792878;-23.5997563636149,-46.6158792116795;-23.6013375 -46.6152367;-23.5997627 -46.6158952;188;48;49
161;Thu Mar 14 23:46:48 2019;-23.6013352406393,-46.6151920792878;-23.5997563636149,-46.6158792116795;-23.6013375 -46.6152367;-23.5997627 -46.6158952;188;48;49
162;Thu Mar 14 23:47:48 2019;-23.6013352406393,-46.6151920792878;-23.5997563636149,-46.6158792116795;-23.6013375 -46.6152367;-23.5997627 -46.6158952;188;48;49
163;Thu Mar 14 23:48:47 2019;-23.6013352406393,-46.6151920792878;-23.5997563636149,-46.6158792116795;-23.6013375 -46.6152367;-23.5997627 -46.6158952;188;48;49
164;Thu Mar 14 23:49:47 2019;-23.6013352406393,-46.6151920792878;-23.5997563636149,-46.6158792116795;-23.6013375 -46.6152367;-23.5997627 -46.6158952;188;48;49
165;Thu Mar 14 23:50:47 2019;-23.6013352406393,-46.6151920792878;-23.5997563636149,-46.6158792116795;-23.6013375 -46.6152367;-23.5997627 -46.6158952;188;48;49
166;Thu Mar 14 23:51:47 2019;-23.6013352406393,-46.6151920792878;-23.5997563636149,-46.6158792116795;-23.6013375 -46.6152367;-23.5997627 -46.6158952;188;48;49
167;Thu Mar 14 23:52:48 2019;-23.6013352406393,-46.6151920792878;-23.5997563636149,-46.6158792116795;-23.6013375 -46.6152367;-23.5997627 -46.6158952;188;48;59
168;Thu Mar 14 23:53:47 2019;-23.6013352406393,-46.6151920792878;-23.5997563636149,-46.6158792116795;-23.6013375 -46.6152367;-23.5997627 -46.6158952;188;48;59
169;Thu Mar 14 23:54:47 2019;-23.6013352406393,-46.6151920792878;-23.5997563636149,-46.6158792116795;-23.6013375 -46.6152367;-23.5997627 -46.6158952;188;48;59
170;Thu Mar 14 23:55:47 2019;-23.6013352406393,-46.6151920792878;-23.5997563636149,-46.6158792116795;-23.6013375 -46.6152367;-23.5997627 -46.6158952;188;48;59
171;Thu Mar 14 23:56:47 2019;-23.6013352406393,-46.6151920792878;-23.5997563636149,-46.6158792116795;-23.6013375 -46.6152367;-23.5997627 -46.6158952;188;48;59
172;Thu Mar 14 23:57:47 2019;-23.6013352406393,-46.6151920792878;-23.5997563636149,-46.6158792116795;-23.6013375 -46.6152367;-23.5997627 -46.6158952;188;48;59
173;Thu Mar 14 23:58:47 2019;-23.6013352406393,-46.6151920792878;-23.5997563636149,-46.6158792116795;-23.6013375 -46.6152367;-23.5997627 -46.6158952;188;48;59
174;Thu Mar 14 23:59:47 2019;-23.6013352406393,-46.6151920792878;-23.5997563636149,-46.6158792116795;-23.6013375 -46.6152367;-23.5997627 -46.6158952;188;48;59
