38972;Thu Mar 14 00:00:35 2019;-23.5906284496643,-46.6326373943149;-23.5893,-46.6336;-23.5906252 -46.6326387;-23.5890733 -46.6336419;549;139;194
39213;Thu Mar 14 04:01:35 2019;-23.5906284496643,-46.6326373943149;-23.5893,-46.6336;-23.5906252 -46.6326387;-23.5890733 -46.6336419;549;139;123
39214;Thu Mar 14 04:02:35 2019;-23.5906284496643,-46.6326373943149;-23.5893,-46.6336;-23.5906252 -46.6326387;-23.5890733 -46.6336419;549;139;123
39215;Thu Mar 14 04:03:35 2019;-23.5906284496643,-46.6326373943149;-23.5893,-46.6336;-23.5906252 -46.6326387;-23.5890733 -46.6336419;549;139;123
39216;Thu Mar 14 04:04:35 2019;-23.5906284496643,-46.6326373943149;-23.5893,-46.6336;-23.5906252 -46.6326387;-23.5890733 -46.6336419;549;139;123
39217;Thu Mar 14 04:05:35 2019;-23.5906284496643,-46.6326373943149;-23.5893,-46.6336;-23.5906252 -46.6326387;-23.5890733 -46.6336419;549;139;123
39218;Thu Mar 14 04:06:35 2019;-23.5906284496643,-46.6326373943149;-23.5893,-46.6336;-23.5906252 -46.6326387;-23.5890733 -46.6336419;549;139;124
39219;Thu Mar 14 04:07:35 2019;-23.5906284496643,-46.6326373943149;-23.5893,-46.6336;-23.5906252 -46.6326387;-23.5890733 -46.6336419;549;139;129
39220;Thu Mar 14 04:08:35 2019;-23.5906284496643,-46.6326373943149;-23.5893,-46.6336;-23.5906252 -46.6326387;-23.5890733 -46.6336419;549;139;129
39221;Thu Mar 14 04:09:35 2019;-23.5906284496643,-46.6326373943149;-23.5893,-46.6336;-23.5906252 -46.6326387;-23.5890733 -46.6336419;549;139;129
1;Thu Mar 14 21:06:58 2019;-23.5906284496643,-46.6326373943149;-23.5893,-46.6336;-23.5906252 -46.6326387;-23.5890733 -46.6336419;549;139;249
2;Thu Mar 14 21:07:49 2019;-23.5906284496643,-46.6326373943149;-23.5893,-46.6336;-23.5906252 -46.6326387;-23.5890733 -46.6336419;549;139;230
3;Thu Mar 14 21:08:52 2019;-23.5906284496643,-46.6326373943149;-23.5893,-46.6336;-23.5906252 -46.6326387;-23.5890733 -46.6336419;549;139;230
4;Thu Mar 14 21:09:49 2019;-23.5906284496643,-46.6326373943149;-23.5893,-46.6336;-23.5906252 -46.6326387;-23.5890733 -46.6336419;549;139;230
5;Thu Mar 14 21:10:49 2019;-23.5906284496643,-46.6326373943149;-23.5893,-46.6336;-23.5906252 -46.6326387;-23.5890733 -46.6336419;549;139;230
6;Thu Mar 14 21:11:49 2019;-23.5906284496643,-46.6326373943149;-23.5893,-46.6336;-23.5906252 -46.6326387;-23.5890733 -46.6336419;549;139;230
7;Thu Mar 14 21:12:48 2019;-23.5906284496643,-46.6326373943149;-23.5893,-46.6336;-23.5906252 -46.6326387;-23.5890733 -46.6336419;549;139;230
8;Thu Mar 14 21:13:48 2019;-23.5906284496643,-46.6326373943149;-23.5893,-46.6336;-23.5906252 -46.6326387;-23.5890733 -46.6336419;549;139;230
9;Thu Mar 14 21:14:49 2019;-23.5906284496643,-46.6326373943149;-23.5893,-46.6336;-23.5906252 -46.6326387;-23.5890733 -46.6336419;549;139;230
10;Thu Mar 14 21:15:49 2019;-23.5906284496643,-46.6326373943149;-23.5893,-46.6336;-23.5906252 -46.6326387;-23.5890733 -46.6336419;549;139;230
11;Thu Mar 14 21:16:50 2019;-23.5906284496643,-46.6326373943149;-23.5893,-46.6336;-23.5906252 -46.6326387;-23.5890733 -46.6336419;549;139;230
12;Thu Mar 14 21:17:49 2019;-23.5906284496643,-46.6326373943149;-23.5893,-46.6336;-23.5906252 -46.6326387;-23.5890733 -46.6336419;549;139;230
13;Thu Mar 14 21:18:49 2019;-23.5906284496643,-46.6326373943149;-23.5893,-46.6336;-23.5906252 -46.6326387;-23.5890733 -46.6336419;549;139;230
14;Thu Mar 14 21:19:50 2019;-23.5906284496643,-46.6326373943149;-23.5893,-46.6336;-23.5906252 -46.6326387;-23.5890733 -46.6336419;549;139;226
15;Thu Mar 14 21:20:49 2019;-23.5906284496643,-46.6326373943149;-23.5893,-46.6336;-23.5906252 -46.6326387;-23.5890733 -46.6336419;549;139;226
16;Thu Mar 14 21:21:50 2019;-23.5906284496643,-46.6326373943149;-23.5893,-46.6336;-23.5906252 -46.6326387;-23.5890733 -46.6336419;549;139;226
17;Thu Mar 14 21:22:49 2019;-23.5906284496643,-46.6326373943149;-23.5893,-46.6336;-23.5906252 -46.6326387;-23.5890733 -46.6336419;549;139;235
18;Thu Mar 14 21:23:49 2019;-23.5906284496643,-46.6326373943149;-23.5893,-46.6336;-23.5906252 -46.6326387;-23.5890733 -46.6336419;549;139;235
19;Thu Mar 14 21:24:49 2019;-23.5906284496643,-46.6326373943149;-23.5893,-46.6336;-23.5906252 -46.6326387;-23.5890733 -46.6336419;549;139;235
20;Thu Mar 14 21:25:48 2019;-23.5906284496643,-46.6326373943149;-23.5893,-46.6336;-23.5906252 -46.6326387;-23.5890733 -46.6336419;549;139;235
21;Thu Mar 14 21:26:49 2019;-23.5906284496643,-46.6326373943149;-23.5893,-46.6336;-23.5906252 -46.6326387;-23.5890733 -46.6336419;549;139;235
22;Thu Mar 14 21:27:48 2019;-23.5906284496643,-46.6326373943149;-23.5893,-46.6336;-23.5906252 -46.6326387;-23.5890733 -46.6336419;549;139;235
23;Thu Mar 14 21:28:48 2019;-23.5906284496643,-46.6326373943149;-23.5893,-46.6336;-23.5906252 -46.6326387;-23.5890733 -46.6336419;549;139;235
24;Thu Mar 14 21:29:49 2019;-23.5906284496643,-46.6326373943149;-23.5893,-46.6336;-23.5906252 -46.6326387;-23.5890733 -46.6336419;549;139;235
25;Thu Mar 14 21:30:48 2019;-23.5906284496643,-46.6326373943149;-23.5893,-46.6336;-23.5906252 -46.6326387;-23.5890733 -46.6336419;549;139;235
26;Thu Mar 14 21:31:48 2019;-23.5906284496643,-46.6326373943149;-23.5893,-46.6336;-23.5906252 -46.6326387;-23.5890733 -46.6336419;549;139;235
27;Thu Mar 14 21:32:48 2019;-23.5906284496643,-46.6326373943149;-23.5893,-46.6336;-23.5906252 -46.6326387;-23.5890733 -46.6336419;549;139;235
28;Thu Mar 14 21:33:49 2019;-23.5906284496643,-46.6326373943149;-23.5893,-46.6336;-23.5906252 -46.6326387;-23.5890733 -46.6336419;549;139;235
29;Thu Mar 14 21:34:49 2019;-23.5906284496643,-46.6326373943149;-23.5893,-46.6336;-23.5906252 -46.6326387;-23.5890733 -46.6336419;549;139;238
30;Thu Mar 14 21:35:48 2019;-23.5906284496643,-46.6326373943149;-23.5893,-46.6336;-23.5906252 -46.6326387;-23.5890733 -46.6336419;549;139;241
31;Thu Mar 14 21:36:48 2019;-23.5906284496643,-46.6326373943149;-23.5893,-46.6336;-23.5906252 -46.6326387;-23.5890733 -46.6336419;549;139;241
32;Thu Mar 14 21:37:49 2019;-23.5906284496643,-46.6326373943149;-23.5893,-46.6336;-23.5906252 -46.6326387;-23.5890733 -46.6336419;549;139;232
33;Thu Mar 14 21:38:48 2019;-23.5906284496643,-46.6326373943149;-23.5893,-46.6336;-23.5906252 -46.6326387;-23.5890733 -46.6336419;549;139;232
34;Thu Mar 14 21:39:48 2019;-23.5906284496643,-46.6326373943149;-23.5893,-46.6336;-23.5906252 -46.6326387;-23.5890733 -46.6336419;549;139;232
35;Thu Mar 14 21:40:48 2019;-23.5906284496643,-46.6326373943149;-23.5893,-46.6336;-23.5906252 -46.6326387;-23.5890733 -46.6336419;549;139;232
36;Thu Mar 14 21:41:48 2019;-23.5906284496643,-46.6326373943149;-23.5893,-46.6336;-23.5906252 -46.6326387;-23.5890733 -46.6336419;549;139;232
37;Thu Mar 14 21:42:48 2019;-23.5906284496643,-46.6326373943149;-23.5893,-46.6336;-23.5906252 -46.6326387;-23.5890733 -46.6336419;549;139;232
38;Thu Mar 14 21:43:48 2019;-23.5906284496643,-46.6326373943149;-23.5893,-46.6336;-23.5906252 -46.6326387;-23.5890733 -46.6336419;549;139;232
39;Thu Mar 14 21:44:49 2019;-23.5906284496643,-46.6326373943149;-23.5893,-46.6336;-23.5906252 -46.6326387;-23.5890733 -46.6336419;549;139;232
40;Thu Mar 14 21:45:48 2019;-23.5906284496643,-46.6326373943149;-23.5893,-46.6336;-23.5906252 -46.6326387;-23.5890733 -46.6336419;549;139;232
41;Thu Mar 14 21:46:48 2019;-23.5906284496643,-46.6326373943149;-23.5893,-46.6336;-23.5906252 -46.6326387;-23.5890733 -46.6336419;549;139;232
42;Thu Mar 14 21:47:48 2019;-23.5906284496643,-46.6326373943149;-23.5893,-46.6336;-23.5906252 -46.6326387;-23.5890733 -46.6336419;549;139;232
43;Thu Mar 14 21:48:49 2019;-23.5906284496643,-46.6326373943149;-23.5893,-46.6336;-23.5906252 -46.6326387;-23.5890733 -46.6336419;549;139;232
44;Thu Mar 14 21:49:48 2019;-23.5906284496643,-46.6326373943149;-23.5893,-46.6336;-23.5906252 -46.6326387;-23.5890733 -46.6336419;549;139;224
45;Thu Mar 14 21:50:48 2019;-23.5906284496643,-46.6326373943149;-23.5893,-46.6336;-23.5906252 -46.6326387;-23.5890733 -46.6336419;549;139;223
46;Thu Mar 14 21:51:48 2019;-23.5906284496643,-46.6326373943149;-23.5893,-46.6336;-23.5906252 -46.6326387;-23.5890733 -46.6336419;549;139;223
47;Thu Mar 14 21:52:49 2019;-23.5906284496643,-46.6326373943149;-23.5893,-46.6336;-23.5906252 -46.6326387;-23.5890733 -46.6336419;549;139;223
48;Thu Mar 14 21:53:48 2019;-23.5906284496643,-46.6326373943149;-23.5893,-46.6336;-23.5906252 -46.6326387;-23.5890733 -46.6336419;549;139;223
49;Thu Mar 14 21:54:49 2019;-23.5906284496643,-46.6326373943149;-23.5893,-46.6336;-23.5906252 -46.6326387;-23.5890733 -46.6336419;549;139;223
50;Thu Mar 14 21:55:48 2019;-23.5906284496643,-46.6326373943149;-23.5893,-46.6336;-23.5906252 -46.6326387;-23.5890733 -46.6336419;549;139;223
51;Thu Mar 14 21:56:49 2019;-23.5906284496643,-46.6326373943149;-23.5893,-46.6336;-23.5906252 -46.6326387;-23.5890733 -46.6336419;549;139;223
52;Thu Mar 14 21:57:48 2019;-23.5906284496643,-46.6326373943149;-23.5893,-46.6336;-23.5906252 -46.6326387;-23.5890733 -46.6336419;549;139;223
53;Thu Mar 14 21:58:49 2019;-23.5906284496643,-46.6326373943149;-23.5893,-46.6336;-23.5906252 -46.6326387;-23.5890733 -46.6336419;549;139;223
54;Thu Mar 14 21:59:48 2019;-23.5906284496643,-46.6326373943149;-23.5893,-46.6336;-23.5906252 -46.6326387;-23.5890733 -46.6336419;549;139;223
55;Thu Mar 14 22:00:48 2019;-23.5906284496643,-46.6326373943149;-23.5893,-46.6336;-23.5906252 -46.6326387;-23.5890733 -46.6336419;549;139;223
56;Thu Mar 14 22:01:49 2019;-23.5906284496643,-46.6326373943149;-23.5893,-46.6336;-23.5906252 -46.6326387;-23.5890733 -46.6336419;549;139;223
57;Thu Mar 14 22:02:48 2019;-23.5906284496643,-46.6326373943149;-23.5893,-46.6336;-23.5906252 -46.6326387;-23.5890733 -46.6336419;549;139;223
58;Thu Mar 14 22:03:48 2019;-23.5906284496643,-46.6326373943149;-23.5893,-46.6336;-23.5906252 -46.6326387;-23.5890733 -46.6336419;549;139;223
59;Thu Mar 14 22:04:49 2019;-23.5906284496643,-46.6326373943149;-23.5893,-46.6336;-23.5906252 -46.6326387;-23.5890733 -46.6336419;549;139;227
60;Thu Mar 14 22:05:49 2019;-23.5906284496643,-46.6326373943149;-23.5893,-46.6336;-23.5906252 -46.6326387;-23.5890733 -46.6336419;549;139;222
61;Thu Mar 14 22:06:49 2019;-23.5906284496643,-46.6326373943149;-23.5893,-46.6336;-23.5906252 -46.6326387;-23.5890733 -46.6336419;549;139;222
62;Thu Mar 14 22:07:49 2019;-23.5906284496643,-46.6326373943149;-23.5893,-46.6336;-23.5906252 -46.6326387;-23.5890733 -46.6336419;549;139;222
63;Thu Mar 14 22:08:49 2019;-23.5906284496643,-46.6326373943149;-23.5893,-46.6336;-23.5906252 -46.6326387;-23.5890733 -46.6336419;549;139;222
64;Thu Mar 14 22:09:48 2019;-23.5906284496643,-46.6326373943149;-23.5893,-46.6336;-23.5906252 -46.6326387;-23.5890733 -46.6336419;549;139;222
65;Thu Mar 14 22:10:48 2019;-23.5906284496643,-46.6326373943149;-23.5893,-46.6336;-23.5906252 -46.6326387;-23.5890733 -46.6336419;549;139;222
66;Thu Mar 14 22:11:49 2019;-23.5906284496643,-46.6326373943149;-23.5893,-46.6336;-23.5906252 -46.6326387;-23.5890733 -46.6336419;549;139;222
67;Thu Mar 14 22:12:48 2019;-23.5906284496643,-46.6326373943149;-23.5893,-46.6336;-23.5906252 -46.6326387;-23.5890733 -46.6336419;549;139;222
68;Thu Mar 14 22:13:48 2019;-23.5906284496643,-46.6326373943149;-23.5893,-46.6336;-23.5906252 -46.6326387;-23.5890733 -46.6336419;549;139;222
69;Thu Mar 14 22:14:48 2019;-23.5906284496643,-46.6326373943149;-23.5893,-46.6336;-23.5906252 -46.6326387;-23.5890733 -46.6336419;549;139;222
70;Thu Mar 14 22:15:49 2019;-23.5906284496643,-46.6326373943149;-23.5893,-46.6336;-23.5906252 -46.6326387;-23.5890733 -46.6336419;549;139;222
71;Thu Mar 14 22:16:48 2019;-23.5906284496643,-46.6326373943149;-23.5893,-46.6336;-23.5906252 -46.6326387;-23.5890733 -46.6336419;549;139;222
72;Thu Mar 14 22:17:48 2019;-23.5906284496643,-46.6326373943149;-23.5893,-46.6336;-23.5906252 -46.6326387;-23.5890733 -46.6336419;549;139;222
73;Thu Mar 14 22:18:48 2019;-23.5906284496643,-46.6326373943149;-23.5893,-46.6336;-23.5906252 -46.6326387;-23.5890733 -46.6336419;549;139;222
74;Thu Mar 14 22:19:49 2019;-23.5906284496643,-46.6326373943149;-23.5893,-46.6336;-23.5906252 -46.6326387;-23.5890733 -46.6336419;549;139;223
75;Thu Mar 14 22:20:48 2019;-23.5906284496643,-46.6326373943149;-23.5893,-46.6336;-23.5906252 -46.6326387;-23.5890733 -46.6336419;549;139;225
76;Thu Mar 14 22:21:48 2019;-23.5906284496643,-46.6326373943149;-23.5893,-46.6336;-23.5906252 -46.6326387;-23.5890733 -46.6336419;549;139;225
77;Thu Mar 14 22:22:49 2019;-23.5906284496643,-46.6326373943149;-23.5893,-46.6336;-23.5906252 -46.6326387;-23.5890733 -46.6336419;549;139;212
78;Thu Mar 14 22:23:48 2019;-23.5906284496643,-46.6326373943149;-23.5893,-46.6336;-23.5906252 -46.6326387;-23.5890733 -46.6336419;549;139;212
79;Thu Mar 14 22:24:49 2019;-23.5906284496643,-46.6326373943149;-23.5893,-46.6336;-23.5906252 -46.6326387;-23.5890733 -46.6336419;549;139;212
80;Thu Mar 14 22:25:49 2019;-23.5906284496643,-46.6326373943149;-23.5893,-46.6336;-23.5906252 -46.6326387;-23.5890733 -46.6336419;549;139;212
81;Thu Mar 14 22:26:49 2019;-23.5906284496643,-46.6326373943149;-23.5893,-46.6336;-23.5906252 -46.6326387;-23.5890733 -46.6336419;549;139;212
82;Thu Mar 14 22:27:49 2019;-23.5906284496643,-46.6326373943149;-23.5893,-46.6336;-23.5906252 -46.6326387;-23.5890733 -46.6336419;549;139;212
83;Thu Mar 14 22:28:49 2019;-23.5906284496643,-46.6326373943149;-23.5893,-46.6336;-23.5906252 -46.6326387;-23.5890733 -46.6336419;549;139;212
84;Thu Mar 14 22:29:48 2019;-23.5906284496643,-46.6326373943149;-23.5893,-46.6336;-23.5906252 -46.6326387;-23.5890733 -46.6336419;549;139;212
85;Thu Mar 14 22:30:48 2019;-23.5906284496643,-46.6326373943149;-23.5893,-46.6336;-23.5906252 -46.6326387;-23.5890733 -46.6336419;549;139;212
86;Thu Mar 14 22:31:48 2019;-23.5906284496643,-46.6326373943149;-23.5893,-46.6336;-23.5906252 -46.6326387;-23.5890733 -46.6336419;549;139;212
87;Thu Mar 14 22:32:49 2019;-23.5906284496643,-46.6326373943149;-23.5893,-46.6336;-23.5906252 -46.6326387;-23.5890733 -46.6336419;549;139;212
88;Thu Mar 14 22:33:48 2019;-23.5906284496643,-46.6326373943149;-23.5893,-46.6336;-23.5906252 -46.6326387;-23.5890733 -46.6336419;549;139;212
89;Thu Mar 14 22:34:48 2019;-23.5906284496643,-46.6326373943149;-23.5893,-46.6336;-23.5906252 -46.6326387;-23.5890733 -46.6336419;549;139;205
90;Thu Mar 14 22:35:48 2019;-23.5906284496643,-46.6326373943149;-23.5893,-46.6336;-23.5906252 -46.6326387;-23.5890733 -46.6336419;549;139;199
91;Thu Mar 14 22:36:48 2019;-23.5906284496643,-46.6326373943149;-23.5893,-46.6336;-23.5906252 -46.6326387;-23.5890733 -46.6336419;549;139;196
92;Thu Mar 14 22:37:49 2019;-23.5906284496643,-46.6326373943149;-23.5893,-46.6336;-23.5906252 -46.6326387;-23.5890733 -46.6336419;549;139;202
93;Thu Mar 14 22:38:50 2019;-23.5906284496643,-46.6326373943149;-23.5893,-46.6336;-23.5906252 -46.6326387;-23.5890733 -46.6336419;549;139;202
94;Thu Mar 14 22:39:48 2019;-23.5906284496643,-46.6326373943149;-23.5893,-46.6336;-23.5906252 -46.6326387;-23.5890733 -46.6336419;549;139;202
95;Thu Mar 14 22:40:49 2019;-23.5906284496643,-46.6326373943149;-23.5893,-46.6336;-23.5906252 -46.6326387;-23.5890733 -46.6336419;549;139;202
96;Thu Mar 14 22:41:48 2019;-23.5906284496643,-46.6326373943149;-23.5893,-46.6336;-23.5906252 -46.6326387;-23.5890733 -46.6336419;549;139;202
97;Thu Mar 14 22:42:49 2019;-23.5906284496643,-46.6326373943149;-23.5893,-46.6336;-23.5906252 -46.6326387;-23.5890733 -46.6336419;549;139;202
98;Thu Mar 14 22:43:48 2019;-23.5906284496643,-46.6326373943149;-23.5893,-46.6336;-23.5906252 -46.6326387;-23.5890733 -46.6336419;549;139;202
99;Thu Mar 14 22:44:49 2019;-23.5906284496643,-46.6326373943149;-23.5893,-46.6336;-23.5906252 -46.6326387;-23.5890733 -46.6336419;549;139;202
100;Thu Mar 14 22:45:48 2019;-23.5906284496643,-46.6326373943149;-23.5893,-46.6336;-23.5906252 -46.6326387;-23.5890733 -46.6336419;549;139;202
101;Thu Mar 14 22:46:49 2019;-23.5906284496643,-46.6326373943149;-23.5893,-46.6336;-23.5906252 -46.6326387;-23.5890733 -46.6336419;549;139;202
102;Thu Mar 14 22:47:48 2019;-23.5906284496643,-46.6326373943149;-23.5893,-46.6336;-23.5906252 -46.6326387;-23.5890733 -46.6336419;549;139;202
103;Thu Mar 14 22:48:48 2019;-23.5906284496643,-46.6326373943149;-23.5893,-46.6336;-23.5906252 -46.6326387;-23.5890733 -46.6336419;549;139;202
104;Thu Mar 14 22:49:49 2019;-23.5906284496643,-46.6326373943149;-23.5893,-46.6336;-23.5906252 -46.6326387;-23.5890733 -46.6336419;549;139;205
105;Thu Mar 14 22:50:49 2019;-23.5906284496643,-46.6326373943149;-23.5893,-46.6336;-23.5906252 -46.6326387;-23.5890733 -46.6336419;549;139;207
106;Thu Mar 14 22:51:48 2019;-23.5906284496643,-46.6326373943149;-23.5893,-46.6336;-23.5906252 -46.6326387;-23.5890733 -46.6336419;549;139;207
107;Thu Mar 14 22:52:49 2019;-23.5906284496643,-46.6326373943149;-23.5893,-46.6336;-23.5906252 -46.6326387;-23.5890733 -46.6336419;549;139;201
108;Thu Mar 14 22:53:49 2019;-23.5906284496643,-46.6326373943149;-23.5893,-46.6336;-23.5906252 -46.6326387;-23.5890733 -46.6336419;549;139;201
109;Thu Mar 14 22:54:48 2019;-23.5906284496643,-46.6326373943149;-23.5893,-46.6336;-23.5906252 -46.6326387;-23.5890733 -46.6336419;549;139;201
110;Thu Mar 14 22:55:49 2019;-23.5906284496643,-46.6326373943149;-23.5893,-46.6336;-23.5906252 -46.6326387;-23.5890733 -46.6336419;549;139;201
111;Thu Mar 14 22:56:50 2019;-23.5906284496643,-46.6326373943149;-23.5893,-46.6336;-23.5906252 -46.6326387;-23.5890733 -46.6336419;549;139;201
112;Thu Mar 14 22:57:48 2019;-23.5906284496643,-46.6326373943149;-23.5893,-46.6336;-23.5906252 -46.6326387;-23.5890733 -46.6336419;549;139;201
113;Thu Mar 14 22:58:48 2019;-23.5906284496643,-46.6326373943149;-23.5893,-46.6336;-23.5906252 -46.6326387;-23.5890733 -46.6336419;549;139;201
114;Thu Mar 14 22:59:48 2019;-23.5906284496643,-46.6326373943149;-23.5893,-46.6336;-23.5906252 -46.6326387;-23.5890733 -46.6336419;549;139;201
115;Thu Mar 14 23:00:48 2019;-23.5906284496643,-46.6326373943149;-23.5893,-46.6336;-23.5906252 -46.6326387;-23.5890733 -46.6336419;549;139;201
116;Thu Mar 14 23:01:48 2019;-23.5906284496643,-46.6326373943149;-23.5893,-46.6336;-23.5906252 -46.6326387;-23.5890733 -46.6336419;549;139;201
117;Thu Mar 14 23:02:48 2019;-23.5906284496643,-46.6326373943149;-23.5893,-46.6336;-23.5906252 -46.6326387;-23.5890733 -46.6336419;549;139;201
118;Thu Mar 14 23:03:49 2019;-23.5906284496643,-46.6326373943149;-23.5893,-46.6336;-23.5906252 -46.6326387;-23.5890733 -46.6336419;549;139;201
119;Thu Mar 14 23:04:49 2019;-23.5906284496643,-46.6326373943149;-23.5893,-46.6336;-23.5906252 -46.6326387;-23.5890733 -46.6336419;549;139;201
120;Thu Mar 14 23:05:48 2019;-23.5906284496643,-46.6326373943149;-23.5893,-46.6336;-23.5906252 -46.6326387;-23.5890733 -46.6336419;549;139;197
121;Thu Mar 14 23:06:49 2019;-23.5906284496643,-46.6326373943149;-23.5893,-46.6336;-23.5906252 -46.6326387;-23.5890733 -46.6336419;549;139;197
122;Thu Mar 14 23:07:49 2019;-23.5906284496643,-46.6326373943149;-23.5893,-46.6336;-23.5906252 -46.6326387;-23.5890733 -46.6336419;549;139;197
123;Thu Mar 14 23:08:48 2019;-23.5906284496643,-46.6326373943149;-23.5893,-46.6336;-23.5906252 -46.6326387;-23.5890733 -46.6336419;549;139;197
124;Thu Mar 14 23:09:48 2019;-23.5906284496643,-46.6326373943149;-23.5893,-46.6336;-23.5906252 -46.6326387;-23.5890733 -46.6336419;549;139;197
125;Thu Mar 14 23:10:48 2019;-23.5906284496643,-46.6326373943149;-23.5893,-46.6336;-23.5906252 -46.6326387;-23.5890733 -46.6336419;549;139;197
126;Thu Mar 14 23:11:49 2019;-23.5906284496643,-46.6326373943149;-23.5893,-46.6336;-23.5906252 -46.6326387;-23.5890733 -46.6336419;549;139;197
127;Thu Mar 14 23:12:48 2019;-23.5906284496643,-46.6326373943149;-23.5893,-46.6336;-23.5906252 -46.6326387;-23.5890733 -46.6336419;549;139;197
128;Thu Mar 14 23:13:48 2019;-23.5906284496643,-46.6326373943149;-23.5893,-46.6336;-23.5906252 -46.6326387;-23.5890733 -46.6336419;549;139;197
129;Thu Mar 14 23:14:48 2019;-23.5906284496643,-46.6326373943149;-23.5893,-46.6336;-23.5906252 -46.6326387;-23.5890733 -46.6336419;549;139;197
130;Thu Mar 14 23:15:48 2019;-23.5906284496643,-46.6326373943149;-23.5893,-46.6336;-23.5906252 -46.6326387;-23.5890733 -46.6336419;549;139;197
131;Thu Mar 14 23:16:48 2019;-23.5906284496643,-46.6326373943149;-23.5893,-46.6336;-23.5906252 -46.6326387;-23.5890733 -46.6336419;549;139;197
132;Thu Mar 14 23:17:49 2019;-23.5906284496643,-46.6326373943149;-23.5893,-46.6336;-23.5906252 -46.6326387;-23.5890733 -46.6336419;549;139;197
133;Thu Mar 14 23:18:48 2019;-23.5906284496643,-46.6326373943149;-23.5893,-46.6336;-23.5906252 -46.6326387;-23.5890733 -46.6336419;549;139;197
134;Thu Mar 14 23:19:48 2019;-23.5906284496643,-46.6326373943149;-23.5893,-46.6336;-23.5906252 -46.6326387;-23.5890733 -46.6336419;549;139;194
135;Thu Mar 14 23:20:48 2019;-23.5906284496643,-46.6326373943149;-23.5893,-46.6336;-23.5906252 -46.6326387;-23.5890733 -46.6336419;549;139;196
136;Thu Mar 14 23:21:48 2019;-23.5906284496643,-46.6326373943149;-23.5893,-46.6336;-23.5906252 -46.6326387;-23.5890733 -46.6336419;549;139;196
137;Thu Mar 14 23:22:50 2019;-23.5906284496643,-46.6326373943149;-23.5893,-46.6336;-23.5906252 -46.6326387;-23.5890733 -46.6336419;549;139;202
138;Thu Mar 14 23:23:49 2019;-23.5906284496643,-46.6326373943149;-23.5893,-46.6336;-23.5906252 -46.6326387;-23.5890733 -46.6336419;549;139;202
139;Thu Mar 14 23:24:49 2019;-23.5906284496643,-46.6326373943149;-23.5893,-46.6336;-23.5906252 -46.6326387;-23.5890733 -46.6336419;549;139;202
140;Thu Mar 14 23:25:48 2019;-23.5906284496643,-46.6326373943149;-23.5893,-46.6336;-23.5906252 -46.6326387;-23.5890733 -46.6336419;549;139;202
141;Thu Mar 14 23:26:50 2019;-23.5906284496643,-46.6326373943149;-23.5893,-46.6336;-23.5906252 -46.6326387;-23.5890733 -46.6336419;549;139;202
142;Thu Mar 14 23:27:48 2019;-23.5906284496643,-46.6326373943149;-23.5893,-46.6336;-23.5906252 -46.6326387;-23.5890733 -46.6336419;549;139;202
143;Thu Mar 14 23:28:48 2019;-23.5906284496643,-46.6326373943149;-23.5893,-46.6336;-23.5906252 -46.6326387;-23.5890733 -46.6336419;549;139;202
144;Thu Mar 14 23:29:48 2019;-23.5906284496643,-46.6326373943149;-23.5893,-46.6336;-23.5906252 -46.6326387;-23.5890733 -46.6336419;549;139;202
145;Thu Mar 14 23:30:48 2019;-23.5906284496643,-46.6326373943149;-23.5893,-46.6336;-23.5906252 -46.6326387;-23.5890733 -46.6336419;549;139;202
146;Thu Mar 14 23:31:48 2019;-23.5906284496643,-46.6326373943149;-23.5893,-46.6336;-23.5906252 -46.6326387;-23.5890733 -46.6336419;549;139;202
147;Thu Mar 14 23:32:49 2019;-23.5906284496643,-46.6326373943149;-23.5893,-46.6336;-23.5906252 -46.6326387;-23.5890733 -46.6336419;549;139;202
148;Thu Mar 14 23:33:48 2019;-23.5906284496643,-46.6326373943149;-23.5893,-46.6336;-23.5906252 -46.6326387;-23.5890733 -46.6336419;549;139;202
149;Thu Mar 14 23:34:48 2019;-23.5906284496643,-46.6326373943149;-23.5893,-46.6336;-23.5906252 -46.6326387;-23.5890733 -46.6336419;549;139;205
150;Thu Mar 14 23:35:48 2019;-23.5906284496643,-46.6326373943149;-23.5893,-46.6336;-23.5906252 -46.6326387;-23.5890733 -46.6336419;549;139;203
151;Thu Mar 14 23:36:49 2019;-23.5906284496643,-46.6326373943149;-23.5893,-46.6336;-23.5906252 -46.6326387;-23.5890733 -46.6336419;549;139;203
152;Thu Mar 14 23:37:50 2019;-23.5906284496643,-46.6326373943149;-23.5893,-46.6336;-23.5906252 -46.6326387;-23.5890733 -46.6336419;549;139;192
153;Thu Mar 14 23:38:49 2019;-23.5906284496643,-46.6326373943149;-23.5893,-46.6336;-23.5906252 -46.6326387;-23.5890733 -46.6336419;549;139;192
154;Thu Mar 14 23:39:48 2019;-23.5906284496643,-46.6326373943149;-23.5893,-46.6336;-23.5906252 -46.6326387;-23.5890733 -46.6336419;549;139;192
155;Thu Mar 14 23:40:49 2019;-23.5906284496643,-46.6326373943149;-23.5893,-46.6336;-23.5906252 -46.6326387;-23.5890733 -46.6336419;549;139;192
156;Thu Mar 14 23:41:48 2019;-23.5906284496643,-46.6326373943149;-23.5893,-46.6336;-23.5906252 -46.6326387;-23.5890733 -46.6336419;549;139;192
157;Thu Mar 14 23:42:49 2019;-23.5906284496643,-46.6326373943149;-23.5893,-46.6336;-23.5906252 -46.6326387;-23.5890733 -46.6336419;549;139;192
158;Thu Mar 14 23:43:48 2019;-23.5906284496643,-46.6326373943149;-23.5893,-46.6336;-23.5906252 -46.6326387;-23.5890733 -46.6336419;549;139;192
159;Thu Mar 14 23:44:49 2019;-23.5906284496643,-46.6326373943149;-23.5893,-46.6336;-23.5906252 -46.6326387;-23.5890733 -46.6336419;549;139;192
160;Thu Mar 14 23:45:48 2019;-23.5906284496643,-46.6326373943149;-23.5893,-46.6336;-23.5906252 -46.6326387;-23.5890733 -46.6336419;549;139;192
161;Thu Mar 14 23:46:50 2019;-23.5906284496643,-46.6326373943149;-23.5893,-46.6336;-23.5906252 -46.6326387;-23.5890733 -46.6336419;549;139;192
162;Thu Mar 14 23:47:49 2019;-23.5906284496643,-46.6326373943149;-23.5893,-46.6336;-23.5906252 -46.6326387;-23.5890733 -46.6336419;549;139;192
163;Thu Mar 14 23:48:48 2019;-23.5906284496643,-46.6326373943149;-23.5893,-46.6336;-23.5906252 -46.6326387;-23.5890733 -46.6336419;549;139;192
164;Thu Mar 14 23:49:48 2019;-23.5906284496643,-46.6326373943149;-23.5893,-46.6336;-23.5906252 -46.6326387;-23.5890733 -46.6336419;549;139;192
165;Thu Mar 14 23:50:49 2019;-23.5906284496643,-46.6326373943149;-23.5893,-46.6336;-23.5906252 -46.6326387;-23.5890733 -46.6336419;549;139;183
166;Thu Mar 14 23:51:49 2019;-23.5906284496643,-46.6326373943149;-23.5893,-46.6336;-23.5906252 -46.6326387;-23.5890733 -46.6336419;549;139;176
167;Thu Mar 14 23:52:50 2019;-23.5906284496643,-46.6326373943149;-23.5893,-46.6336;-23.5906252 -46.6326387;-23.5890733 -46.6336419;549;139;176
168;Thu Mar 14 23:53:49 2019;-23.5906284496643,-46.6326373943149;-23.5893,-46.6336;-23.5906252 -46.6326387;-23.5890733 -46.6336419;549;139;176
169;Thu Mar 14 23:54:48 2019;-23.5906284496643,-46.6326373943149;-23.5893,-46.6336;-23.5906252 -46.6326387;-23.5890733 -46.6336419;549;139;176
170;Thu Mar 14 23:55:48 2019;-23.5906284496643,-46.6326373943149;-23.5893,-46.6336;-23.5906252 -46.6326387;-23.5890733 -46.6336419;549;139;176
171;Thu Mar 14 23:56:49 2019;-23.5906284496643,-46.6326373943149;-23.5893,-46.6336;-23.5906252 -46.6326387;-23.5890733 -46.6336419;549;139;176
172;Thu Mar 14 23:57:48 2019;-23.5906284496643,-46.6326373943149;-23.5893,-46.6336;-23.5906252 -46.6326387;-23.5890733 -46.6336419;549;139;176
173;Thu Mar 14 23:58:48 2019;-23.5906284496643,-46.6326373943149;-23.5893,-46.6336;-23.5906252 -46.6326387;-23.5890733 -46.6336419;549;139;176
174;Thu Mar 14 23:59:48 2019;-23.5906284496643,-46.6326373943149;-23.5893,-46.6336;-23.5906252 -46.6326387;-23.5890733 -46.6336419;549;139;176
