38972;Thu Mar 14 00:00:33 2019;-23.618161790278,-46.6096885741109;-23.6174264740262,-46.6102740696322;-23.6181771 -46.6097015;-23.6174165 -46.610301;132;39;39
39213;Thu Mar 14 04:01:33 2019;-23.618161790278,-46.6096885741109;-23.6174264740262,-46.6102740696322;-23.6181771 -46.6097015;-23.6174165 -46.610301;132;39;31
39214;Thu Mar 14 04:02:33 2019;-23.618161790278,-46.6096885741109;-23.6174264740262,-46.6102740696322;-23.6181771 -46.6097015;-23.6174165 -46.610301;132;39;31
39215;Thu Mar 14 04:03:34 2019;-23.618161790278,-46.6096885741109;-23.6174264740262,-46.6102740696322;-23.6181771 -46.6097015;-23.6174165 -46.610301;132;39;31
39216;Thu Mar 14 04:04:33 2019;-23.618161790278,-46.6096885741109;-23.6174264740262,-46.6102740696322;-23.6181771 -46.6097015;-23.6174165 -46.610301;132;39;31
39217;Thu Mar 14 04:05:33 2019;-23.618161790278,-46.6096885741109;-23.6174264740262,-46.6102740696322;-23.6181771 -46.6097015;-23.6174165 -46.610301;132;39;31
39218;Thu Mar 14 04:06:33 2019;-23.618161790278,-46.6096885741109;-23.6174264740262,-46.6102740696322;-23.6181771 -46.6097015;-23.6174165 -46.610301;132;39;31
39219;Thu Mar 14 04:07:33 2019;-23.618161790278,-46.6096885741109;-23.6174264740262,-46.6102740696322;-23.6181771 -46.6097015;-23.6174165 -46.610301;132;39;33
39220;Thu Mar 14 04:08:33 2019;-23.618161790278,-46.6096885741109;-23.6174264740262,-46.6102740696322;-23.6181771 -46.6097015;-23.6174165 -46.610301;132;39;33
39221;Thu Mar 14 04:09:33 2019;-23.618161790278,-46.6096885741109;-23.6174264740262,-46.6102740696322;-23.6181771 -46.6097015;-23.6174165 -46.610301;132;39;33
1;Thu Mar 14 21:06:52 2019;-23.618161790278,-46.6096885741109;-23.6174264740262,-46.6102740696322;-23.6181771 -46.6097015;-23.6174165 -46.610301;132;39;57
2;Thu Mar 14 21:07:47 2019;-23.618161790278,-46.6096885741109;-23.6174264740262,-46.6102740696322;-23.6181771 -46.6097015;-23.6174165 -46.610301;132;39;57
3;Thu Mar 14 21:08:50 2019;-23.618161790278,-46.6096885741109;-23.6174264740262,-46.6102740696322;-23.6181771 -46.6097015;-23.6174165 -46.610301;132;39;57
4;Thu Mar 14 21:09:47 2019;-23.618161790278,-46.6096885741109;-23.6174264740262,-46.6102740696322;-23.6181771 -46.6097015;-23.6174165 -46.610301;132;39;57
5;Thu Mar 14 21:10:47 2019;-23.618161790278,-46.6096885741109;-23.6174264740262,-46.6102740696322;-23.6181771 -46.6097015;-23.6174165 -46.610301;132;39;57
6;Thu Mar 14 21:11:46 2019;-23.618161790278,-46.6096885741109;-23.6174264740262,-46.6102740696322;-23.6181771 -46.6097015;-23.6174165 -46.610301;132;39;57
7;Thu Mar 14 21:12:46 2019;-23.618161790278,-46.6096885741109;-23.6174264740262,-46.6102740696322;-23.6181771 -46.6097015;-23.6174165 -46.610301;132;39;57
8;Thu Mar 14 21:13:46 2019;-23.618161790278,-46.6096885741109;-23.6174264740262,-46.6102740696322;-23.6181771 -46.6097015;-23.6174165 -46.610301;132;39;57
9;Thu Mar 14 21:14:47 2019;-23.618161790278,-46.6096885741109;-23.6174264740262,-46.6102740696322;-23.6181771 -46.6097015;-23.6174165 -46.610301;132;39;57
10;Thu Mar 14 21:15:47 2019;-23.618161790278,-46.6096885741109;-23.6174264740262,-46.6102740696322;-23.6181771 -46.6097015;-23.6174165 -46.610301;132;39;57
11;Thu Mar 14 21:16:47 2019;-23.618161790278,-46.6096885741109;-23.6174264740262,-46.6102740696322;-23.6181771 -46.6097015;-23.6174165 -46.610301;132;39;57
12;Thu Mar 14 21:17:47 2019;-23.618161790278,-46.6096885741109;-23.6174264740262,-46.6102740696322;-23.6181771 -46.6097015;-23.6174165 -46.610301;132;39;57
13;Thu Mar 14 21:18:47 2019;-23.618161790278,-46.6096885741109;-23.6174264740262,-46.6102740696322;-23.6181771 -46.6097015;-23.6174165 -46.610301;132;39;57
14;Thu Mar 14 21:19:47 2019;-23.618161790278,-46.6096885741109;-23.6174264740262,-46.6102740696322;-23.6181771 -46.6097015;-23.6174165 -46.610301;132;39;57
15;Thu Mar 14 21:20:47 2019;-23.618161790278,-46.6096885741109;-23.6174264740262,-46.6102740696322;-23.6181771 -46.6097015;-23.6174165 -46.610301;132;39;57
16;Thu Mar 14 21:21:48 2019;-23.618161790278,-46.6096885741109;-23.6174264740262,-46.6102740696322;-23.6181771 -46.6097015;-23.6174165 -46.610301;132;39;56
17;Thu Mar 14 21:22:47 2019;-23.618161790278,-46.6096885741109;-23.6174264740262,-46.6102740696322;-23.6181771 -46.6097015;-23.6174165 -46.610301;132;39;56
18;Thu Mar 14 21:23:47 2019;-23.618161790278,-46.6096885741109;-23.6174264740262,-46.6102740696322;-23.6181771 -46.6097015;-23.6174165 -46.610301;132;39;56
19;Thu Mar 14 21:24:47 2019;-23.618161790278,-46.6096885741109;-23.6174264740262,-46.6102740696322;-23.6181771 -46.6097015;-23.6174165 -46.610301;132;39;56
20;Thu Mar 14 21:25:46 2019;-23.618161790278,-46.6096885741109;-23.6174264740262,-46.6102740696322;-23.6181771 -46.6097015;-23.6174165 -46.610301;132;39;56
21;Thu Mar 14 21:26:47 2019;-23.618161790278,-46.6096885741109;-23.6174264740262,-46.6102740696322;-23.6181771 -46.6097015;-23.6174165 -46.610301;132;39;56
22;Thu Mar 14 21:27:46 2019;-23.618161790278,-46.6096885741109;-23.6174264740262,-46.6102740696322;-23.6181771 -46.6097015;-23.6174165 -46.610301;132;39;56
23;Thu Mar 14 21:28:46 2019;-23.618161790278,-46.6096885741109;-23.6174264740262,-46.6102740696322;-23.6181771 -46.6097015;-23.6174165 -46.610301;132;39;56
24;Thu Mar 14 21:29:47 2019;-23.618161790278,-46.6096885741109;-23.6174264740262,-46.6102740696322;-23.6181771 -46.6097015;-23.6174165 -46.610301;132;39;56
25;Thu Mar 14 21:30:46 2019;-23.618161790278,-46.6096885741109;-23.6174264740262,-46.6102740696322;-23.6181771 -46.6097015;-23.6174165 -46.610301;132;39;56
26;Thu Mar 14 21:31:46 2019;-23.618161790278,-46.6096885741109;-23.6174264740262,-46.6102740696322;-23.6181771 -46.6097015;-23.6174165 -46.610301;132;39;56
27;Thu Mar 14 21:32:46 2019;-23.618161790278,-46.6096885741109;-23.6174264740262,-46.6102740696322;-23.6181771 -46.6097015;-23.6174165 -46.610301;132;39;56
28;Thu Mar 14 21:33:47 2019;-23.618161790278,-46.6096885741109;-23.6174264740262,-46.6102740696322;-23.6181771 -46.6097015;-23.6174165 -46.610301;132;39;56
29;Thu Mar 14 21:34:47 2019;-23.618161790278,-46.6096885741109;-23.6174264740262,-46.6102740696322;-23.6181771 -46.6097015;-23.6174165 -46.610301;132;39;56
30;Thu Mar 14 21:35:46 2019;-23.618161790278,-46.6096885741109;-23.6174264740262,-46.6102740696322;-23.6181771 -46.6097015;-23.6174165 -46.610301;132;39;56
31;Thu Mar 14 21:36:46 2019;-23.618161790278,-46.6096885741109;-23.6174264740262,-46.6102740696322;-23.6181771 -46.6097015;-23.6174165 -46.610301;132;39;55
32;Thu Mar 14 21:37:46 2019;-23.618161790278,-46.6096885741109;-23.6174264740262,-46.6102740696322;-23.6181771 -46.6097015;-23.6174165 -46.610301;132;39;53
33;Thu Mar 14 21:38:46 2019;-23.618161790278,-46.6096885741109;-23.6174264740262,-46.6102740696322;-23.6181771 -46.6097015;-23.6174165 -46.610301;132;39;53
34;Thu Mar 14 21:39:46 2019;-23.618161790278,-46.6096885741109;-23.6174264740262,-46.6102740696322;-23.6181771 -46.6097015;-23.6174165 -46.610301;132;39;53
35;Thu Mar 14 21:40:46 2019;-23.618161790278,-46.6096885741109;-23.6174264740262,-46.6102740696322;-23.6181771 -46.6097015;-23.6174165 -46.610301;132;39;53
36;Thu Mar 14 21:41:46 2019;-23.618161790278,-46.6096885741109;-23.6174264740262,-46.6102740696322;-23.6181771 -46.6097015;-23.6174165 -46.610301;132;39;53
37;Thu Mar 14 21:42:46 2019;-23.618161790278,-46.6096885741109;-23.6174264740262,-46.6102740696322;-23.6181771 -46.6097015;-23.6174165 -46.610301;132;39;53
38;Thu Mar 14 21:43:46 2019;-23.618161790278,-46.6096885741109;-23.6174264740262,-46.6102740696322;-23.6181771 -46.6097015;-23.6174165 -46.610301;132;39;53
39;Thu Mar 14 21:44:46 2019;-23.618161790278,-46.6096885741109;-23.6174264740262,-46.6102740696322;-23.6181771 -46.6097015;-23.6174165 -46.610301;132;39;53
40;Thu Mar 14 21:45:46 2019;-23.618161790278,-46.6096885741109;-23.6174264740262,-46.6102740696322;-23.6181771 -46.6097015;-23.6174165 -46.610301;132;39;53
41;Thu Mar 14 21:46:46 2019;-23.618161790278,-46.6096885741109;-23.6174264740262,-46.6102740696322;-23.6181771 -46.6097015;-23.6174165 -46.610301;132;39;53
42;Thu Mar 14 21:47:46 2019;-23.618161790278,-46.6096885741109;-23.6174264740262,-46.6102740696322;-23.6181771 -46.6097015;-23.6174165 -46.610301;132;39;53
43;Thu Mar 14 21:48:47 2019;-23.618161790278,-46.6096885741109;-23.6174264740262,-46.6102740696322;-23.6181771 -46.6097015;-23.6174165 -46.610301;132;39;53
44;Thu Mar 14 21:49:46 2019;-23.618161790278,-46.6096885741109;-23.6174264740262,-46.6102740696322;-23.6181771 -46.6097015;-23.6174165 -46.610301;132;39;53
45;Thu Mar 14 21:50:47 2019;-23.618161790278,-46.6096885741109;-23.6174264740262,-46.6102740696322;-23.6181771 -46.6097015;-23.6174165 -46.610301;132;39;53
46;Thu Mar 14 21:51:46 2019;-23.618161790278,-46.6096885741109;-23.6174264740262,-46.6102740696322;-23.6181771 -46.6097015;-23.6174165 -46.610301;132;39;55
47;Thu Mar 14 21:52:46 2019;-23.618161790278,-46.6096885741109;-23.6174264740262,-46.6102740696322;-23.6181771 -46.6097015;-23.6174165 -46.610301;132;39;54
48;Thu Mar 14 21:53:46 2019;-23.618161790278,-46.6096885741109;-23.6174264740262,-46.6102740696322;-23.6181771 -46.6097015;-23.6174165 -46.610301;132;39;54
49;Thu Mar 14 21:54:47 2019;-23.618161790278,-46.6096885741109;-23.6174264740262,-46.6102740696322;-23.6181771 -46.6097015;-23.6174165 -46.610301;132;39;54
50;Thu Mar 14 21:55:46 2019;-23.618161790278,-46.6096885741109;-23.6174264740262,-46.6102740696322;-23.6181771 -46.6097015;-23.6174165 -46.610301;132;39;54
51;Thu Mar 14 21:56:47 2019;-23.618161790278,-46.6096885741109;-23.6174264740262,-46.6102740696322;-23.6181771 -46.6097015;-23.6174165 -46.610301;132;39;54
52;Thu Mar 14 21:57:46 2019;-23.618161790278,-46.6096885741109;-23.6174264740262,-46.6102740696322;-23.6181771 -46.6097015;-23.6174165 -46.610301;132;39;54
53;Thu Mar 14 21:58:46 2019;-23.618161790278,-46.6096885741109;-23.6174264740262,-46.6102740696322;-23.6181771 -46.6097015;-23.6174165 -46.610301;132;39;54
54;Thu Mar 14 21:59:46 2019;-23.618161790278,-46.6096885741109;-23.6174264740262,-46.6102740696322;-23.6181771 -46.6097015;-23.6174165 -46.610301;132;39;54
55;Thu Mar 14 22:00:46 2019;-23.618161790278,-46.6096885741109;-23.6174264740262,-46.6102740696322;-23.6181771 -46.6097015;-23.6174165 -46.610301;132;39;54
56;Thu Mar 14 22:01:46 2019;-23.618161790278,-46.6096885741109;-23.6174264740262,-46.6102740696322;-23.6181771 -46.6097015;-23.6174165 -46.610301;132;39;54
57;Thu Mar 14 22:02:46 2019;-23.618161790278,-46.6096885741109;-23.6174264740262,-46.6102740696322;-23.6181771 -46.6097015;-23.6174165 -46.610301;132;39;54
58;Thu Mar 14 22:03:46 2019;-23.618161790278,-46.6096885741109;-23.6174264740262,-46.6102740696322;-23.6181771 -46.6097015;-23.6174165 -46.610301;132;39;54
59;Thu Mar 14 22:04:47 2019;-23.618161790278,-46.6096885741109;-23.6174264740262,-46.6102740696322;-23.6181771 -46.6097015;-23.6174165 -46.610301;132;39;54
60;Thu Mar 14 22:05:47 2019;-23.618161790278,-46.6096885741109;-23.6174264740262,-46.6102740696322;-23.6181771 -46.6097015;-23.6174165 -46.610301;132;39;54
61;Thu Mar 14 22:06:47 2019;-23.618161790278,-46.6096885741109;-23.6174264740262,-46.6102740696322;-23.6181771 -46.6097015;-23.6174165 -46.610301;132;39;53
62;Thu Mar 14 22:07:46 2019;-23.618161790278,-46.6096885741109;-23.6174264740262,-46.6102740696322;-23.6181771 -46.6097015;-23.6174165 -46.610301;132;39;49
63;Thu Mar 14 22:08:47 2019;-23.618161790278,-46.6096885741109;-23.6174264740262,-46.6102740696322;-23.6181771 -46.6097015;-23.6174165 -46.610301;132;39;49
64;Thu Mar 14 22:09:46 2019;-23.618161790278,-46.6096885741109;-23.6174264740262,-46.6102740696322;-23.6181771 -46.6097015;-23.6174165 -46.610301;132;39;49
65;Thu Mar 14 22:10:46 2019;-23.618161790278,-46.6096885741109;-23.6174264740262,-46.6102740696322;-23.6181771 -46.6097015;-23.6174165 -46.610301;132;39;49
66;Thu Mar 14 22:11:47 2019;-23.618161790278,-46.6096885741109;-23.6174264740262,-46.6102740696322;-23.6181771 -46.6097015;-23.6174165 -46.610301;132;39;49
67;Thu Mar 14 22:12:46 2019;-23.618161790278,-46.6096885741109;-23.6174264740262,-46.6102740696322;-23.6181771 -46.6097015;-23.6174165 -46.610301;132;39;49
68;Thu Mar 14 22:13:46 2019;-23.618161790278,-46.6096885741109;-23.6174264740262,-46.6102740696322;-23.6181771 -46.6097015;-23.6174165 -46.610301;132;39;49
69;Thu Mar 14 22:14:46 2019;-23.618161790278,-46.6096885741109;-23.6174264740262,-46.6102740696322;-23.6181771 -46.6097015;-23.6174165 -46.610301;132;39;49
70;Thu Mar 14 22:15:46 2019;-23.618161790278,-46.6096885741109;-23.6174264740262,-46.6102740696322;-23.6181771 -46.6097015;-23.6174165 -46.610301;132;39;49
71;Thu Mar 14 22:16:46 2019;-23.618161790278,-46.6096885741109;-23.6174264740262,-46.6102740696322;-23.6181771 -46.6097015;-23.6174165 -46.610301;132;39;49
72;Thu Mar 14 22:17:47 2019;-23.618161790278,-46.6096885741109;-23.6174264740262,-46.6102740696322;-23.6181771 -46.6097015;-23.6174165 -46.610301;132;39;49
73;Thu Mar 14 22:18:47 2019;-23.618161790278,-46.6096885741109;-23.6174264740262,-46.6102740696322;-23.6181771 -46.6097015;-23.6174165 -46.610301;132;39;49
74;Thu Mar 14 22:19:47 2019;-23.618161790278,-46.6096885741109;-23.6174264740262,-46.6102740696322;-23.6181771 -46.6097015;-23.6174165 -46.610301;132;39;49
75;Thu Mar 14 22:20:46 2019;-23.618161790278,-46.6096885741109;-23.6174264740262,-46.6102740696322;-23.6181771 -46.6097015;-23.6174165 -46.610301;132;39;49
76;Thu Mar 14 22:21:46 2019;-23.618161790278,-46.6096885741109;-23.6174264740262,-46.6102740696322;-23.6181771 -46.6097015;-23.6174165 -46.610301;132;39;49
77;Thu Mar 14 22:22:46 2019;-23.618161790278,-46.6096885741109;-23.6174264740262,-46.6102740696322;-23.6181771 -46.6097015;-23.6174165 -46.610301;132;39;47
78;Thu Mar 14 22:23:47 2019;-23.618161790278,-46.6096885741109;-23.6174264740262,-46.6102740696322;-23.6181771 -46.6097015;-23.6174165 -46.610301;132;39;47
79;Thu Mar 14 22:24:47 2019;-23.618161790278,-46.6096885741109;-23.6174264740262,-46.6102740696322;-23.6181771 -46.6097015;-23.6174165 -46.610301;132;39;47
80;Thu Mar 14 22:25:47 2019;-23.618161790278,-46.6096885741109;-23.6174264740262,-46.6102740696322;-23.6181771 -46.6097015;-23.6174165 -46.610301;132;39;47
81;Thu Mar 14 22:26:46 2019;-23.618161790278,-46.6096885741109;-23.6174264740262,-46.6102740696322;-23.6181771 -46.6097015;-23.6174165 -46.610301;132;39;47
82;Thu Mar 14 22:27:47 2019;-23.618161790278,-46.6096885741109;-23.6174264740262,-46.6102740696322;-23.6181771 -46.6097015;-23.6174165 -46.610301;132;39;47
83;Thu Mar 14 22:28:46 2019;-23.618161790278,-46.6096885741109;-23.6174264740262,-46.6102740696322;-23.6181771 -46.6097015;-23.6174165 -46.610301;132;39;47
84;Thu Mar 14 22:29:47 2019;-23.618161790278,-46.6096885741109;-23.6174264740262,-46.6102740696322;-23.6181771 -46.6097015;-23.6174165 -46.610301;132;39;47
85;Thu Mar 14 22:30:47 2019;-23.618161790278,-46.6096885741109;-23.6174264740262,-46.6102740696322;-23.6181771 -46.6097015;-23.6174165 -46.610301;132;39;47
86;Thu Mar 14 22:31:46 2019;-23.618161790278,-46.6096885741109;-23.6174264740262,-46.6102740696322;-23.6181771 -46.6097015;-23.6174165 -46.610301;132;39;47
87;Thu Mar 14 22:32:46 2019;-23.618161790278,-46.6096885741109;-23.6174264740262,-46.6102740696322;-23.6181771 -46.6097015;-23.6174165 -46.610301;132;39;47
88;Thu Mar 14 22:33:46 2019;-23.618161790278,-46.6096885741109;-23.6174264740262,-46.6102740696322;-23.6181771 -46.6097015;-23.6174165 -46.610301;132;39;47
89;Thu Mar 14 22:34:46 2019;-23.618161790278,-46.6096885741109;-23.6174264740262,-46.6102740696322;-23.6181771 -46.6097015;-23.6174165 -46.610301;132;39;47
90;Thu Mar 14 22:35:46 2019;-23.618161790278,-46.6096885741109;-23.6174264740262,-46.6102740696322;-23.6181771 -46.6097015;-23.6174165 -46.610301;132;39;47
91;Thu Mar 14 22:36:46 2019;-23.618161790278,-46.6096885741109;-23.6174264740262,-46.6102740696322;-23.6181771 -46.6097015;-23.6174165 -46.610301;132;39;47
92;Thu Mar 14 22:37:46 2019;-23.618161790278,-46.6096885741109;-23.6174264740262,-46.6102740696322;-23.6181771 -46.6097015;-23.6174165 -46.610301;132;39;52
93;Thu Mar 14 22:38:47 2019;-23.618161790278,-46.6096885741109;-23.6174264740262,-46.6102740696322;-23.6181771 -46.6097015;-23.6174165 -46.610301;132;39;52
94;Thu Mar 14 22:39:47 2019;-23.618161790278,-46.6096885741109;-23.6174264740262,-46.6102740696322;-23.6181771 -46.6097015;-23.6174165 -46.610301;132;39;52
95;Thu Mar 14 22:40:47 2019;-23.618161790278,-46.6096885741109;-23.6174264740262,-46.6102740696322;-23.6181771 -46.6097015;-23.6174165 -46.610301;132;39;52
96;Thu Mar 14 22:41:46 2019;-23.618161790278,-46.6096885741109;-23.6174264740262,-46.6102740696322;-23.6181771 -46.6097015;-23.6174165 -46.610301;132;39;52
97;Thu Mar 14 22:42:46 2019;-23.618161790278,-46.6096885741109;-23.6174264740262,-46.6102740696322;-23.6181771 -46.6097015;-23.6174165 -46.610301;132;39;52
98;Thu Mar 14 22:43:47 2019;-23.618161790278,-46.6096885741109;-23.6174264740262,-46.6102740696322;-23.6181771 -46.6097015;-23.6174165 -46.610301;132;39;52
99;Thu Mar 14 22:44:47 2019;-23.618161790278,-46.6096885741109;-23.6174264740262,-46.6102740696322;-23.6181771 -46.6097015;-23.6174165 -46.610301;132;39;52
100;Thu Mar 14 22:45:46 2019;-23.618161790278,-46.6096885741109;-23.6174264740262,-46.6102740696322;-23.6181771 -46.6097015;-23.6174165 -46.610301;132;39;52
101;Thu Mar 14 22:46:47 2019;-23.618161790278,-46.6096885741109;-23.6174264740262,-46.6102740696322;-23.6181771 -46.6097015;-23.6174165 -46.610301;132;39;52
102;Thu Mar 14 22:47:46 2019;-23.618161790278,-46.6096885741109;-23.6174264740262,-46.6102740696322;-23.6181771 -46.6097015;-23.6174165 -46.610301;132;39;52
103;Thu Mar 14 22:48:46 2019;-23.618161790278,-46.6096885741109;-23.6174264740262,-46.6102740696322;-23.6181771 -46.6097015;-23.6174165 -46.610301;132;39;52
104;Thu Mar 14 22:49:47 2019;-23.618161790278,-46.6096885741109;-23.6174264740262,-46.6102740696322;-23.6181771 -46.6097015;-23.6174165 -46.610301;132;39;52
105;Thu Mar 14 22:50:47 2019;-23.618161790278,-46.6096885741109;-23.6174264740262,-46.6102740696322;-23.6181771 -46.6097015;-23.6174165 -46.610301;132;39;52
106;Thu Mar 14 22:51:46 2019;-23.618161790278,-46.6096885741109;-23.6174264740262,-46.6102740696322;-23.6181771 -46.6097015;-23.6174165 -46.610301;132;39;51
107;Thu Mar 14 22:52:46 2019;-23.618161790278,-46.6096885741109;-23.6174264740262,-46.6102740696322;-23.6181771 -46.6097015;-23.6174165 -46.610301;132;39;47
108;Thu Mar 14 22:53:47 2019;-23.618161790278,-46.6096885741109;-23.6174264740262,-46.6102740696322;-23.6181771 -46.6097015;-23.6174165 -46.610301;132;39;47
109;Thu Mar 14 22:54:46 2019;-23.618161790278,-46.6096885741109;-23.6174264740262,-46.6102740696322;-23.6181771 -46.6097015;-23.6174165 -46.610301;132;39;47
110;Thu Mar 14 22:55:47 2019;-23.618161790278,-46.6096885741109;-23.6174264740262,-46.6102740696322;-23.6181771 -46.6097015;-23.6174165 -46.610301;132;39;47
111;Thu Mar 14 22:56:47 2019;-23.618161790278,-46.6096885741109;-23.6174264740262,-46.6102740696322;-23.6181771 -46.6097015;-23.6174165 -46.610301;132;39;47
112;Thu Mar 14 22:57:47 2019;-23.618161790278,-46.6096885741109;-23.6174264740262,-46.6102740696322;-23.6181771 -46.6097015;-23.6174165 -46.610301;132;39;47
113;Thu Mar 14 22:58:46 2019;-23.618161790278,-46.6096885741109;-23.6174264740262,-46.6102740696322;-23.6181771 -46.6097015;-23.6174165 -46.610301;132;39;47
114;Thu Mar 14 22:59:47 2019;-23.618161790278,-46.6096885741109;-23.6174264740262,-46.6102740696322;-23.6181771 -46.6097015;-23.6174165 -46.610301;132;39;47
115;Thu Mar 14 23:00:46 2019;-23.618161790278,-46.6096885741109;-23.6174264740262,-46.6102740696322;-23.6181771 -46.6097015;-23.6174165 -46.610301;132;39;47
116;Thu Mar 14 23:01:46 2019;-23.618161790278,-46.6096885741109;-23.6174264740262,-46.6102740696322;-23.6181771 -46.6097015;-23.6174165 -46.610301;132;39;47
117;Thu Mar 14 23:02:46 2019;-23.618161790278,-46.6096885741109;-23.6174264740262,-46.6102740696322;-23.6181771 -46.6097015;-23.6174165 -46.610301;132;39;47
118;Thu Mar 14 23:03:47 2019;-23.618161790278,-46.6096885741109;-23.6174264740262,-46.6102740696322;-23.6181771 -46.6097015;-23.6174165 -46.610301;132;39;47
119;Thu Mar 14 23:04:47 2019;-23.618161790278,-46.6096885741109;-23.6174264740262,-46.6102740696322;-23.6181771 -46.6097015;-23.6174165 -46.610301;132;39;47
120;Thu Mar 14 23:05:46 2019;-23.618161790278,-46.6096885741109;-23.6174264740262,-46.6102740696322;-23.6181771 -46.6097015;-23.6174165 -46.610301;132;39;47
121;Thu Mar 14 23:06:47 2019;-23.618161790278,-46.6096885741109;-23.6174264740262,-46.6102740696322;-23.6181771 -46.6097015;-23.6174165 -46.610301;132;39;47
122;Thu Mar 14 23:07:46 2019;-23.618161790278,-46.6096885741109;-23.6174264740262,-46.6102740696322;-23.6181771 -46.6097015;-23.6174165 -46.610301;132;39;48
123;Thu Mar 14 23:08:46 2019;-23.618161790278,-46.6096885741109;-23.6174264740262,-46.6102740696322;-23.6181771 -46.6097015;-23.6174165 -46.610301;132;39;48
124;Thu Mar 14 23:09:46 2019;-23.618161790278,-46.6096885741109;-23.6174264740262,-46.6102740696322;-23.6181771 -46.6097015;-23.6174165 -46.610301;132;39;48
125;Thu Mar 14 23:10:46 2019;-23.618161790278,-46.6096885741109;-23.6174264740262,-46.6102740696322;-23.6181771 -46.6097015;-23.6174165 -46.610301;132;39;48
126;Thu Mar 14 23:11:47 2019;-23.618161790278,-46.6096885741109;-23.6174264740262,-46.6102740696322;-23.6181771 -46.6097015;-23.6174165 -46.610301;132;39;48
127;Thu Mar 14 23:12:46 2019;-23.618161790278,-46.6096885741109;-23.6174264740262,-46.6102740696322;-23.6181771 -46.6097015;-23.6174165 -46.610301;132;39;48
128;Thu Mar 14 23:13:46 2019;-23.618161790278,-46.6096885741109;-23.6174264740262,-46.6102740696322;-23.6181771 -46.6097015;-23.6174165 -46.610301;132;39;48
129;Thu Mar 14 23:14:46 2019;-23.618161790278,-46.6096885741109;-23.6174264740262,-46.6102740696322;-23.6181771 -46.6097015;-23.6174165 -46.610301;132;39;48
130;Thu Mar 14 23:15:46 2019;-23.618161790278,-46.6096885741109;-23.6174264740262,-46.6102740696322;-23.6181771 -46.6097015;-23.6174165 -46.610301;132;39;48
131;Thu Mar 14 23:16:46 2019;-23.618161790278,-46.6096885741109;-23.6174264740262,-46.6102740696322;-23.6181771 -46.6097015;-23.6174165 -46.610301;132;39;48
132;Thu Mar 14 23:17:46 2019;-23.618161790278,-46.6096885741109;-23.6174264740262,-46.6102740696322;-23.6181771 -46.6097015;-23.6174165 -46.610301;132;39;48
133;Thu Mar 14 23:18:46 2019;-23.618161790278,-46.6096885741109;-23.6174264740262,-46.6102740696322;-23.6181771 -46.6097015;-23.6174165 -46.610301;132;39;48
134;Thu Mar 14 23:19:46 2019;-23.618161790278,-46.6096885741109;-23.6174264740262,-46.6102740696322;-23.6181771 -46.6097015;-23.6174165 -46.610301;132;39;48
135;Thu Mar 14 23:20:46 2019;-23.618161790278,-46.6096885741109;-23.6174264740262,-46.6102740696322;-23.6181771 -46.6097015;-23.6174165 -46.610301;132;39;48
136;Thu Mar 14 23:21:46 2019;-23.618161790278,-46.6096885741109;-23.6174264740262,-46.6102740696322;-23.6181771 -46.6097015;-23.6174165 -46.610301;132;39;48
137;Thu Mar 14 23:22:46 2019;-23.618161790278,-46.6096885741109;-23.6174264740262,-46.6102740696322;-23.6181771 -46.6097015;-23.6174165 -46.610301;132;39;49
138;Thu Mar 14 23:23:46 2019;-23.618161790278,-46.6096885741109;-23.6174264740262,-46.6102740696322;-23.6181771 -46.6097015;-23.6174165 -46.610301;132;39;49
139;Thu Mar 14 23:24:46 2019;-23.618161790278,-46.6096885741109;-23.6174264740262,-46.6102740696322;-23.6181771 -46.6097015;-23.6174165 -46.610301;132;39;49
140;Thu Mar 14 23:25:46 2019;-23.618161790278,-46.6096885741109;-23.6174264740262,-46.6102740696322;-23.6181771 -46.6097015;-23.6174165 -46.610301;132;39;49
141;Thu Mar 14 23:26:48 2019;-23.618161790278,-46.6096885741109;-23.6174264740262,-46.6102740696322;-23.6181771 -46.6097015;-23.6174165 -46.610301;132;39;49
142;Thu Mar 14 23:27:46 2019;-23.618161790278,-46.6096885741109;-23.6174264740262,-46.6102740696322;-23.6181771 -46.6097015;-23.6174165 -46.610301;132;39;49
143;Thu Mar 14 23:28:46 2019;-23.618161790278,-46.6096885741109;-23.6174264740262,-46.6102740696322;-23.6181771 -46.6097015;-23.6174165 -46.610301;132;39;49
144;Thu Mar 14 23:29:46 2019;-23.618161790278,-46.6096885741109;-23.6174264740262,-46.6102740696322;-23.6181771 -46.6097015;-23.6174165 -46.610301;132;39;49
145;Thu Mar 14 23:30:46 2019;-23.618161790278,-46.6096885741109;-23.6174264740262,-46.6102740696322;-23.6181771 -46.6097015;-23.6174165 -46.610301;132;39;49
146;Thu Mar 14 23:31:46 2019;-23.618161790278,-46.6096885741109;-23.6174264740262,-46.6102740696322;-23.6181771 -46.6097015;-23.6174165 -46.610301;132;39;49
147;Thu Mar 14 23:32:47 2019;-23.618161790278,-46.6096885741109;-23.6174264740262,-46.6102740696322;-23.6181771 -46.6097015;-23.6174165 -46.610301;132;39;49
148;Thu Mar 14 23:33:47 2019;-23.618161790278,-46.6096885741109;-23.6174264740262,-46.6102740696322;-23.6181771 -46.6097015;-23.6174165 -46.610301;132;39;49
149;Thu Mar 14 23:34:46 2019;-23.618161790278,-46.6096885741109;-23.6174264740262,-46.6102740696322;-23.6181771 -46.6097015;-23.6174165 -46.610301;132;39;49
150;Thu Mar 14 23:35:46 2019;-23.618161790278,-46.6096885741109;-23.6174264740262,-46.6102740696322;-23.6181771 -46.6097015;-23.6174165 -46.610301;132;39;49
151;Thu Mar 14 23:36:46 2019;-23.618161790278,-46.6096885741109;-23.6174264740262,-46.6102740696322;-23.6181771 -46.6097015;-23.6174165 -46.610301;132;39;49
152;Thu Mar 14 23:37:46 2019;-23.618161790278,-46.6096885741109;-23.6174264740262,-46.6102740696322;-23.6181771 -46.6097015;-23.6174165 -46.610301;132;39;43
153;Thu Mar 14 23:38:47 2019;-23.618161790278,-46.6096885741109;-23.6174264740262,-46.6102740696322;-23.6181771 -46.6097015;-23.6174165 -46.610301;132;39;43
154;Thu Mar 14 23:39:46 2019;-23.618161790278,-46.6096885741109;-23.6174264740262,-46.6102740696322;-23.6181771 -46.6097015;-23.6174165 -46.610301;132;39;43
155;Thu Mar 14 23:40:46 2019;-23.618161790278,-46.6096885741109;-23.6174264740262,-46.6102740696322;-23.6181771 -46.6097015;-23.6174165 -46.610301;132;39;43
156;Thu Mar 14 23:41:46 2019;-23.618161790278,-46.6096885741109;-23.6174264740262,-46.6102740696322;-23.6181771 -46.6097015;-23.6174165 -46.610301;132;39;43
157;Thu Mar 14 23:42:47 2019;-23.618161790278,-46.6096885741109;-23.6174264740262,-46.6102740696322;-23.6181771 -46.6097015;-23.6174165 -46.610301;132;39;43
158;Thu Mar 14 23:43:46 2019;-23.618161790278,-46.6096885741109;-23.6174264740262,-46.6102740696322;-23.6181771 -46.6097015;-23.6174165 -46.610301;132;39;43
159;Thu Mar 14 23:44:47 2019;-23.618161790278,-46.6096885741109;-23.6174264740262,-46.6102740696322;-23.6181771 -46.6097015;-23.6174165 -46.610301;132;39;43
160;Thu Mar 14 23:45:46 2019;-23.618161790278,-46.6096885741109;-23.6174264740262,-46.6102740696322;-23.6181771 -46.6097015;-23.6174165 -46.610301;132;39;43
161;Thu Mar 14 23:46:47 2019;-23.618161790278,-46.6096885741109;-23.6174264740262,-46.6102740696322;-23.6181771 -46.6097015;-23.6174165 -46.610301;132;39;43
162;Thu Mar 14 23:47:47 2019;-23.618161790278,-46.6096885741109;-23.6174264740262,-46.6102740696322;-23.6181771 -46.6097015;-23.6174165 -46.610301;132;39;43
163;Thu Mar 14 23:48:46 2019;-23.618161790278,-46.6096885741109;-23.6174264740262,-46.6102740696322;-23.6181771 -46.6097015;-23.6174165 -46.610301;132;39;43
164;Thu Mar 14 23:49:46 2019;-23.618161790278,-46.6096885741109;-23.6174264740262,-46.6102740696322;-23.6181771 -46.6097015;-23.6174165 -46.610301;132;39;43
165;Thu Mar 14 23:50:47 2019;-23.618161790278,-46.6096885741109;-23.6174264740262,-46.6102740696322;-23.6181771 -46.6097015;-23.6174165 -46.610301;132;39;43
166;Thu Mar 14 23:51:47 2019;-23.618161790278,-46.6096885741109;-23.6174264740262,-46.6102740696322;-23.6181771 -46.6097015;-23.6174165 -46.610301;132;39;43
167;Thu Mar 14 23:52:46 2019;-23.618161790278,-46.6096885741109;-23.6174264740262,-46.6102740696322;-23.6181771 -46.6097015;-23.6174165 -46.610301;132;39;39
168;Thu Mar 14 23:53:47 2019;-23.618161790278,-46.6096885741109;-23.6174264740262,-46.6102740696322;-23.6181771 -46.6097015;-23.6174165 -46.610301;132;39;39
169;Thu Mar 14 23:54:46 2019;-23.618161790278,-46.6096885741109;-23.6174264740262,-46.6102740696322;-23.6181771 -46.6097015;-23.6174165 -46.610301;132;39;39
170;Thu Mar 14 23:55:47 2019;-23.618161790278,-46.6096885741109;-23.6174264740262,-46.6102740696322;-23.6181771 -46.6097015;-23.6174165 -46.610301;132;39;39
171;Thu Mar 14 23:56:46 2019;-23.618161790278,-46.6096885741109;-23.6174264740262,-46.6102740696322;-23.6181771 -46.6097015;-23.6174165 -46.610301;132;39;39
172;Thu Mar 14 23:57:46 2019;-23.618161790278,-46.6096885741109;-23.6174264740262,-46.6102740696322;-23.6181771 -46.6097015;-23.6174165 -46.610301;132;39;39
173;Thu Mar 14 23:58:47 2019;-23.618161790278,-46.6096885741109;-23.6174264740262,-46.6102740696322;-23.6181771 -46.6097015;-23.6174165 -46.610301;132;39;39
174;Thu Mar 14 23:59:46 2019;-23.618161790278,-46.6096885741109;-23.6174264740262,-46.6102740696322;-23.6181771 -46.6097015;-23.6174165 -46.610301;132;39;39
