38972;Thu Mar 14 00:00:35 2019;-23.5926269886946,-46.6305273188054;-23.5904938971378,-46.6322156913943;-23.5926323 -46.6305322;-23.5904749 -46.6322226;357;70;87
39213;Thu Mar 14 04:01:35 2019;-23.5926269886946,-46.6305273188054;-23.5904938971378,-46.6322156913943;-23.5926323 -46.6305322;-23.5904749 -46.6322226;357;70;57
39214;Thu Mar 14 04:02:34 2019;-23.5926269886946,-46.6305273188054;-23.5904938971378,-46.6322156913943;-23.5926323 -46.6305322;-23.5904749 -46.6322226;357;70;57
39215;Thu Mar 14 04:03:35 2019;-23.5926269886946,-46.6305273188054;-23.5904938971378,-46.6322156913943;-23.5926323 -46.6305322;-23.5904749 -46.6322226;357;70;57
39216;Thu Mar 14 04:04:35 2019;-23.5926269886946,-46.6305273188054;-23.5904938971378,-46.6322156913943;-23.5926323 -46.6305322;-23.5904749 -46.6322226;357;70;57
39217;Thu Mar 14 04:05:35 2019;-23.5926269886946,-46.6305273188054;-23.5904938971378,-46.6322156913943;-23.5926323 -46.6305322;-23.5904749 -46.6322226;357;70;57
39218;Thu Mar 14 04:06:35 2019;-23.5926269886946,-46.6305273188054;-23.5904938971378,-46.6322156913943;-23.5926323 -46.6305322;-23.5904749 -46.6322226;357;70;57
39219;Thu Mar 14 04:07:35 2019;-23.5926269886946,-46.6305273188054;-23.5904938971378,-46.6322156913943;-23.5926323 -46.6305322;-23.5904749 -46.6322226;357;70;54
39220;Thu Mar 14 04:08:35 2019;-23.5926269886946,-46.6305273188054;-23.5904938971378,-46.6322156913943;-23.5926323 -46.6305322;-23.5904749 -46.6322226;357;70;54
39221;Thu Mar 14 04:09:35 2019;-23.5926269886946,-46.6305273188054;-23.5904938971378,-46.6322156913943;-23.5926323 -46.6305322;-23.5904749 -46.6322226;357;70;54
1;Thu Mar 14 21:06:57 2019;-23.5926269886946,-46.6305273188054;-23.5904938971378,-46.6322156913943;-23.5926323 -46.6305322;-23.5904749 -46.6322226;357;70;115
2;Thu Mar 14 21:07:49 2019;-23.5926269886946,-46.6305273188054;-23.5904938971378,-46.6322156913943;-23.5926323 -46.6305322;-23.5904749 -46.6322226;357;70;116
3;Thu Mar 14 21:08:52 2019;-23.5926269886946,-46.6305273188054;-23.5904938971378,-46.6322156913943;-23.5926323 -46.6305322;-23.5904749 -46.6322226;357;70;116
4;Thu Mar 14 21:09:49 2019;-23.5926269886946,-46.6305273188054;-23.5904938971378,-46.6322156913943;-23.5926323 -46.6305322;-23.5904749 -46.6322226;357;70;116
5;Thu Mar 14 21:10:49 2019;-23.5926269886946,-46.6305273188054;-23.5904938971378,-46.6322156913943;-23.5926323 -46.6305322;-23.5904749 -46.6322226;357;70;116
6;Thu Mar 14 21:11:48 2019;-23.5926269886946,-46.6305273188054;-23.5904938971378,-46.6322156913943;-23.5926323 -46.6305322;-23.5904749 -46.6322226;357;70;116
7;Thu Mar 14 21:12:48 2019;-23.5926269886946,-46.6305273188054;-23.5904938971378,-46.6322156913943;-23.5926323 -46.6305322;-23.5904749 -46.6322226;357;70;116
8;Thu Mar 14 21:13:48 2019;-23.5926269886946,-46.6305273188054;-23.5904938971378,-46.6322156913943;-23.5926323 -46.6305322;-23.5904749 -46.6322226;357;70;116
9;Thu Mar 14 21:14:48 2019;-23.5926269886946,-46.6305273188054;-23.5904938971378,-46.6322156913943;-23.5926323 -46.6305322;-23.5904749 -46.6322226;357;70;116
10;Thu Mar 14 21:15:49 2019;-23.5926269886946,-46.6305273188054;-23.5904938971378,-46.6322156913943;-23.5926323 -46.6305322;-23.5904749 -46.6322226;357;70;116
11;Thu Mar 14 21:16:49 2019;-23.5926269886946,-46.6305273188054;-23.5904938971378,-46.6322156913943;-23.5926323 -46.6305322;-23.5904749 -46.6322226;357;70;116
12;Thu Mar 14 21:17:49 2019;-23.5926269886946,-46.6305273188054;-23.5904938971378,-46.6322156913943;-23.5926323 -46.6305322;-23.5904749 -46.6322226;357;70;116
13;Thu Mar 14 21:18:49 2019;-23.5926269886946,-46.6305273188054;-23.5904938971378,-46.6322156913943;-23.5926323 -46.6305322;-23.5904749 -46.6322226;357;70;116
14;Thu Mar 14 21:19:49 2019;-23.5926269886946,-46.6305273188054;-23.5904938971378,-46.6322156913943;-23.5926323 -46.6305322;-23.5904749 -46.6322226;357;70;116
15;Thu Mar 14 21:20:49 2019;-23.5926269886946,-46.6305273188054;-23.5904938971378,-46.6322156913943;-23.5926323 -46.6305322;-23.5904749 -46.6322226;357;70;117
16;Thu Mar 14 21:21:50 2019;-23.5926269886946,-46.6305273188054;-23.5904938971378,-46.6322156913943;-23.5926323 -46.6305322;-23.5904749 -46.6322226;357;70;119
17;Thu Mar 14 21:22:48 2019;-23.5926269886946,-46.6305273188054;-23.5904938971378,-46.6322156913943;-23.5926323 -46.6305322;-23.5904749 -46.6322226;357;70;116
18;Thu Mar 14 21:23:48 2019;-23.5926269886946,-46.6305273188054;-23.5904938971378,-46.6322156913943;-23.5926323 -46.6305322;-23.5904749 -46.6322226;357;70;116
19;Thu Mar 14 21:24:48 2019;-23.5926269886946,-46.6305273188054;-23.5904938971378,-46.6322156913943;-23.5926323 -46.6305322;-23.5904749 -46.6322226;357;70;116
20;Thu Mar 14 21:25:48 2019;-23.5926269886946,-46.6305273188054;-23.5904938971378,-46.6322156913943;-23.5926323 -46.6305322;-23.5904749 -46.6322226;357;70;116
21;Thu Mar 14 21:26:49 2019;-23.5926269886946,-46.6305273188054;-23.5904938971378,-46.6322156913943;-23.5926323 -46.6305322;-23.5904749 -46.6322226;357;70;116
22;Thu Mar 14 21:27:48 2019;-23.5926269886946,-46.6305273188054;-23.5904938971378,-46.6322156913943;-23.5926323 -46.6305322;-23.5904749 -46.6322226;357;70;116
23;Thu Mar 14 21:28:48 2019;-23.5926269886946,-46.6305273188054;-23.5904938971378,-46.6322156913943;-23.5926323 -46.6305322;-23.5904749 -46.6322226;357;70;116
24;Thu Mar 14 21:29:48 2019;-23.5926269886946,-46.6305273188054;-23.5904938971378,-46.6322156913943;-23.5926323 -46.6305322;-23.5904749 -46.6322226;357;70;116
25;Thu Mar 14 21:30:48 2019;-23.5926269886946,-46.6305273188054;-23.5904938971378,-46.6322156913943;-23.5926323 -46.6305322;-23.5904749 -46.6322226;357;70;116
26;Thu Mar 14 21:31:48 2019;-23.5926269886946,-46.6305273188054;-23.5904938971378,-46.6322156913943;-23.5926323 -46.6305322;-23.5904749 -46.6322226;357;70;116
27;Thu Mar 14 21:32:48 2019;-23.5926269886946,-46.6305273188054;-23.5904938971378,-46.6322156913943;-23.5926323 -46.6305322;-23.5904749 -46.6322226;357;70;116
28;Thu Mar 14 21:33:49 2019;-23.5926269886946,-46.6305273188054;-23.5904938971378,-46.6322156913943;-23.5926323 -46.6305322;-23.5904749 -46.6322226;357;70;116
29;Thu Mar 14 21:34:49 2019;-23.5926269886946,-46.6305273188054;-23.5904938971378,-46.6322156913943;-23.5926323 -46.6305322;-23.5904749 -46.6322226;357;70;116
30;Thu Mar 14 21:35:48 2019;-23.5926269886946,-46.6305273188054;-23.5904938971378,-46.6322156913943;-23.5926323 -46.6305322;-23.5904749 -46.6322226;357;70;115
31;Thu Mar 14 21:36:48 2019;-23.5926269886946,-46.6305273188054;-23.5904938971378,-46.6322156913943;-23.5926323 -46.6305322;-23.5904749 -46.6322226;357;70;115
32;Thu Mar 14 21:37:49 2019;-23.5926269886946,-46.6305273188054;-23.5904938971378,-46.6322156913943;-23.5926323 -46.6305322;-23.5904749 -46.6322226;357;70;111
33;Thu Mar 14 21:38:48 2019;-23.5926269886946,-46.6305273188054;-23.5904938971378,-46.6322156913943;-23.5926323 -46.6305322;-23.5904749 -46.6322226;357;70;111
34;Thu Mar 14 21:39:48 2019;-23.5926269886946,-46.6305273188054;-23.5904938971378,-46.6322156913943;-23.5926323 -46.6305322;-23.5904749 -46.6322226;357;70;111
35;Thu Mar 14 21:40:48 2019;-23.5926269886946,-46.6305273188054;-23.5904938971378,-46.6322156913943;-23.5926323 -46.6305322;-23.5904749 -46.6322226;357;70;111
36;Thu Mar 14 21:41:48 2019;-23.5926269886946,-46.6305273188054;-23.5904938971378,-46.6322156913943;-23.5926323 -46.6305322;-23.5904749 -46.6322226;357;70;111
37;Thu Mar 14 21:42:48 2019;-23.5926269886946,-46.6305273188054;-23.5904938971378,-46.6322156913943;-23.5926323 -46.6305322;-23.5904749 -46.6322226;357;70;111
38;Thu Mar 14 21:43:48 2019;-23.5926269886946,-46.6305273188054;-23.5904938971378,-46.6322156913943;-23.5926323 -46.6305322;-23.5904749 -46.6322226;357;70;111
39;Thu Mar 14 21:44:49 2019;-23.5926269886946,-46.6305273188054;-23.5904938971378,-46.6322156913943;-23.5926323 -46.6305322;-23.5904749 -46.6322226;357;70;111
40;Thu Mar 14 21:45:48 2019;-23.5926269886946,-46.6305273188054;-23.5904938971378,-46.6322156913943;-23.5926323 -46.6305322;-23.5904749 -46.6322226;357;70;111
41;Thu Mar 14 21:46:48 2019;-23.5926269886946,-46.6305273188054;-23.5904938971378,-46.6322156913943;-23.5926323 -46.6305322;-23.5904749 -46.6322226;357;70;111
42;Thu Mar 14 21:47:48 2019;-23.5926269886946,-46.6305273188054;-23.5904938971378,-46.6322156913943;-23.5926323 -46.6305322;-23.5904749 -46.6322226;357;70;111
43;Thu Mar 14 21:48:49 2019;-23.5926269886946,-46.6305273188054;-23.5904938971378,-46.6322156913943;-23.5926323 -46.6305322;-23.5904749 -46.6322226;357;70;111
44;Thu Mar 14 21:49:48 2019;-23.5926269886946,-46.6305273188054;-23.5904938971378,-46.6322156913943;-23.5926323 -46.6305322;-23.5904749 -46.6322226;357;70;111
45;Thu Mar 14 21:50:48 2019;-23.5926269886946,-46.6305273188054;-23.5904938971378,-46.6322156913943;-23.5926323 -46.6305322;-23.5904749 -46.6322226;357;70;111
46;Thu Mar 14 21:51:48 2019;-23.5926269886946,-46.6305273188054;-23.5904938971378,-46.6322156913943;-23.5926323 -46.6305322;-23.5904749 -46.6322226;357;70;109
47;Thu Mar 14 21:52:49 2019;-23.5926269886946,-46.6305273188054;-23.5904938971378,-46.6322156913943;-23.5926323 -46.6305322;-23.5904749 -46.6322226;357;70;95
48;Thu Mar 14 21:53:48 2019;-23.5926269886946,-46.6305273188054;-23.5904938971378,-46.6322156913943;-23.5926323 -46.6305322;-23.5904749 -46.6322226;357;70;95
49;Thu Mar 14 21:54:49 2019;-23.5926269886946,-46.6305273188054;-23.5904938971378,-46.6322156913943;-23.5926323 -46.6305322;-23.5904749 -46.6322226;357;70;95
50;Thu Mar 14 21:55:48 2019;-23.5926269886946,-46.6305273188054;-23.5904938971378,-46.6322156913943;-23.5926323 -46.6305322;-23.5904749 -46.6322226;357;70;95
51;Thu Mar 14 21:56:49 2019;-23.5926269886946,-46.6305273188054;-23.5904938971378,-46.6322156913943;-23.5926323 -46.6305322;-23.5904749 -46.6322226;357;70;95
52;Thu Mar 14 21:57:48 2019;-23.5926269886946,-46.6305273188054;-23.5904938971378,-46.6322156913943;-23.5926323 -46.6305322;-23.5904749 -46.6322226;357;70;95
53;Thu Mar 14 21:58:49 2019;-23.5926269886946,-46.6305273188054;-23.5904938971378,-46.6322156913943;-23.5926323 -46.6305322;-23.5904749 -46.6322226;357;70;95
54;Thu Mar 14 21:59:48 2019;-23.5926269886946,-46.6305273188054;-23.5904938971378,-46.6322156913943;-23.5926323 -46.6305322;-23.5904749 -46.6322226;357;70;95
55;Thu Mar 14 22:00:48 2019;-23.5926269886946,-46.6305273188054;-23.5904938971378,-46.6322156913943;-23.5926323 -46.6305322;-23.5904749 -46.6322226;357;70;95
56;Thu Mar 14 22:01:48 2019;-23.5926269886946,-46.6305273188054;-23.5904938971378,-46.6322156913943;-23.5926323 -46.6305322;-23.5904749 -46.6322226;357;70;95
57;Thu Mar 14 22:02:48 2019;-23.5926269886946,-46.6305273188054;-23.5904938971378,-46.6322156913943;-23.5926323 -46.6305322;-23.5904749 -46.6322226;357;70;95
58;Thu Mar 14 22:03:48 2019;-23.5926269886946,-46.6305273188054;-23.5904938971378,-46.6322156913943;-23.5926323 -46.6305322;-23.5904749 -46.6322226;357;70;95
59;Thu Mar 14 22:04:49 2019;-23.5926269886946,-46.6305273188054;-23.5904938971378,-46.6322156913943;-23.5926323 -46.6305322;-23.5904749 -46.6322226;357;70;95
60;Thu Mar 14 22:05:49 2019;-23.5926269886946,-46.6305273188054;-23.5904938971378,-46.6322156913943;-23.5926323 -46.6305322;-23.5904749 -46.6322226;357;70;95
61;Thu Mar 14 22:06:49 2019;-23.5926269886946,-46.6305273188054;-23.5904938971378,-46.6322156913943;-23.5926323 -46.6305322;-23.5904749 -46.6322226;357;70;97
62;Thu Mar 14 22:07:49 2019;-23.5926269886946,-46.6305273188054;-23.5904938971378,-46.6322156913943;-23.5926323 -46.6305322;-23.5904749 -46.6322226;357;70;109
63;Thu Mar 14 22:08:49 2019;-23.5926269886946,-46.6305273188054;-23.5904938971378,-46.6322156913943;-23.5926323 -46.6305322;-23.5904749 -46.6322226;357;70;109
64;Thu Mar 14 22:09:48 2019;-23.5926269886946,-46.6305273188054;-23.5904938971378,-46.6322156913943;-23.5926323 -46.6305322;-23.5904749 -46.6322226;357;70;109
65;Thu Mar 14 22:10:48 2019;-23.5926269886946,-46.6305273188054;-23.5904938971378,-46.6322156913943;-23.5926323 -46.6305322;-23.5904749 -46.6322226;357;70;109
66;Thu Mar 14 22:11:49 2019;-23.5926269886946,-46.6305273188054;-23.5904938971378,-46.6322156913943;-23.5926323 -46.6305322;-23.5904749 -46.6322226;357;70;109
67;Thu Mar 14 22:12:48 2019;-23.5926269886946,-46.6305273188054;-23.5904938971378,-46.6322156913943;-23.5926323 -46.6305322;-23.5904749 -46.6322226;357;70;109
68;Thu Mar 14 22:13:48 2019;-23.5926269886946,-46.6305273188054;-23.5904938971378,-46.6322156913943;-23.5926323 -46.6305322;-23.5904749 -46.6322226;357;70;109
69;Thu Mar 14 22:14:48 2019;-23.5926269886946,-46.6305273188054;-23.5904938971378,-46.6322156913943;-23.5926323 -46.6305322;-23.5904749 -46.6322226;357;70;109
70;Thu Mar 14 22:15:49 2019;-23.5926269886946,-46.6305273188054;-23.5904938971378,-46.6322156913943;-23.5926323 -46.6305322;-23.5904749 -46.6322226;357;70;109
71;Thu Mar 14 22:16:48 2019;-23.5926269886946,-46.6305273188054;-23.5904938971378,-46.6322156913943;-23.5926323 -46.6305322;-23.5904749 -46.6322226;357;70;109
72;Thu Mar 14 22:17:48 2019;-23.5926269886946,-46.6305273188054;-23.5904938971378,-46.6322156913943;-23.5926323 -46.6305322;-23.5904749 -46.6322226;357;70;109
73;Thu Mar 14 22:18:48 2019;-23.5926269886946,-46.6305273188054;-23.5904938971378,-46.6322156913943;-23.5926323 -46.6305322;-23.5904749 -46.6322226;357;70;109
74;Thu Mar 14 22:19:49 2019;-23.5926269886946,-46.6305273188054;-23.5904938971378,-46.6322156913943;-23.5926323 -46.6305322;-23.5904749 -46.6322226;357;70;109
75;Thu Mar 14 22:20:48 2019;-23.5926269886946,-46.6305273188054;-23.5904938971378,-46.6322156913943;-23.5926323 -46.6305322;-23.5904749 -46.6322226;357;70;109
76;Thu Mar 14 22:21:48 2019;-23.5926269886946,-46.6305273188054;-23.5904938971378,-46.6322156913943;-23.5926323 -46.6305322;-23.5904749 -46.6322226;357;70;119
77;Thu Mar 14 22:22:48 2019;-23.5926269886946,-46.6305273188054;-23.5904938971378,-46.6322156913943;-23.5926323 -46.6305322;-23.5904749 -46.6322226;357;70;114
78;Thu Mar 14 22:23:48 2019;-23.5926269886946,-46.6305273188054;-23.5904938971378,-46.6322156913943;-23.5926323 -46.6305322;-23.5904749 -46.6322226;357;70;114
79;Thu Mar 14 22:24:48 2019;-23.5926269886946,-46.6305273188054;-23.5904938971378,-46.6322156913943;-23.5926323 -46.6305322;-23.5904749 -46.6322226;357;70;114
80;Thu Mar 14 22:25:48 2019;-23.5926269886946,-46.6305273188054;-23.5904938971378,-46.6322156913943;-23.5926323 -46.6305322;-23.5904749 -46.6322226;357;70;114
81;Thu Mar 14 22:26:49 2019;-23.5926269886946,-46.6305273188054;-23.5904938971378,-46.6322156913943;-23.5926323 -46.6305322;-23.5904749 -46.6322226;357;70;114
82;Thu Mar 14 22:27:49 2019;-23.5926269886946,-46.6305273188054;-23.5904938971378,-46.6322156913943;-23.5926323 -46.6305322;-23.5904749 -46.6322226;357;70;114
83;Thu Mar 14 22:28:48 2019;-23.5926269886946,-46.6305273188054;-23.5904938971378,-46.6322156913943;-23.5926323 -46.6305322;-23.5904749 -46.6322226;357;70;114
84;Thu Mar 14 22:29:48 2019;-23.5926269886946,-46.6305273188054;-23.5904938971378,-46.6322156913943;-23.5926323 -46.6305322;-23.5904749 -46.6322226;357;70;114
85;Thu Mar 14 22:30:48 2019;-23.5926269886946,-46.6305273188054;-23.5904938971378,-46.6322156913943;-23.5926323 -46.6305322;-23.5904749 -46.6322226;357;70;114
86;Thu Mar 14 22:31:48 2019;-23.5926269886946,-46.6305273188054;-23.5904938971378,-46.6322156913943;-23.5926323 -46.6305322;-23.5904749 -46.6322226;357;70;114
87;Thu Mar 14 22:32:49 2019;-23.5926269886946,-46.6305273188054;-23.5904938971378,-46.6322156913943;-23.5926323 -46.6305322;-23.5904749 -46.6322226;357;70;114
88;Thu Mar 14 22:33:48 2019;-23.5926269886946,-46.6305273188054;-23.5904938971378,-46.6322156913943;-23.5926323 -46.6305322;-23.5904749 -46.6322226;357;70;114
89;Thu Mar 14 22:34:48 2019;-23.5926269886946,-46.6305273188054;-23.5904938971378,-46.6322156913943;-23.5926323 -46.6305322;-23.5904749 -46.6322226;357;70;114
90;Thu Mar 14 22:35:48 2019;-23.5926269886946,-46.6305273188054;-23.5904938971378,-46.6322156913943;-23.5926323 -46.6305322;-23.5904749 -46.6322226;357;70;115
91;Thu Mar 14 22:36:48 2019;-23.5926269886946,-46.6305273188054;-23.5904938971378,-46.6322156913943;-23.5926323 -46.6305322;-23.5904749 -46.6322226;357;70;115
92;Thu Mar 14 22:37:49 2019;-23.5926269886946,-46.6305273188054;-23.5904938971378,-46.6322156913943;-23.5926323 -46.6305322;-23.5904749 -46.6322226;357;70;111
93;Thu Mar 14 22:38:50 2019;-23.5926269886946,-46.6305273188054;-23.5904938971378,-46.6322156913943;-23.5926323 -46.6305322;-23.5904749 -46.6322226;357;70;111
94;Thu Mar 14 22:39:48 2019;-23.5926269886946,-46.6305273188054;-23.5904938971378,-46.6322156913943;-23.5926323 -46.6305322;-23.5904749 -46.6322226;357;70;111
95;Thu Mar 14 22:40:48 2019;-23.5926269886946,-46.6305273188054;-23.5904938971378,-46.6322156913943;-23.5926323 -46.6305322;-23.5904749 -46.6322226;357;70;111
96;Thu Mar 14 22:41:48 2019;-23.5926269886946,-46.6305273188054;-23.5904938971378,-46.6322156913943;-23.5926323 -46.6305322;-23.5904749 -46.6322226;357;70;111
97;Thu Mar 14 22:42:48 2019;-23.5926269886946,-46.6305273188054;-23.5904938971378,-46.6322156913943;-23.5926323 -46.6305322;-23.5904749 -46.6322226;357;70;111
98;Thu Mar 14 22:43:48 2019;-23.5926269886946,-46.6305273188054;-23.5904938971378,-46.6322156913943;-23.5926323 -46.6305322;-23.5904749 -46.6322226;357;70;111
99;Thu Mar 14 22:44:49 2019;-23.5926269886946,-46.6305273188054;-23.5904938971378,-46.6322156913943;-23.5926323 -46.6305322;-23.5904749 -46.6322226;357;70;111
100;Thu Mar 14 22:45:48 2019;-23.5926269886946,-46.6305273188054;-23.5904938971378,-46.6322156913943;-23.5926323 -46.6305322;-23.5904749 -46.6322226;357;70;111
101;Thu Mar 14 22:46:49 2019;-23.5926269886946,-46.6305273188054;-23.5904938971378,-46.6322156913943;-23.5926323 -46.6305322;-23.5904749 -46.6322226;357;70;111
102;Thu Mar 14 22:47:48 2019;-23.5926269886946,-46.6305273188054;-23.5904938971378,-46.6322156913943;-23.5926323 -46.6305322;-23.5904749 -46.6322226;357;70;111
103;Thu Mar 14 22:48:48 2019;-23.5926269886946,-46.6305273188054;-23.5904938971378,-46.6322156913943;-23.5926323 -46.6305322;-23.5904749 -46.6322226;357;70;111
104;Thu Mar 14 22:49:48 2019;-23.5926269886946,-46.6305273188054;-23.5904938971378,-46.6322156913943;-23.5926323 -46.6305322;-23.5904749 -46.6322226;357;70;111
105;Thu Mar 14 22:50:49 2019;-23.5926269886946,-46.6305273188054;-23.5904938971378,-46.6322156913943;-23.5926323 -46.6305322;-23.5904749 -46.6322226;357;70;110
106;Thu Mar 14 22:51:48 2019;-23.5926269886946,-46.6305273188054;-23.5904938971378,-46.6322156913943;-23.5926323 -46.6305322;-23.5904749 -46.6322226;357;70;109
107;Thu Mar 14 22:52:49 2019;-23.5926269886946,-46.6305273188054;-23.5904938971378,-46.6322156913943;-23.5926323 -46.6305322;-23.5904749 -46.6322226;357;70;109
108;Thu Mar 14 22:53:49 2019;-23.5926269886946,-46.6305273188054;-23.5904938971378,-46.6322156913943;-23.5926323 -46.6305322;-23.5904749 -46.6322226;357;70;109
109;Thu Mar 14 22:54:48 2019;-23.5926269886946,-46.6305273188054;-23.5904938971378,-46.6322156913943;-23.5926323 -46.6305322;-23.5904749 -46.6322226;357;70;109
110;Thu Mar 14 22:55:48 2019;-23.5926269886946,-46.6305273188054;-23.5904938971378,-46.6322156913943;-23.5926323 -46.6305322;-23.5904749 -46.6322226;357;70;109
111;Thu Mar 14 22:56:50 2019;-23.5926269886946,-46.6305273188054;-23.5904938971378,-46.6322156913943;-23.5926323 -46.6305322;-23.5904749 -46.6322226;357;70;109
112;Thu Mar 14 22:57:48 2019;-23.5926269886946,-46.6305273188054;-23.5904938971378,-46.6322156913943;-23.5926323 -46.6305322;-23.5904749 -46.6322226;357;70;109
113;Thu Mar 14 22:58:48 2019;-23.5926269886946,-46.6305273188054;-23.5904938971378,-46.6322156913943;-23.5926323 -46.6305322;-23.5904749 -46.6322226;357;70;109
114;Thu Mar 14 22:59:48 2019;-23.5926269886946,-46.6305273188054;-23.5904938971378,-46.6322156913943;-23.5926323 -46.6305322;-23.5904749 -46.6322226;357;70;109
115;Thu Mar 14 23:00:48 2019;-23.5926269886946,-46.6305273188054;-23.5904938971378,-46.6322156913943;-23.5926323 -46.6305322;-23.5904749 -46.6322226;357;70;109
116;Thu Mar 14 23:01:48 2019;-23.5926269886946,-46.6305273188054;-23.5904938971378,-46.6322156913943;-23.5926323 -46.6305322;-23.5904749 -46.6322226;357;70;109
117;Thu Mar 14 23:02:48 2019;-23.5926269886946,-46.6305273188054;-23.5904938971378,-46.6322156913943;-23.5926323 -46.6305322;-23.5904749 -46.6322226;357;70;109
118;Thu Mar 14 23:03:48 2019;-23.5926269886946,-46.6305273188054;-23.5904938971378,-46.6322156913943;-23.5926323 -46.6305322;-23.5904749 -46.6322226;357;70;109
119;Thu Mar 14 23:04:48 2019;-23.5926269886946,-46.6305273188054;-23.5904938971378,-46.6322156913943;-23.5926323 -46.6305322;-23.5904749 -46.6322226;357;70;109
120;Thu Mar 14 23:05:48 2019;-23.5926269886946,-46.6305273188054;-23.5904938971378,-46.6322156913943;-23.5926323 -46.6305322;-23.5904749 -46.6322226;357;70;109
121;Thu Mar 14 23:06:49 2019;-23.5926269886946,-46.6305273188054;-23.5904938971378,-46.6322156913943;-23.5926323 -46.6305322;-23.5904749 -46.6322226;357;70;107
122;Thu Mar 14 23:07:49 2019;-23.5926269886946,-46.6305273188054;-23.5904938971378,-46.6322156913943;-23.5926323 -46.6305322;-23.5904749 -46.6322226;357;70;101
123;Thu Mar 14 23:08:48 2019;-23.5926269886946,-46.6305273188054;-23.5904938971378,-46.6322156913943;-23.5926323 -46.6305322;-23.5904749 -46.6322226;357;70;101
124;Thu Mar 14 23:09:48 2019;-23.5926269886946,-46.6305273188054;-23.5904938971378,-46.6322156913943;-23.5926323 -46.6305322;-23.5904749 -46.6322226;357;70;101
125;Thu Mar 14 23:10:48 2019;-23.5926269886946,-46.6305273188054;-23.5904938971378,-46.6322156913943;-23.5926323 -46.6305322;-23.5904749 -46.6322226;357;70;101
126;Thu Mar 14 23:11:48 2019;-23.5926269886946,-46.6305273188054;-23.5904938971378,-46.6322156913943;-23.5926323 -46.6305322;-23.5904749 -46.6322226;357;70;101
127;Thu Mar 14 23:12:48 2019;-23.5926269886946,-46.6305273188054;-23.5904938971378,-46.6322156913943;-23.5926323 -46.6305322;-23.5904749 -46.6322226;357;70;101
128;Thu Mar 14 23:13:48 2019;-23.5926269886946,-46.6305273188054;-23.5904938971378,-46.6322156913943;-23.5926323 -46.6305322;-23.5904749 -46.6322226;357;70;101
129;Thu Mar 14 23:14:48 2019;-23.5926269886946,-46.6305273188054;-23.5904938971378,-46.6322156913943;-23.5926323 -46.6305322;-23.5904749 -46.6322226;357;70;101
130;Thu Mar 14 23:15:48 2019;-23.5926269886946,-46.6305273188054;-23.5904938971378,-46.6322156913943;-23.5926323 -46.6305322;-23.5904749 -46.6322226;357;70;101
131;Thu Mar 14 23:16:48 2019;-23.5926269886946,-46.6305273188054;-23.5904938971378,-46.6322156913943;-23.5926323 -46.6305322;-23.5904749 -46.6322226;357;70;101
132;Thu Mar 14 23:17:48 2019;-23.5926269886946,-46.6305273188054;-23.5904938971378,-46.6322156913943;-23.5926323 -46.6305322;-23.5904749 -46.6322226;357;70;101
133;Thu Mar 14 23:18:48 2019;-23.5926269886946,-46.6305273188054;-23.5904938971378,-46.6322156913943;-23.5926323 -46.6305322;-23.5904749 -46.6322226;357;70;101
134;Thu Mar 14 23:19:48 2019;-23.5926269886946,-46.6305273188054;-23.5904938971378,-46.6322156913943;-23.5926323 -46.6305322;-23.5904749 -46.6322226;357;70;101
135;Thu Mar 14 23:20:48 2019;-23.5926269886946,-46.6305273188054;-23.5904938971378,-46.6322156913943;-23.5926323 -46.6305322;-23.5904749 -46.6322226;357;70;101
136;Thu Mar 14 23:21:48 2019;-23.5926269886946,-46.6305273188054;-23.5904938971378,-46.6322156913943;-23.5926323 -46.6305322;-23.5904749 -46.6322226;357;70;103
137;Thu Mar 14 23:22:50 2019;-23.5926269886946,-46.6305273188054;-23.5904938971378,-46.6322156913943;-23.5926323 -46.6305322;-23.5904749 -46.6322226;357;70;94
138;Thu Mar 14 23:23:48 2019;-23.5926269886946,-46.6305273188054;-23.5904938971378,-46.6322156913943;-23.5926323 -46.6305322;-23.5904749 -46.6322226;357;70;94
139;Thu Mar 14 23:24:48 2019;-23.5926269886946,-46.6305273188054;-23.5904938971378,-46.6322156913943;-23.5926323 -46.6305322;-23.5904749 -46.6322226;357;70;94
140;Thu Mar 14 23:25:48 2019;-23.5926269886946,-46.6305273188054;-23.5904938971378,-46.6322156913943;-23.5926323 -46.6305322;-23.5904749 -46.6322226;357;70;94
141;Thu Mar 14 23:26:50 2019;-23.5926269886946,-46.6305273188054;-23.5904938971378,-46.6322156913943;-23.5926323 -46.6305322;-23.5904749 -46.6322226;357;70;94
142;Thu Mar 14 23:27:48 2019;-23.5926269886946,-46.6305273188054;-23.5904938971378,-46.6322156913943;-23.5926323 -46.6305322;-23.5904749 -46.6322226;357;70;94
143;Thu Mar 14 23:28:48 2019;-23.5926269886946,-46.6305273188054;-23.5904938971378,-46.6322156913943;-23.5926323 -46.6305322;-23.5904749 -46.6322226;357;70;94
144;Thu Mar 14 23:29:48 2019;-23.5926269886946,-46.6305273188054;-23.5904938971378,-46.6322156913943;-23.5926323 -46.6305322;-23.5904749 -46.6322226;357;70;94
145;Thu Mar 14 23:30:48 2019;-23.5926269886946,-46.6305273188054;-23.5904938971378,-46.6322156913943;-23.5926323 -46.6305322;-23.5904749 -46.6322226;357;70;94
146;Thu Mar 14 23:31:48 2019;-23.5926269886946,-46.6305273188054;-23.5904938971378,-46.6322156913943;-23.5926323 -46.6305322;-23.5904749 -46.6322226;357;70;94
147;Thu Mar 14 23:32:49 2019;-23.5926269886946,-46.6305273188054;-23.5904938971378,-46.6322156913943;-23.5926323 -46.6305322;-23.5904749 -46.6322226;357;70;94
148;Thu Mar 14 23:33:48 2019;-23.5926269886946,-46.6305273188054;-23.5904938971378,-46.6322156913943;-23.5926323 -46.6305322;-23.5904749 -46.6322226;357;70;94
149;Thu Mar 14 23:34:48 2019;-23.5926269886946,-46.6305273188054;-23.5904938971378,-46.6322156913943;-23.5926323 -46.6305322;-23.5904749 -46.6322226;357;70;94
150;Thu Mar 14 23:35:48 2019;-23.5926269886946,-46.6305273188054;-23.5904938971378,-46.6322156913943;-23.5926323 -46.6305322;-23.5904749 -46.6322226;357;70;94
151;Thu Mar 14 23:36:49 2019;-23.5926269886946,-46.6305273188054;-23.5904938971378,-46.6322156913943;-23.5926323 -46.6305322;-23.5904749 -46.6322226;357;70;92
152;Thu Mar 14 23:37:50 2019;-23.5926269886946,-46.6305273188054;-23.5904938971378,-46.6322156913943;-23.5926323 -46.6305322;-23.5904749 -46.6322226;357;70;96
153;Thu Mar 14 23:38:48 2019;-23.5926269886946,-46.6305273188054;-23.5904938971378,-46.6322156913943;-23.5926323 -46.6305322;-23.5904749 -46.6322226;357;70;96
154;Thu Mar 14 23:39:48 2019;-23.5926269886946,-46.6305273188054;-23.5904938971378,-46.6322156913943;-23.5926323 -46.6305322;-23.5904749 -46.6322226;357;70;96
155;Thu Mar 14 23:40:48 2019;-23.5926269886946,-46.6305273188054;-23.5904938971378,-46.6322156913943;-23.5926323 -46.6305322;-23.5904749 -46.6322226;357;70;96
156;Thu Mar 14 23:41:48 2019;-23.5926269886946,-46.6305273188054;-23.5904938971378,-46.6322156913943;-23.5926323 -46.6305322;-23.5904749 -46.6322226;357;70;96
157;Thu Mar 14 23:42:49 2019;-23.5926269886946,-46.6305273188054;-23.5904938971378,-46.6322156913943;-23.5926323 -46.6305322;-23.5904749 -46.6322226;357;70;96
158;Thu Mar 14 23:43:48 2019;-23.5926269886946,-46.6305273188054;-23.5904938971378,-46.6322156913943;-23.5926323 -46.6305322;-23.5904749 -46.6322226;357;70;96
159;Thu Mar 14 23:44:48 2019;-23.5926269886946,-46.6305273188054;-23.5904938971378,-46.6322156913943;-23.5926323 -46.6305322;-23.5904749 -46.6322226;357;70;96
160;Thu Mar 14 23:45:48 2019;-23.5926269886946,-46.6305273188054;-23.5904938971378,-46.6322156913943;-23.5926323 -46.6305322;-23.5904749 -46.6322226;357;70;96
161;Thu Mar 14 23:46:49 2019;-23.5926269886946,-46.6305273188054;-23.5904938971378,-46.6322156913943;-23.5926323 -46.6305322;-23.5904749 -46.6322226;357;70;96
162;Thu Mar 14 23:47:49 2019;-23.5926269886946,-46.6305273188054;-23.5904938971378,-46.6322156913943;-23.5926323 -46.6305322;-23.5904749 -46.6322226;357;70;96
163;Thu Mar 14 23:48:48 2019;-23.5926269886946,-46.6305273188054;-23.5904938971378,-46.6322156913943;-23.5926323 -46.6305322;-23.5904749 -46.6322226;357;70;96
164;Thu Mar 14 23:49:48 2019;-23.5926269886946,-46.6305273188054;-23.5904938971378,-46.6322156913943;-23.5926323 -46.6305322;-23.5904749 -46.6322226;357;70;96
165;Thu Mar 14 23:50:48 2019;-23.5926269886946,-46.6305273188054;-23.5904938971378,-46.6322156913943;-23.5926323 -46.6305322;-23.5904749 -46.6322226;357;70;96
166;Thu Mar 14 23:51:49 2019;-23.5926269886946,-46.6305273188054;-23.5904938971378,-46.6322156913943;-23.5926323 -46.6305322;-23.5904749 -46.6322226;357;70;97
167;Thu Mar 14 23:52:49 2019;-23.5926269886946,-46.6305273188054;-23.5904938971378,-46.6322156913943;-23.5926323 -46.6305322;-23.5904749 -46.6322226;357;70;82
168;Thu Mar 14 23:53:49 2019;-23.5926269886946,-46.6305273188054;-23.5904938971378,-46.6322156913943;-23.5926323 -46.6305322;-23.5904749 -46.6322226;357;70;82
169;Thu Mar 14 23:54:48 2019;-23.5926269886946,-46.6305273188054;-23.5904938971378,-46.6322156913943;-23.5926323 -46.6305322;-23.5904749 -46.6322226;357;70;82
170;Thu Mar 14 23:55:48 2019;-23.5926269886946,-46.6305273188054;-23.5904938971378,-46.6322156913943;-23.5926323 -46.6305322;-23.5904749 -46.6322226;357;70;82
171;Thu Mar 14 23:56:49 2019;-23.5926269886946,-46.6305273188054;-23.5904938971378,-46.6322156913943;-23.5926323 -46.6305322;-23.5904749 -46.6322226;357;70;82
172;Thu Mar 14 23:57:48 2019;-23.5926269886946,-46.6305273188054;-23.5904938971378,-46.6322156913943;-23.5926323 -46.6305322;-23.5904749 -46.6322226;357;70;82
173;Thu Mar 14 23:58:48 2019;-23.5926269886946,-46.6305273188054;-23.5904938971378,-46.6322156913943;-23.5926323 -46.6305322;-23.5904749 -46.6322226;357;70;82
174;Thu Mar 14 23:59:48 2019;-23.5926269886946,-46.6305273188054;-23.5904938971378,-46.6322156913943;-23.5926323 -46.6305322;-23.5904749 -46.6322226;357;70;82
