38972;Thu Mar 14 00:00:34 2019;-23.5955448934394,-46.617134202324;-23.5954838261225,-46.6174758224958;-23.5955759 -46.6171751;-23.5954876 -46.6174751;34;4;3
39213;Thu Mar 14 04:01:34 2019;-23.5955448934394,-46.617134202324;-23.5954838261225,-46.6174758224958;-23.5955759 -46.6171751;-23.5954876 -46.6174751;34;4;3
39214;Thu Mar 14 04:02:34 2019;-23.5955448934394,-46.617134202324;-23.5954838261225,-46.6174758224958;-23.5955759 -46.6171751;-23.5954876 -46.6174751;34;4;3
39215;Thu Mar 14 04:03:35 2019;-23.5955448934394,-46.617134202324;-23.5954838261225,-46.6174758224958;-23.5955759 -46.6171751;-23.5954876 -46.6174751;34;4;3
39216;Thu Mar 14 04:04:34 2019;-23.5955448934394,-46.617134202324;-23.5954838261225,-46.6174758224958;-23.5955759 -46.6171751;-23.5954876 -46.6174751;34;4;3
39217;Thu Mar 14 04:05:34 2019;-23.5955448934394,-46.617134202324;-23.5954838261225,-46.6174758224958;-23.5955759 -46.6171751;-23.5954876 -46.6174751;34;4;3
39218;Thu Mar 14 04:06:34 2019;-23.5955448934394,-46.617134202324;-23.5954838261225,-46.6174758224958;-23.5955759 -46.6171751;-23.5954876 -46.6174751;34;4;3
39219;Thu Mar 14 04:07:34 2019;-23.5955448934394,-46.617134202324;-23.5954838261225,-46.6174758224958;-23.5955759 -46.6171751;-23.5954876 -46.6174751;34;4;3
39220;Thu Mar 14 04:08:34 2019;-23.5955448934394,-46.617134202324;-23.5954838261225,-46.6174758224958;-23.5955759 -46.6171751;-23.5954876 -46.6174751;34;4;3
39221;Thu Mar 14 04:09:34 2019;-23.5955448934394,-46.617134202324;-23.5954838261225,-46.6174758224958;-23.5955759 -46.6171751;-23.5954876 -46.6174751;34;4;3
1;Thu Mar 14 21:06:55 2019;-23.5955448934394,-46.617134202324;-23.5954838261225,-46.6174758224958;-23.5955759 -46.6171751;-23.5954876 -46.6174751;34;4;4
2;Thu Mar 14 21:07:48 2019;-23.5955448934394,-46.617134202324;-23.5954838261225,-46.6174758224958;-23.5955759 -46.6171751;-23.5954876 -46.6174751;34;4;5
3;Thu Mar 14 21:08:51 2019;-23.5955448934394,-46.617134202324;-23.5954838261225,-46.6174758224958;-23.5955759 -46.6171751;-23.5954876 -46.6174751;34;4;5
4;Thu Mar 14 21:09:48 2019;-23.5955448934394,-46.617134202324;-23.5954838261225,-46.6174758224958;-23.5955759 -46.6171751;-23.5954876 -46.6174751;34;4;5
5;Thu Mar 14 21:10:48 2019;-23.5955448934394,-46.617134202324;-23.5954838261225,-46.6174758224958;-23.5955759 -46.6171751;-23.5954876 -46.6174751;34;4;5
6;Thu Mar 14 21:11:48 2019;-23.5955448934394,-46.617134202324;-23.5954838261225,-46.6174758224958;-23.5955759 -46.6171751;-23.5954876 -46.6174751;34;4;5
7;Thu Mar 14 21:12:47 2019;-23.5955448934394,-46.617134202324;-23.5954838261225,-46.6174758224958;-23.5955759 -46.6171751;-23.5954876 -46.6174751;34;4;5
8;Thu Mar 14 21:13:47 2019;-23.5955448934394,-46.617134202324;-23.5954838261225,-46.6174758224958;-23.5955759 -46.6171751;-23.5954876 -46.6174751;34;4;5
9;Thu Mar 14 21:14:48 2019;-23.5955448934394,-46.617134202324;-23.5954838261225,-46.6174758224958;-23.5955759 -46.6171751;-23.5954876 -46.6174751;34;4;5
10;Thu Mar 14 21:15:48 2019;-23.5955448934394,-46.617134202324;-23.5954838261225,-46.6174758224958;-23.5955759 -46.6171751;-23.5954876 -46.6174751;34;4;5
11;Thu Mar 14 21:16:48 2019;-23.5955448934394,-46.617134202324;-23.5954838261225,-46.6174758224958;-23.5955759 -46.6171751;-23.5954876 -46.6174751;34;4;5
12;Thu Mar 14 21:17:48 2019;-23.5955448934394,-46.617134202324;-23.5954838261225,-46.6174758224958;-23.5955759 -46.6171751;-23.5954876 -46.6174751;34;4;5
13;Thu Mar 14 21:18:48 2019;-23.5955448934394,-46.617134202324;-23.5954838261225,-46.6174758224958;-23.5955759 -46.6171751;-23.5954876 -46.6174751;34;4;5
14;Thu Mar 14 21:19:48 2019;-23.5955448934394,-46.617134202324;-23.5954838261225,-46.6174758224958;-23.5955759 -46.6171751;-23.5954876 -46.6174751;34;4;5
15;Thu Mar 14 21:20:48 2019;-23.5955448934394,-46.617134202324;-23.5954838261225,-46.6174758224958;-23.5955759 -46.6171751;-23.5954876 -46.6174751;34;4;5
16;Thu Mar 14 21:21:49 2019;-23.5955448934394,-46.617134202324;-23.5954838261225,-46.6174758224958;-23.5955759 -46.6171751;-23.5954876 -46.6174751;34;4;5
17;Thu Mar 14 21:22:48 2019;-23.5955448934394,-46.617134202324;-23.5954838261225,-46.6174758224958;-23.5955759 -46.6171751;-23.5954876 -46.6174751;34;4;4
18;Thu Mar 14 21:23:48 2019;-23.5955448934394,-46.617134202324;-23.5954838261225,-46.6174758224958;-23.5955759 -46.6171751;-23.5954876 -46.6174751;34;4;4
19;Thu Mar 14 21:24:48 2019;-23.5955448934394,-46.617134202324;-23.5954838261225,-46.6174758224958;-23.5955759 -46.6171751;-23.5954876 -46.6174751;34;4;4
20;Thu Mar 14 21:25:47 2019;-23.5955448934394,-46.617134202324;-23.5954838261225,-46.6174758224958;-23.5955759 -46.6171751;-23.5954876 -46.6174751;34;4;4
21;Thu Mar 14 21:26:48 2019;-23.5955448934394,-46.617134202324;-23.5954838261225,-46.6174758224958;-23.5955759 -46.6171751;-23.5954876 -46.6174751;34;4;4
22;Thu Mar 14 21:27:47 2019;-23.5955448934394,-46.617134202324;-23.5954838261225,-46.6174758224958;-23.5955759 -46.6171751;-23.5954876 -46.6174751;34;4;4
23;Thu Mar 14 21:28:47 2019;-23.5955448934394,-46.617134202324;-23.5954838261225,-46.6174758224958;-23.5955759 -46.6171751;-23.5954876 -46.6174751;34;4;4
24;Thu Mar 14 21:29:48 2019;-23.5955448934394,-46.617134202324;-23.5954838261225,-46.6174758224958;-23.5955759 -46.6171751;-23.5954876 -46.6174751;34;4;4
25;Thu Mar 14 21:30:47 2019;-23.5955448934394,-46.617134202324;-23.5954838261225,-46.6174758224958;-23.5955759 -46.6171751;-23.5954876 -46.6174751;34;4;4
26;Thu Mar 14 21:31:48 2019;-23.5955448934394,-46.617134202324;-23.5954838261225,-46.6174758224958;-23.5955759 -46.6171751;-23.5954876 -46.6174751;34;4;4
27;Thu Mar 14 21:32:47 2019;-23.5955448934394,-46.617134202324;-23.5954838261225,-46.6174758224958;-23.5955759 -46.6171751;-23.5954876 -46.6174751;34;4;4
28;Thu Mar 14 21:33:48 2019;-23.5955448934394,-46.617134202324;-23.5954838261225,-46.6174758224958;-23.5955759 -46.6171751;-23.5954876 -46.6174751;34;4;4
29;Thu Mar 14 21:34:48 2019;-23.5955448934394,-46.617134202324;-23.5954838261225,-46.6174758224958;-23.5955759 -46.6171751;-23.5954876 -46.6174751;34;4;4
30;Thu Mar 14 21:35:47 2019;-23.5955448934394,-46.617134202324;-23.5954838261225,-46.6174758224958;-23.5955759 -46.6171751;-23.5954876 -46.6174751;34;4;4
31;Thu Mar 14 21:36:47 2019;-23.5955448934394,-46.617134202324;-23.5954838261225,-46.6174758224958;-23.5955759 -46.6171751;-23.5954876 -46.6174751;34;4;4
32;Thu Mar 14 21:37:47 2019;-23.5955448934394,-46.617134202324;-23.5954838261225,-46.6174758224958;-23.5955759 -46.6171751;-23.5954876 -46.6174751;34;4;4
33;Thu Mar 14 21:38:48 2019;-23.5955448934394,-46.617134202324;-23.5954838261225,-46.6174758224958;-23.5955759 -46.6171751;-23.5954876 -46.6174751;34;4;4
34;Thu Mar 14 21:39:47 2019;-23.5955448934394,-46.617134202324;-23.5954838261225,-46.6174758224958;-23.5955759 -46.6171751;-23.5954876 -46.6174751;34;4;4
35;Thu Mar 14 21:40:48 2019;-23.5955448934394,-46.617134202324;-23.5954838261225,-46.6174758224958;-23.5955759 -46.6171751;-23.5954876 -46.6174751;34;4;4
36;Thu Mar 14 21:41:47 2019;-23.5955448934394,-46.617134202324;-23.5954838261225,-46.6174758224958;-23.5955759 -46.6171751;-23.5954876 -46.6174751;34;4;4
37;Thu Mar 14 21:42:47 2019;-23.5955448934394,-46.617134202324;-23.5954838261225,-46.6174758224958;-23.5955759 -46.6171751;-23.5954876 -46.6174751;34;4;4
38;Thu Mar 14 21:43:47 2019;-23.5955448934394,-46.617134202324;-23.5954838261225,-46.6174758224958;-23.5955759 -46.6171751;-23.5954876 -46.6174751;34;4;4
39;Thu Mar 14 21:44:48 2019;-23.5955448934394,-46.617134202324;-23.5954838261225,-46.6174758224958;-23.5955759 -46.6171751;-23.5954876 -46.6174751;34;4;4
40;Thu Mar 14 21:45:47 2019;-23.5955448934394,-46.617134202324;-23.5954838261225,-46.6174758224958;-23.5955759 -46.6171751;-23.5954876 -46.6174751;34;4;4
41;Thu Mar 14 21:46:48 2019;-23.5955448934394,-46.617134202324;-23.5954838261225,-46.6174758224958;-23.5955759 -46.6171751;-23.5954876 -46.6174751;34;4;4
42;Thu Mar 14 21:47:48 2019;-23.5955448934394,-46.617134202324;-23.5954838261225,-46.6174758224958;-23.5955759 -46.6171751;-23.5954876 -46.6174751;34;4;4
43;Thu Mar 14 21:48:48 2019;-23.5955448934394,-46.617134202324;-23.5954838261225,-46.6174758224958;-23.5955759 -46.6171751;-23.5954876 -46.6174751;34;4;4
44;Thu Mar 14 21:49:47 2019;-23.5955448934394,-46.617134202324;-23.5954838261225,-46.6174758224958;-23.5955759 -46.6171751;-23.5954876 -46.6174751;34;4;4
45;Thu Mar 14 21:50:48 2019;-23.5955448934394,-46.617134202324;-23.5954838261225,-46.6174758224958;-23.5955759 -46.6171751;-23.5954876 -46.6174751;34;4;4
46;Thu Mar 14 21:51:47 2019;-23.5955448934394,-46.617134202324;-23.5954838261225,-46.6174758224958;-23.5955759 -46.6171751;-23.5954876 -46.6174751;34;4;4
47;Thu Mar 14 21:52:47 2019;-23.5955448934394,-46.617134202324;-23.5954838261225,-46.6174758224958;-23.5955759 -46.6171751;-23.5954876 -46.6174751;34;4;4
48;Thu Mar 14 21:53:47 2019;-23.5955448934394,-46.617134202324;-23.5954838261225,-46.6174758224958;-23.5955759 -46.6171751;-23.5954876 -46.6174751;34;4;4
49;Thu Mar 14 21:54:48 2019;-23.5955448934394,-46.617134202324;-23.5954838261225,-46.6174758224958;-23.5955759 -46.6171751;-23.5954876 -46.6174751;34;4;4
50;Thu Mar 14 21:55:47 2019;-23.5955448934394,-46.617134202324;-23.5954838261225,-46.6174758224958;-23.5955759 -46.6171751;-23.5954876 -46.6174751;34;4;4
51;Thu Mar 14 21:56:48 2019;-23.5955448934394,-46.617134202324;-23.5954838261225,-46.6174758224958;-23.5955759 -46.6171751;-23.5954876 -46.6174751;34;4;4
52;Thu Mar 14 21:57:47 2019;-23.5955448934394,-46.617134202324;-23.5954838261225,-46.6174758224958;-23.5955759 -46.6171751;-23.5954876 -46.6174751;34;4;4
53;Thu Mar 14 21:58:48 2019;-23.5955448934394,-46.617134202324;-23.5954838261225,-46.6174758224958;-23.5955759 -46.6171751;-23.5954876 -46.6174751;34;4;4
54;Thu Mar 14 21:59:47 2019;-23.5955448934394,-46.617134202324;-23.5954838261225,-46.6174758224958;-23.5955759 -46.6171751;-23.5954876 -46.6174751;34;4;4
55;Thu Mar 14 22:00:47 2019;-23.5955448934394,-46.617134202324;-23.5954838261225,-46.6174758224958;-23.5955759 -46.6171751;-23.5954876 -46.6174751;34;4;4
56;Thu Mar 14 22:01:48 2019;-23.5955448934394,-46.617134202324;-23.5954838261225,-46.6174758224958;-23.5955759 -46.6171751;-23.5954876 -46.6174751;34;4;4
57;Thu Mar 14 22:02:47 2019;-23.5955448934394,-46.617134202324;-23.5954838261225,-46.6174758224958;-23.5955759 -46.6171751;-23.5954876 -46.6174751;34;4;4
58;Thu Mar 14 22:03:47 2019;-23.5955448934394,-46.617134202324;-23.5954838261225,-46.6174758224958;-23.5955759 -46.6171751;-23.5954876 -46.6174751;34;4;4
59;Thu Mar 14 22:04:48 2019;-23.5955448934394,-46.617134202324;-23.5954838261225,-46.6174758224958;-23.5955759 -46.6171751;-23.5954876 -46.6174751;34;4;4
60;Thu Mar 14 22:05:48 2019;-23.5955448934394,-46.617134202324;-23.5954838261225,-46.6174758224958;-23.5955759 -46.6171751;-23.5954876 -46.6174751;34;4;4
61;Thu Mar 14 22:06:48 2019;-23.5955448934394,-46.617134202324;-23.5954838261225,-46.6174758224958;-23.5955759 -46.6171751;-23.5954876 -46.6174751;34;4;4
62;Thu Mar 14 22:07:47 2019;-23.5955448934394,-46.617134202324;-23.5954838261225,-46.6174758224958;-23.5955759 -46.6171751;-23.5954876 -46.6174751;34;4;5
63;Thu Mar 14 22:08:48 2019;-23.5955448934394,-46.617134202324;-23.5954838261225,-46.6174758224958;-23.5955759 -46.6171751;-23.5954876 -46.6174751;34;4;5
64;Thu Mar 14 22:09:47 2019;-23.5955448934394,-46.617134202324;-23.5954838261225,-46.6174758224958;-23.5955759 -46.6171751;-23.5954876 -46.6174751;34;4;5
65;Thu Mar 14 22:10:47 2019;-23.5955448934394,-46.617134202324;-23.5954838261225,-46.6174758224958;-23.5955759 -46.6171751;-23.5954876 -46.6174751;34;4;5
66;Thu Mar 14 22:11:48 2019;-23.5955448934394,-46.617134202324;-23.5954838261225,-46.6174758224958;-23.5955759 -46.6171751;-23.5954876 -46.6174751;34;4;5
67;Thu Mar 14 22:12:47 2019;-23.5955448934394,-46.617134202324;-23.5954838261225,-46.6174758224958;-23.5955759 -46.6171751;-23.5954876 -46.6174751;34;4;5
68;Thu Mar 14 22:13:47 2019;-23.5955448934394,-46.617134202324;-23.5954838261225,-46.6174758224958;-23.5955759 -46.6171751;-23.5954876 -46.6174751;34;4;5
69;Thu Mar 14 22:14:47 2019;-23.5955448934394,-46.617134202324;-23.5954838261225,-46.6174758224958;-23.5955759 -46.6171751;-23.5954876 -46.6174751;34;4;5
70;Thu Mar 14 22:15:48 2019;-23.5955448934394,-46.617134202324;-23.5954838261225,-46.6174758224958;-23.5955759 -46.6171751;-23.5954876 -46.6174751;34;4;5
71;Thu Mar 14 22:16:48 2019;-23.5955448934394,-46.617134202324;-23.5954838261225,-46.6174758224958;-23.5955759 -46.6171751;-23.5954876 -46.6174751;34;4;5
72;Thu Mar 14 22:17:48 2019;-23.5955448934394,-46.617134202324;-23.5954838261225,-46.6174758224958;-23.5955759 -46.6171751;-23.5954876 -46.6174751;34;4;5
73;Thu Mar 14 22:18:48 2019;-23.5955448934394,-46.617134202324;-23.5954838261225,-46.6174758224958;-23.5955759 -46.6171751;-23.5954876 -46.6174751;34;4;5
74;Thu Mar 14 22:19:48 2019;-23.5955448934394,-46.617134202324;-23.5954838261225,-46.6174758224958;-23.5955759 -46.6171751;-23.5954876 -46.6174751;34;4;5
75;Thu Mar 14 22:20:47 2019;-23.5955448934394,-46.617134202324;-23.5954838261225,-46.6174758224958;-23.5955759 -46.6171751;-23.5954876 -46.6174751;34;4;5
76;Thu Mar 14 22:21:47 2019;-23.5955448934394,-46.617134202324;-23.5954838261225,-46.6174758224958;-23.5955759 -46.6171751;-23.5954876 -46.6174751;34;4;5
77;Thu Mar 14 22:22:47 2019;-23.5955448934394,-46.617134202324;-23.5954838261225,-46.6174758224958;-23.5955759 -46.6171751;-23.5954876 -46.6174751;34;4;4
78;Thu Mar 14 22:23:48 2019;-23.5955448934394,-46.617134202324;-23.5954838261225,-46.6174758224958;-23.5955759 -46.6171751;-23.5954876 -46.6174751;34;4;4
79;Thu Mar 14 22:24:48 2019;-23.5955448934394,-46.617134202324;-23.5954838261225,-46.6174758224958;-23.5955759 -46.6171751;-23.5954876 -46.6174751;34;4;4
80;Thu Mar 14 22:25:48 2019;-23.5955448934394,-46.617134202324;-23.5954838261225,-46.6174758224958;-23.5955759 -46.6171751;-23.5954876 -46.6174751;34;4;4
81;Thu Mar 14 22:26:48 2019;-23.5955448934394,-46.617134202324;-23.5954838261225,-46.6174758224958;-23.5955759 -46.6171751;-23.5954876 -46.6174751;34;4;4
82;Thu Mar 14 22:27:48 2019;-23.5955448934394,-46.617134202324;-23.5954838261225,-46.6174758224958;-23.5955759 -46.6171751;-23.5954876 -46.6174751;34;4;4
83;Thu Mar 14 22:28:48 2019;-23.5955448934394,-46.617134202324;-23.5954838261225,-46.6174758224958;-23.5955759 -46.6171751;-23.5954876 -46.6174751;34;4;4
84;Thu Mar 14 22:29:48 2019;-23.5955448934394,-46.617134202324;-23.5954838261225,-46.6174758224958;-23.5955759 -46.6171751;-23.5954876 -46.6174751;34;4;4
85;Thu Mar 14 22:30:48 2019;-23.5955448934394,-46.617134202324;-23.5954838261225,-46.6174758224958;-23.5955759 -46.6171751;-23.5954876 -46.6174751;34;4;4
86;Thu Mar 14 22:31:47 2019;-23.5955448934394,-46.617134202324;-23.5954838261225,-46.6174758224958;-23.5955759 -46.6171751;-23.5954876 -46.6174751;34;4;4
87;Thu Mar 14 22:32:48 2019;-23.5955448934394,-46.617134202324;-23.5954838261225,-46.6174758224958;-23.5955759 -46.6171751;-23.5954876 -46.6174751;34;4;4
88;Thu Mar 14 22:33:47 2019;-23.5955448934394,-46.617134202324;-23.5954838261225,-46.6174758224958;-23.5955759 -46.6171751;-23.5954876 -46.6174751;34;4;4
89;Thu Mar 14 22:34:47 2019;-23.5955448934394,-46.617134202324;-23.5954838261225,-46.6174758224958;-23.5955759 -46.6171751;-23.5954876 -46.6174751;34;4;4
90;Thu Mar 14 22:35:47 2019;-23.5955448934394,-46.617134202324;-23.5954838261225,-46.6174758224958;-23.5955759 -46.6171751;-23.5954876 -46.6174751;34;4;4
91;Thu Mar 14 22:36:48 2019;-23.5955448934394,-46.617134202324;-23.5954838261225,-46.6174758224958;-23.5955759 -46.6171751;-23.5954876 -46.6174751;34;4;4
92;Thu Mar 14 22:37:47 2019;-23.5955448934394,-46.617134202324;-23.5954838261225,-46.6174758224958;-23.5955759 -46.6171751;-23.5954876 -46.6174751;34;4;4
93;Thu Mar 14 22:38:49 2019;-23.5955448934394,-46.617134202324;-23.5954838261225,-46.6174758224958;-23.5955759 -46.6171751;-23.5954876 -46.6174751;34;4;4
94;Thu Mar 14 22:39:48 2019;-23.5955448934394,-46.617134202324;-23.5954838261225,-46.6174758224958;-23.5955759 -46.6171751;-23.5954876 -46.6174751;34;4;4
95;Thu Mar 14 22:40:48 2019;-23.5955448934394,-46.617134202324;-23.5954838261225,-46.6174758224958;-23.5955759 -46.6171751;-23.5954876 -46.6174751;34;4;4
96;Thu Mar 14 22:41:47 2019;-23.5955448934394,-46.617134202324;-23.5954838261225,-46.6174758224958;-23.5955759 -46.6171751;-23.5954876 -46.6174751;34;4;4
97;Thu Mar 14 22:42:48 2019;-23.5955448934394,-46.617134202324;-23.5954838261225,-46.6174758224958;-23.5955759 -46.6171751;-23.5954876 -46.6174751;34;4;4
98;Thu Mar 14 22:43:48 2019;-23.5955448934394,-46.617134202324;-23.5954838261225,-46.6174758224958;-23.5955759 -46.6171751;-23.5954876 -46.6174751;34;4;4
99;Thu Mar 14 22:44:48 2019;-23.5955448934394,-46.617134202324;-23.5954838261225,-46.6174758224958;-23.5955759 -46.6171751;-23.5954876 -46.6174751;34;4;4
100;Thu Mar 14 22:45:48 2019;-23.5955448934394,-46.617134202324;-23.5954838261225,-46.6174758224958;-23.5955759 -46.6171751;-23.5954876 -46.6174751;34;4;4
101;Thu Mar 14 22:46:48 2019;-23.5955448934394,-46.617134202324;-23.5954838261225,-46.6174758224958;-23.5955759 -46.6171751;-23.5954876 -46.6174751;34;4;4
102;Thu Mar 14 22:47:47 2019;-23.5955448934394,-46.617134202324;-23.5954838261225,-46.6174758224958;-23.5955759 -46.6171751;-23.5954876 -46.6174751;34;4;4
103;Thu Mar 14 22:48:47 2019;-23.5955448934394,-46.617134202324;-23.5954838261225,-46.6174758224958;-23.5955759 -46.6171751;-23.5954876 -46.6174751;34;4;4
104;Thu Mar 14 22:49:48 2019;-23.5955448934394,-46.617134202324;-23.5954838261225,-46.6174758224958;-23.5955759 -46.6171751;-23.5954876 -46.6174751;34;4;4
105;Thu Mar 14 22:50:48 2019;-23.5955448934394,-46.617134202324;-23.5954838261225,-46.6174758224958;-23.5955759 -46.6171751;-23.5954876 -46.6174751;34;4;4
106;Thu Mar 14 22:51:47 2019;-23.5955448934394,-46.617134202324;-23.5954838261225,-46.6174758224958;-23.5955759 -46.6171751;-23.5954876 -46.6174751;34;4;4
107;Thu Mar 14 22:52:47 2019;-23.5955448934394,-46.617134202324;-23.5954838261225,-46.6174758224958;-23.5955759 -46.6171751;-23.5954876 -46.6174751;34;4;5
108;Thu Mar 14 22:53:48 2019;-23.5955448934394,-46.617134202324;-23.5954838261225,-46.6174758224958;-23.5955759 -46.6171751;-23.5954876 -46.6174751;34;4;5
109;Thu Mar 14 22:54:47 2019;-23.5955448934394,-46.617134202324;-23.5954838261225,-46.6174758224958;-23.5955759 -46.6171751;-23.5954876 -46.6174751;34;4;5
110;Thu Mar 14 22:55:48 2019;-23.5955448934394,-46.617134202324;-23.5954838261225,-46.6174758224958;-23.5955759 -46.6171751;-23.5954876 -46.6174751;34;4;5
111;Thu Mar 14 22:56:49 2019;-23.5955448934394,-46.617134202324;-23.5954838261225,-46.6174758224958;-23.5955759 -46.6171751;-23.5954876 -46.6174751;34;4;5
112;Thu Mar 14 22:57:47 2019;-23.5955448934394,-46.617134202324;-23.5954838261225,-46.6174758224958;-23.5955759 -46.6171751;-23.5954876 -46.6174751;34;4;5
113;Thu Mar 14 22:58:47 2019;-23.5955448934394,-46.617134202324;-23.5954838261225,-46.6174758224958;-23.5955759 -46.6171751;-23.5954876 -46.6174751;34;4;5
114;Thu Mar 14 22:59:48 2019;-23.5955448934394,-46.617134202324;-23.5954838261225,-46.6174758224958;-23.5955759 -46.6171751;-23.5954876 -46.6174751;34;4;5
115;Thu Mar 14 23:00:47 2019;-23.5955448934394,-46.617134202324;-23.5954838261225,-46.6174758224958;-23.5955759 -46.6171751;-23.5954876 -46.6174751;34;4;5
116;Thu Mar 14 23:01:47 2019;-23.5955448934394,-46.617134202324;-23.5954838261225,-46.6174758224958;-23.5955759 -46.6171751;-23.5954876 -46.6174751;34;4;5
117;Thu Mar 14 23:02:47 2019;-23.5955448934394,-46.617134202324;-23.5954838261225,-46.6174758224958;-23.5955759 -46.6171751;-23.5954876 -46.6174751;34;4;5
118;Thu Mar 14 23:03:48 2019;-23.5955448934394,-46.617134202324;-23.5954838261225,-46.6174758224958;-23.5955759 -46.6171751;-23.5954876 -46.6174751;34;4;5
119;Thu Mar 14 23:04:48 2019;-23.5955448934394,-46.617134202324;-23.5954838261225,-46.6174758224958;-23.5955759 -46.6171751;-23.5954876 -46.6174751;34;4;5
120;Thu Mar 14 23:05:47 2019;-23.5955448934394,-46.617134202324;-23.5954838261225,-46.6174758224958;-23.5955759 -46.6171751;-23.5954876 -46.6174751;34;4;5
121;Thu Mar 14 23:06:48 2019;-23.5955448934394,-46.617134202324;-23.5954838261225,-46.6174758224958;-23.5955759 -46.6171751;-23.5954876 -46.6174751;34;4;5
122;Thu Mar 14 23:07:48 2019;-23.5955448934394,-46.617134202324;-23.5954838261225,-46.6174758224958;-23.5955759 -46.6171751;-23.5954876 -46.6174751;34;4;4
123;Thu Mar 14 23:08:47 2019;-23.5955448934394,-46.617134202324;-23.5954838261225,-46.6174758224958;-23.5955759 -46.6171751;-23.5954876 -46.6174751;34;4;4
124;Thu Mar 14 23:09:47 2019;-23.5955448934394,-46.617134202324;-23.5954838261225,-46.6174758224958;-23.5955759 -46.6171751;-23.5954876 -46.6174751;34;4;4
125;Thu Mar 14 23:10:47 2019;-23.5955448934394,-46.617134202324;-23.5954838261225,-46.6174758224958;-23.5955759 -46.6171751;-23.5954876 -46.6174751;34;4;4
126;Thu Mar 14 23:11:48 2019;-23.5955448934394,-46.617134202324;-23.5954838261225,-46.6174758224958;-23.5955759 -46.6171751;-23.5954876 -46.6174751;34;4;4
127;Thu Mar 14 23:12:47 2019;-23.5955448934394,-46.617134202324;-23.5954838261225,-46.6174758224958;-23.5955759 -46.6171751;-23.5954876 -46.6174751;34;4;4
128;Thu Mar 14 23:13:47 2019;-23.5955448934394,-46.617134202324;-23.5954838261225,-46.6174758224958;-23.5955759 -46.6171751;-23.5954876 -46.6174751;34;4;4
129;Thu Mar 14 23:14:47 2019;-23.5955448934394,-46.617134202324;-23.5954838261225,-46.6174758224958;-23.5955759 -46.6171751;-23.5954876 -46.6174751;34;4;4
130;Thu Mar 14 23:15:47 2019;-23.5955448934394,-46.617134202324;-23.5954838261225,-46.6174758224958;-23.5955759 -46.6171751;-23.5954876 -46.6174751;34;4;4
131;Thu Mar 14 23:16:48 2019;-23.5955448934394,-46.617134202324;-23.5954838261225,-46.6174758224958;-23.5955759 -46.6171751;-23.5954876 -46.6174751;34;4;4
132;Thu Mar 14 23:17:48 2019;-23.5955448934394,-46.617134202324;-23.5954838261225,-46.6174758224958;-23.5955759 -46.6171751;-23.5954876 -46.6174751;34;4;4
133;Thu Mar 14 23:18:47 2019;-23.5955448934394,-46.617134202324;-23.5954838261225,-46.6174758224958;-23.5955759 -46.6171751;-23.5954876 -46.6174751;34;4;4
134;Thu Mar 14 23:19:47 2019;-23.5955448934394,-46.617134202324;-23.5954838261225,-46.6174758224958;-23.5955759 -46.6171751;-23.5954876 -46.6174751;34;4;4
135;Thu Mar 14 23:20:47 2019;-23.5955448934394,-46.617134202324;-23.5954838261225,-46.6174758224958;-23.5955759 -46.6171751;-23.5954876 -46.6174751;34;4;4
136;Thu Mar 14 23:21:47 2019;-23.5955448934394,-46.617134202324;-23.5954838261225,-46.6174758224958;-23.5955759 -46.6171751;-23.5954876 -46.6174751;34;4;4
137;Thu Mar 14 23:22:48 2019;-23.5955448934394,-46.617134202324;-23.5954838261225,-46.6174758224958;-23.5955759 -46.6171751;-23.5954876 -46.6174751;34;4;4
138;Thu Mar 14 23:23:48 2019;-23.5955448934394,-46.617134202324;-23.5954838261225,-46.6174758224958;-23.5955759 -46.6171751;-23.5954876 -46.6174751;34;4;4
139;Thu Mar 14 23:24:48 2019;-23.5955448934394,-46.617134202324;-23.5954838261225,-46.6174758224958;-23.5955759 -46.6171751;-23.5954876 -46.6174751;34;4;4
140;Thu Mar 14 23:25:47 2019;-23.5955448934394,-46.617134202324;-23.5954838261225,-46.6174758224958;-23.5955759 -46.6171751;-23.5954876 -46.6174751;34;4;4
141;Thu Mar 14 23:26:49 2019;-23.5955448934394,-46.617134202324;-23.5954838261225,-46.6174758224958;-23.5955759 -46.6171751;-23.5954876 -46.6174751;34;4;4
142;Thu Mar 14 23:27:47 2019;-23.5955448934394,-46.617134202324;-23.5954838261225,-46.6174758224958;-23.5955759 -46.6171751;-23.5954876 -46.6174751;34;4;4
143;Thu Mar 14 23:28:47 2019;-23.5955448934394,-46.617134202324;-23.5954838261225,-46.6174758224958;-23.5955759 -46.6171751;-23.5954876 -46.6174751;34;4;4
144;Thu Mar 14 23:29:47 2019;-23.5955448934394,-46.617134202324;-23.5954838261225,-46.6174758224958;-23.5955759 -46.6171751;-23.5954876 -46.6174751;34;4;4
145;Thu Mar 14 23:30:47 2019;-23.5955448934394,-46.617134202324;-23.5954838261225,-46.6174758224958;-23.5955759 -46.6171751;-23.5954876 -46.6174751;34;4;4
146;Thu Mar 14 23:31:47 2019;-23.5955448934394,-46.617134202324;-23.5954838261225,-46.6174758224958;-23.5955759 -46.6171751;-23.5954876 -46.6174751;34;4;4
147;Thu Mar 14 23:32:48 2019;-23.5955448934394,-46.617134202324;-23.5954838261225,-46.6174758224958;-23.5955759 -46.6171751;-23.5954876 -46.6174751;34;4;4
148;Thu Mar 14 23:33:48 2019;-23.5955448934394,-46.617134202324;-23.5954838261225,-46.6174758224958;-23.5955759 -46.6171751;-23.5954876 -46.6174751;34;4;4
149;Thu Mar 14 23:34:47 2019;-23.5955448934394,-46.617134202324;-23.5954838261225,-46.6174758224958;-23.5955759 -46.6171751;-23.5954876 -46.6174751;34;4;4
150;Thu Mar 14 23:35:47 2019;-23.5955448934394,-46.617134202324;-23.5954838261225,-46.6174758224958;-23.5955759 -46.6171751;-23.5954876 -46.6174751;34;4;4
151;Thu Mar 14 23:36:48 2019;-23.5955448934394,-46.617134202324;-23.5954838261225,-46.6174758224958;-23.5955759 -46.6171751;-23.5954876 -46.6174751;34;4;4
152;Thu Mar 14 23:37:48 2019;-23.5955448934394,-46.617134202324;-23.5954838261225,-46.6174758224958;-23.5955759 -46.6171751;-23.5954876 -46.6174751;34;4;4
153;Thu Mar 14 23:38:48 2019;-23.5955448934394,-46.617134202324;-23.5954838261225,-46.6174758224958;-23.5955759 -46.6171751;-23.5954876 -46.6174751;34;4;4
154;Thu Mar 14 23:39:47 2019;-23.5955448934394,-46.617134202324;-23.5954838261225,-46.6174758224958;-23.5955759 -46.6171751;-23.5954876 -46.6174751;34;4;4
155;Thu Mar 14 23:40:48 2019;-23.5955448934394,-46.617134202324;-23.5954838261225,-46.6174758224958;-23.5955759 -46.6171751;-23.5954876 -46.6174751;34;4;4
156;Thu Mar 14 23:41:48 2019;-23.5955448934394,-46.617134202324;-23.5954838261225,-46.6174758224958;-23.5955759 -46.6171751;-23.5954876 -46.6174751;34;4;4
157;Thu Mar 14 23:42:48 2019;-23.5955448934394,-46.617134202324;-23.5954838261225,-46.6174758224958;-23.5955759 -46.6171751;-23.5954876 -46.6174751;34;4;4
158;Thu Mar 14 23:43:47 2019;-23.5955448934394,-46.617134202324;-23.5954838261225,-46.6174758224958;-23.5955759 -46.6171751;-23.5954876 -46.6174751;34;4;4
159;Thu Mar 14 23:44:48 2019;-23.5955448934394,-46.617134202324;-23.5954838261225,-46.6174758224958;-23.5955759 -46.6171751;-23.5954876 -46.6174751;34;4;4
160;Thu Mar 14 23:45:47 2019;-23.5955448934394,-46.617134202324;-23.5954838261225,-46.6174758224958;-23.5955759 -46.6171751;-23.5954876 -46.6174751;34;4;4
161;Thu Mar 14 23:46:49 2019;-23.5955448934394,-46.617134202324;-23.5954838261225,-46.6174758224958;-23.5955759 -46.6171751;-23.5954876 -46.6174751;34;4;4
162;Thu Mar 14 23:47:48 2019;-23.5955448934394,-46.617134202324;-23.5954838261225,-46.6174758224958;-23.5955759 -46.6171751;-23.5954876 -46.6174751;34;4;4
163;Thu Mar 14 23:48:47 2019;-23.5955448934394,-46.617134202324;-23.5954838261225,-46.6174758224958;-23.5955759 -46.6171751;-23.5954876 -46.6174751;34;4;4
164;Thu Mar 14 23:49:47 2019;-23.5955448934394,-46.617134202324;-23.5954838261225,-46.6174758224958;-23.5955759 -46.6171751;-23.5954876 -46.6174751;34;4;4
165;Thu Mar 14 23:50:48 2019;-23.5955448934394,-46.617134202324;-23.5954838261225,-46.6174758224958;-23.5955759 -46.6171751;-23.5954876 -46.6174751;34;4;4
166;Thu Mar 14 23:51:48 2019;-23.5955448934394,-46.617134202324;-23.5954838261225,-46.6174758224958;-23.5955759 -46.6171751;-23.5954876 -46.6174751;34;4;4
167;Thu Mar 14 23:52:48 2019;-23.5955448934394,-46.617134202324;-23.5954838261225,-46.6174758224958;-23.5955759 -46.6171751;-23.5954876 -46.6174751;34;4;4
168;Thu Mar 14 23:53:48 2019;-23.5955448934394,-46.617134202324;-23.5954838261225,-46.6174758224958;-23.5955759 -46.6171751;-23.5954876 -46.6174751;34;4;4
169;Thu Mar 14 23:54:47 2019;-23.5955448934394,-46.617134202324;-23.5954838261225,-46.6174758224958;-23.5955759 -46.6171751;-23.5954876 -46.6174751;34;4;4
170;Thu Mar 14 23:55:48 2019;-23.5955448934394,-46.617134202324;-23.5954838261225,-46.6174758224958;-23.5955759 -46.6171751;-23.5954876 -46.6174751;34;4;4
171;Thu Mar 14 23:56:48 2019;-23.5955448934394,-46.617134202324;-23.5954838261225,-46.6174758224958;-23.5955759 -46.6171751;-23.5954876 -46.6174751;34;4;4
172;Thu Mar 14 23:57:47 2019;-23.5955448934394,-46.617134202324;-23.5954838261225,-46.6174758224958;-23.5955759 -46.6171751;-23.5954876 -46.6174751;34;4;4
173;Thu Mar 14 23:58:48 2019;-23.5955448934394,-46.617134202324;-23.5954838261225,-46.6174758224958;-23.5955759 -46.6171751;-23.5954876 -46.6174751;34;4;4
174;Thu Mar 14 23:59:47 2019;-23.5955448934394,-46.617134202324;-23.5954838261225,-46.6174758224958;-23.5955759 -46.6171751;-23.5954876 -46.6174751;34;4;4
