38972;Thu Mar 14 00:00:34 2019;-23.6137285082604,-46.6103523570251;-23.6121143257974,-46.6106921074617;-23.6137299 -46.6103525;-23.6121163 -46.6107074;204;25;24
39213;Thu Mar 14 04:01:33 2019;-23.6137285082604,-46.6103523570251;-23.6121143257974,-46.6106921074617;-23.6137299 -46.6103525;-23.6121163 -46.6107074;204;25;24
39214;Thu Mar 14 04:02:33 2019;-23.6137285082604,-46.6103523570251;-23.6121143257974,-46.6106921074617;-23.6137299 -46.6103525;-23.6121163 -46.6107074;204;25;24
39215;Thu Mar 14 04:03:34 2019;-23.6137285082604,-46.6103523570251;-23.6121143257974,-46.6106921074617;-23.6137299 -46.6103525;-23.6121163 -46.6107074;204;25;24
39216;Thu Mar 14 04:04:34 2019;-23.6137285082604,-46.6103523570251;-23.6121143257974,-46.6106921074617;-23.6137299 -46.6103525;-23.6121163 -46.6107074;204;25;24
39217;Thu Mar 14 04:05:34 2019;-23.6137285082604,-46.6103523570251;-23.6121143257974,-46.6106921074617;-23.6137299 -46.6103525;-23.6121163 -46.6107074;204;25;24
39218;Thu Mar 14 04:06:34 2019;-23.6137285082604,-46.6103523570251;-23.6121143257974,-46.6106921074617;-23.6137299 -46.6103525;-23.6121163 -46.6107074;204;25;24
39219;Thu Mar 14 04:07:34 2019;-23.6137285082604,-46.6103523570251;-23.6121143257974,-46.6106921074617;-23.6137299 -46.6103525;-23.6121163 -46.6107074;204;25;23
39220;Thu Mar 14 04:08:34 2019;-23.6137285082604,-46.6103523570251;-23.6121143257974,-46.6106921074617;-23.6137299 -46.6103525;-23.6121163 -46.6107074;204;25;23
39221;Thu Mar 14 04:09:34 2019;-23.6137285082604,-46.6103523570251;-23.6121143257974,-46.6106921074617;-23.6137299 -46.6103525;-23.6121163 -46.6107074;204;25;23
1;Thu Mar 14 21:06:53 2019;-23.6137285082604,-46.6103523570251;-23.6121143257974,-46.6106921074617;-23.6137299 -46.6103525;-23.6121163 -46.6107074;204;25;33
2;Thu Mar 14 21:07:47 2019;-23.6137285082604,-46.6103523570251;-23.6121143257974,-46.6106921074617;-23.6137299 -46.6103525;-23.6121163 -46.6107074;204;25;31
3;Thu Mar 14 21:08:50 2019;-23.6137285082604,-46.6103523570251;-23.6121143257974,-46.6106921074617;-23.6137299 -46.6103525;-23.6121163 -46.6107074;204;25;31
4;Thu Mar 14 21:09:47 2019;-23.6137285082604,-46.6103523570251;-23.6121143257974,-46.6106921074617;-23.6137299 -46.6103525;-23.6121163 -46.6107074;204;25;31
5;Thu Mar 14 21:10:47 2019;-23.6137285082604,-46.6103523570251;-23.6121143257974,-46.6106921074617;-23.6137299 -46.6103525;-23.6121163 -46.6107074;204;25;31
6;Thu Mar 14 21:11:47 2019;-23.6137285082604,-46.6103523570251;-23.6121143257974,-46.6106921074617;-23.6137299 -46.6103525;-23.6121163 -46.6107074;204;25;31
7;Thu Mar 14 21:12:46 2019;-23.6137285082604,-46.6103523570251;-23.6121143257974,-46.6106921074617;-23.6137299 -46.6103525;-23.6121163 -46.6107074;204;25;31
8;Thu Mar 14 21:13:47 2019;-23.6137285082604,-46.6103523570251;-23.6121143257974,-46.6106921074617;-23.6137299 -46.6103525;-23.6121163 -46.6107074;204;25;31
9;Thu Mar 14 21:14:47 2019;-23.6137285082604,-46.6103523570251;-23.6121143257974,-46.6106921074617;-23.6137299 -46.6103525;-23.6121163 -46.6107074;204;25;31
10;Thu Mar 14 21:15:47 2019;-23.6137285082604,-46.6103523570251;-23.6121143257974,-46.6106921074617;-23.6137299 -46.6103525;-23.6121163 -46.6107074;204;25;31
11;Thu Mar 14 21:16:47 2019;-23.6137285082604,-46.6103523570251;-23.6121143257974,-46.6106921074617;-23.6137299 -46.6103525;-23.6121163 -46.6107074;204;25;31
12;Thu Mar 14 21:17:47 2019;-23.6137285082604,-46.6103523570251;-23.6121143257974,-46.6106921074617;-23.6137299 -46.6103525;-23.6121163 -46.6107074;204;25;31
13;Thu Mar 14 21:18:47 2019;-23.6137285082604,-46.6103523570251;-23.6121143257974,-46.6106921074617;-23.6137299 -46.6103525;-23.6121163 -46.6107074;204;25;31
14;Thu Mar 14 21:19:47 2019;-23.6137285082604,-46.6103523570251;-23.6121143257974,-46.6106921074617;-23.6137299 -46.6103525;-23.6121163 -46.6107074;204;25;31
15;Thu Mar 14 21:20:47 2019;-23.6137285082604,-46.6103523570251;-23.6121143257974,-46.6106921074617;-23.6137299 -46.6103525;-23.6121163 -46.6107074;204;25;31
16;Thu Mar 14 21:21:49 2019;-23.6137285082604,-46.6103523570251;-23.6121143257974,-46.6106921074617;-23.6137299 -46.6103525;-23.6121163 -46.6107074;204;25;31
17;Thu Mar 14 21:22:47 2019;-23.6137285082604,-46.6103523570251;-23.6121143257974,-46.6106921074617;-23.6137299 -46.6103525;-23.6121163 -46.6107074;204;25;34
18;Thu Mar 14 21:23:47 2019;-23.6137285082604,-46.6103523570251;-23.6121143257974,-46.6106921074617;-23.6137299 -46.6103525;-23.6121163 -46.6107074;204;25;34
19;Thu Mar 14 21:24:47 2019;-23.6137285082604,-46.6103523570251;-23.6121143257974,-46.6106921074617;-23.6137299 -46.6103525;-23.6121163 -46.6107074;204;25;34
20;Thu Mar 14 21:25:46 2019;-23.6137285082604,-46.6103523570251;-23.6121143257974,-46.6106921074617;-23.6137299 -46.6103525;-23.6121163 -46.6107074;204;25;34
21;Thu Mar 14 21:26:47 2019;-23.6137285082604,-46.6103523570251;-23.6121143257974,-46.6106921074617;-23.6137299 -46.6103525;-23.6121163 -46.6107074;204;25;34
22;Thu Mar 14 21:27:46 2019;-23.6137285082604,-46.6103523570251;-23.6121143257974,-46.6106921074617;-23.6137299 -46.6103525;-23.6121163 -46.6107074;204;25;34
23;Thu Mar 14 21:28:47 2019;-23.6137285082604,-46.6103523570251;-23.6121143257974,-46.6106921074617;-23.6137299 -46.6103525;-23.6121163 -46.6107074;204;25;34
24;Thu Mar 14 21:29:47 2019;-23.6137285082604,-46.6103523570251;-23.6121143257974,-46.6106921074617;-23.6137299 -46.6103525;-23.6121163 -46.6107074;204;25;34
25;Thu Mar 14 21:30:47 2019;-23.6137285082604,-46.6103523570251;-23.6121143257974,-46.6106921074617;-23.6137299 -46.6103525;-23.6121163 -46.6107074;204;25;34
26;Thu Mar 14 21:31:47 2019;-23.6137285082604,-46.6103523570251;-23.6121143257974,-46.6106921074617;-23.6137299 -46.6103525;-23.6121163 -46.6107074;204;25;34
27;Thu Mar 14 21:32:47 2019;-23.6137285082604,-46.6103523570251;-23.6121143257974,-46.6106921074617;-23.6137299 -46.6103525;-23.6121163 -46.6107074;204;25;34
28;Thu Mar 14 21:33:47 2019;-23.6137285082604,-46.6103523570251;-23.6121143257974,-46.6106921074617;-23.6137299 -46.6103525;-23.6121163 -46.6107074;204;25;34
29;Thu Mar 14 21:34:47 2019;-23.6137285082604,-46.6103523570251;-23.6121143257974,-46.6106921074617;-23.6137299 -46.6103525;-23.6121163 -46.6107074;204;25;34
30;Thu Mar 14 21:35:47 2019;-23.6137285082604,-46.6103523570251;-23.6121143257974,-46.6106921074617;-23.6137299 -46.6103525;-23.6121163 -46.6107074;204;25;34
31;Thu Mar 14 21:36:47 2019;-23.6137285082604,-46.6103523570251;-23.6121143257974,-46.6106921074617;-23.6137299 -46.6103525;-23.6121163 -46.6107074;204;25;34
32;Thu Mar 14 21:37:46 2019;-23.6137285082604,-46.6103523570251;-23.6121143257974,-46.6106921074617;-23.6137299 -46.6103525;-23.6121163 -46.6107074;204;25;27
33;Thu Mar 14 21:38:47 2019;-23.6137285082604,-46.6103523570251;-23.6121143257974,-46.6106921074617;-23.6137299 -46.6103525;-23.6121163 -46.6107074;204;25;27
34;Thu Mar 14 21:39:47 2019;-23.6137285082604,-46.6103523570251;-23.6121143257974,-46.6106921074617;-23.6137299 -46.6103525;-23.6121163 -46.6107074;204;25;27
35;Thu Mar 14 21:40:47 2019;-23.6137285082604,-46.6103523570251;-23.6121143257974,-46.6106921074617;-23.6137299 -46.6103525;-23.6121163 -46.6107074;204;25;27
36;Thu Mar 14 21:41:46 2019;-23.6137285082604,-46.6103523570251;-23.6121143257974,-46.6106921074617;-23.6137299 -46.6103525;-23.6121163 -46.6107074;204;25;27
37;Thu Mar 14 21:42:47 2019;-23.6137285082604,-46.6103523570251;-23.6121143257974,-46.6106921074617;-23.6137299 -46.6103525;-23.6121163 -46.6107074;204;25;27
38;Thu Mar 14 21:43:46 2019;-23.6137285082604,-46.6103523570251;-23.6121143257974,-46.6106921074617;-23.6137299 -46.6103525;-23.6121163 -46.6107074;204;25;27
39;Thu Mar 14 21:44:47 2019;-23.6137285082604,-46.6103523570251;-23.6121143257974,-46.6106921074617;-23.6137299 -46.6103525;-23.6121163 -46.6107074;204;25;27
40;Thu Mar 14 21:45:47 2019;-23.6137285082604,-46.6103523570251;-23.6121143257974,-46.6106921074617;-23.6137299 -46.6103525;-23.6121163 -46.6107074;204;25;27
41;Thu Mar 14 21:46:47 2019;-23.6137285082604,-46.6103523570251;-23.6121143257974,-46.6106921074617;-23.6137299 -46.6103525;-23.6121163 -46.6107074;204;25;27
42;Thu Mar 14 21:47:47 2019;-23.6137285082604,-46.6103523570251;-23.6121143257974,-46.6106921074617;-23.6137299 -46.6103525;-23.6121163 -46.6107074;204;25;27
43;Thu Mar 14 21:48:47 2019;-23.6137285082604,-46.6103523570251;-23.6121143257974,-46.6106921074617;-23.6137299 -46.6103525;-23.6121163 -46.6107074;204;25;27
44;Thu Mar 14 21:49:47 2019;-23.6137285082604,-46.6103523570251;-23.6121143257974,-46.6106921074617;-23.6137299 -46.6103525;-23.6121163 -46.6107074;204;25;27
45;Thu Mar 14 21:50:47 2019;-23.6137285082604,-46.6103523570251;-23.6121143257974,-46.6106921074617;-23.6137299 -46.6103525;-23.6121163 -46.6107074;204;25;27
46;Thu Mar 14 21:51:46 2019;-23.6137285082604,-46.6103523570251;-23.6121143257974,-46.6106921074617;-23.6137299 -46.6103525;-23.6121163 -46.6107074;204;25;27
47;Thu Mar 14 21:52:47 2019;-23.6137285082604,-46.6103523570251;-23.6121143257974,-46.6106921074617;-23.6137299 -46.6103525;-23.6121163 -46.6107074;204;25;34
48;Thu Mar 14 21:53:47 2019;-23.6137285082604,-46.6103523570251;-23.6121143257974,-46.6106921074617;-23.6137299 -46.6103525;-23.6121163 -46.6107074;204;25;34
49;Thu Mar 14 21:54:47 2019;-23.6137285082604,-46.6103523570251;-23.6121143257974,-46.6106921074617;-23.6137299 -46.6103525;-23.6121163 -46.6107074;204;25;34
50;Thu Mar 14 21:55:47 2019;-23.6137285082604,-46.6103523570251;-23.6121143257974,-46.6106921074617;-23.6137299 -46.6103525;-23.6121163 -46.6107074;204;25;34
51;Thu Mar 14 21:56:47 2019;-23.6137285082604,-46.6103523570251;-23.6121143257974,-46.6106921074617;-23.6137299 -46.6103525;-23.6121163 -46.6107074;204;25;34
52;Thu Mar 14 21:57:46 2019;-23.6137285082604,-46.6103523570251;-23.6121143257974,-46.6106921074617;-23.6137299 -46.6103525;-23.6121163 -46.6107074;204;25;34
53;Thu Mar 14 21:58:47 2019;-23.6137285082604,-46.6103523570251;-23.6121143257974,-46.6106921074617;-23.6137299 -46.6103525;-23.6121163 -46.6107074;204;25;34
54;Thu Mar 14 21:59:47 2019;-23.6137285082604,-46.6103523570251;-23.6121143257974,-46.6106921074617;-23.6137299 -46.6103525;-23.6121163 -46.6107074;204;25;34
55;Thu Mar 14 22:00:47 2019;-23.6137285082604,-46.6103523570251;-23.6121143257974,-46.6106921074617;-23.6137299 -46.6103525;-23.6121163 -46.6107074;204;25;34
56;Thu Mar 14 22:01:47 2019;-23.6137285082604,-46.6103523570251;-23.6121143257974,-46.6106921074617;-23.6137299 -46.6103525;-23.6121163 -46.6107074;204;25;34
57;Thu Mar 14 22:02:46 2019;-23.6137285082604,-46.6103523570251;-23.6121143257974,-46.6106921074617;-23.6137299 -46.6103525;-23.6121163 -46.6107074;204;25;34
58;Thu Mar 14 22:03:47 2019;-23.6137285082604,-46.6103523570251;-23.6121143257974,-46.6106921074617;-23.6137299 -46.6103525;-23.6121163 -46.6107074;204;25;34
59;Thu Mar 14 22:04:47 2019;-23.6137285082604,-46.6103523570251;-23.6121143257974,-46.6106921074617;-23.6137299 -46.6103525;-23.6121163 -46.6107074;204;25;34
60;Thu Mar 14 22:05:47 2019;-23.6137285082604,-46.6103523570251;-23.6121143257974,-46.6106921074617;-23.6137299 -46.6103525;-23.6121163 -46.6107074;204;25;34
61;Thu Mar 14 22:06:48 2019;-23.6137285082604,-46.6103523570251;-23.6121143257974,-46.6106921074617;-23.6137299 -46.6103525;-23.6121163 -46.6107074;204;25;34
62;Thu Mar 14 22:07:47 2019;-23.6137285082604,-46.6103523570251;-23.6121143257974,-46.6106921074617;-23.6137299 -46.6103525;-23.6121163 -46.6107074;204;25;28
63;Thu Mar 14 22:08:47 2019;-23.6137285082604,-46.6103523570251;-23.6121143257974,-46.6106921074617;-23.6137299 -46.6103525;-23.6121163 -46.6107074;204;25;28
64;Thu Mar 14 22:09:46 2019;-23.6137285082604,-46.6103523570251;-23.6121143257974,-46.6106921074617;-23.6137299 -46.6103525;-23.6121163 -46.6107074;204;25;28
65;Thu Mar 14 22:10:47 2019;-23.6137285082604,-46.6103523570251;-23.6121143257974,-46.6106921074617;-23.6137299 -46.6103525;-23.6121163 -46.6107074;204;25;28
66;Thu Mar 14 22:11:47 2019;-23.6137285082604,-46.6103523570251;-23.6121143257974,-46.6106921074617;-23.6137299 -46.6103525;-23.6121163 -46.6107074;204;25;28
67;Thu Mar 14 22:12:46 2019;-23.6137285082604,-46.6103523570251;-23.6121143257974,-46.6106921074617;-23.6137299 -46.6103525;-23.6121163 -46.6107074;204;25;28
68;Thu Mar 14 22:13:46 2019;-23.6137285082604,-46.6103523570251;-23.6121143257974,-46.6106921074617;-23.6137299 -46.6103525;-23.6121163 -46.6107074;204;25;28
69;Thu Mar 14 22:14:46 2019;-23.6137285082604,-46.6103523570251;-23.6121143257974,-46.6106921074617;-23.6137299 -46.6103525;-23.6121163 -46.6107074;204;25;28
70;Thu Mar 14 22:15:47 2019;-23.6137285082604,-46.6103523570251;-23.6121143257974,-46.6106921074617;-23.6137299 -46.6103525;-23.6121163 -46.6107074;204;25;28
71;Thu Mar 14 22:16:47 2019;-23.6137285082604,-46.6103523570251;-23.6121143257974,-46.6106921074617;-23.6137299 -46.6103525;-23.6121163 -46.6107074;204;25;28
72;Thu Mar 14 22:17:47 2019;-23.6137285082604,-46.6103523570251;-23.6121143257974,-46.6106921074617;-23.6137299 -46.6103525;-23.6121163 -46.6107074;204;25;28
73;Thu Mar 14 22:18:47 2019;-23.6137285082604,-46.6103523570251;-23.6121143257974,-46.6106921074617;-23.6137299 -46.6103525;-23.6121163 -46.6107074;204;25;28
74;Thu Mar 14 22:19:47 2019;-23.6137285082604,-46.6103523570251;-23.6121143257974,-46.6106921074617;-23.6137299 -46.6103525;-23.6121163 -46.6107074;204;25;28
75;Thu Mar 14 22:20:47 2019;-23.6137285082604,-46.6103523570251;-23.6121143257974,-46.6106921074617;-23.6137299 -46.6103525;-23.6121163 -46.6107074;204;25;28
76;Thu Mar 14 22:21:47 2019;-23.6137285082604,-46.6103523570251;-23.6121143257974,-46.6106921074617;-23.6137299 -46.6103525;-23.6121163 -46.6107074;204;25;28
77;Thu Mar 14 22:22:46 2019;-23.6137285082604,-46.6103523570251;-23.6121143257974,-46.6106921074617;-23.6137299 -46.6103525;-23.6121163 -46.6107074;204;25;32
78;Thu Mar 14 22:23:47 2019;-23.6137285082604,-46.6103523570251;-23.6121143257974,-46.6106921074617;-23.6137299 -46.6103525;-23.6121163 -46.6107074;204;25;32
79;Thu Mar 14 22:24:47 2019;-23.6137285082604,-46.6103523570251;-23.6121143257974,-46.6106921074617;-23.6137299 -46.6103525;-23.6121163 -46.6107074;204;25;32
80;Thu Mar 14 22:25:47 2019;-23.6137285082604,-46.6103523570251;-23.6121143257974,-46.6106921074617;-23.6137299 -46.6103525;-23.6121163 -46.6107074;204;25;32
81;Thu Mar 14 22:26:47 2019;-23.6137285082604,-46.6103523570251;-23.6121143257974,-46.6106921074617;-23.6137299 -46.6103525;-23.6121163 -46.6107074;204;25;32
82;Thu Mar 14 22:27:47 2019;-23.6137285082604,-46.6103523570251;-23.6121143257974,-46.6106921074617;-23.6137299 -46.6103525;-23.6121163 -46.6107074;204;25;32
83;Thu Mar 14 22:28:47 2019;-23.6137285082604,-46.6103523570251;-23.6121143257974,-46.6106921074617;-23.6137299 -46.6103525;-23.6121163 -46.6107074;204;25;32
84;Thu Mar 14 22:29:47 2019;-23.6137285082604,-46.6103523570251;-23.6121143257974,-46.6106921074617;-23.6137299 -46.6103525;-23.6121163 -46.6107074;204;25;32
85;Thu Mar 14 22:30:47 2019;-23.6137285082604,-46.6103523570251;-23.6121143257974,-46.6106921074617;-23.6137299 -46.6103525;-23.6121163 -46.6107074;204;25;32
86;Thu Mar 14 22:31:46 2019;-23.6137285082604,-46.6103523570251;-23.6121143257974,-46.6106921074617;-23.6137299 -46.6103525;-23.6121163 -46.6107074;204;25;32
87;Thu Mar 14 22:32:47 2019;-23.6137285082604,-46.6103523570251;-23.6121143257974,-46.6106921074617;-23.6137299 -46.6103525;-23.6121163 -46.6107074;204;25;32
88;Thu Mar 14 22:33:47 2019;-23.6137285082604,-46.6103523570251;-23.6121143257974,-46.6106921074617;-23.6137299 -46.6103525;-23.6121163 -46.6107074;204;25;32
89;Thu Mar 14 22:34:46 2019;-23.6137285082604,-46.6103523570251;-23.6121143257974,-46.6106921074617;-23.6137299 -46.6103525;-23.6121163 -46.6107074;204;25;32
90;Thu Mar 14 22:35:47 2019;-23.6137285082604,-46.6103523570251;-23.6121143257974,-46.6106921074617;-23.6137299 -46.6103525;-23.6121163 -46.6107074;204;25;32
91;Thu Mar 14 22:36:47 2019;-23.6137285082604,-46.6103523570251;-23.6121143257974,-46.6106921074617;-23.6137299 -46.6103525;-23.6121163 -46.6107074;204;25;32
92;Thu Mar 14 22:37:47 2019;-23.6137285082604,-46.6103523570251;-23.6121143257974,-46.6106921074617;-23.6137299 -46.6103525;-23.6121163 -46.6107074;204;25;28
93;Thu Mar 14 22:38:48 2019;-23.6137285082604,-46.6103523570251;-23.6121143257974,-46.6106921074617;-23.6137299 -46.6103525;-23.6121163 -46.6107074;204;25;28
94;Thu Mar 14 22:39:47 2019;-23.6137285082604,-46.6103523570251;-23.6121143257974,-46.6106921074617;-23.6137299 -46.6103525;-23.6121163 -46.6107074;204;25;28
95;Thu Mar 14 22:40:47 2019;-23.6137285082604,-46.6103523570251;-23.6121143257974,-46.6106921074617;-23.6137299 -46.6103525;-23.6121163 -46.6107074;204;25;28
96;Thu Mar 14 22:41:46 2019;-23.6137285082604,-46.6103523570251;-23.6121143257974,-46.6106921074617;-23.6137299 -46.6103525;-23.6121163 -46.6107074;204;25;28
97;Thu Mar 14 22:42:47 2019;-23.6137285082604,-46.6103523570251;-23.6121143257974,-46.6106921074617;-23.6137299 -46.6103525;-23.6121163 -46.6107074;204;25;28
98;Thu Mar 14 22:43:47 2019;-23.6137285082604,-46.6103523570251;-23.6121143257974,-46.6106921074617;-23.6137299 -46.6103525;-23.6121163 -46.6107074;204;25;28
99;Thu Mar 14 22:44:47 2019;-23.6137285082604,-46.6103523570251;-23.6121143257974,-46.6106921074617;-23.6137299 -46.6103525;-23.6121163 -46.6107074;204;25;28
100;Thu Mar 14 22:45:47 2019;-23.6137285082604,-46.6103523570251;-23.6121143257974,-46.6106921074617;-23.6137299 -46.6103525;-23.6121163 -46.6107074;204;25;28
101;Thu Mar 14 22:46:48 2019;-23.6137285082604,-46.6103523570251;-23.6121143257974,-46.6106921074617;-23.6137299 -46.6103525;-23.6121163 -46.6107074;204;25;28
102;Thu Mar 14 22:47:47 2019;-23.6137285082604,-46.6103523570251;-23.6121143257974,-46.6106921074617;-23.6137299 -46.6103525;-23.6121163 -46.6107074;204;25;28
103;Thu Mar 14 22:48:47 2019;-23.6137285082604,-46.6103523570251;-23.6121143257974,-46.6106921074617;-23.6137299 -46.6103525;-23.6121163 -46.6107074;204;25;28
104;Thu Mar 14 22:49:47 2019;-23.6137285082604,-46.6103523570251;-23.6121143257974,-46.6106921074617;-23.6137299 -46.6103525;-23.6121163 -46.6107074;204;25;28
105;Thu Mar 14 22:50:47 2019;-23.6137285082604,-46.6103523570251;-23.6121143257974,-46.6106921074617;-23.6137299 -46.6103525;-23.6121163 -46.6107074;204;25;28
106;Thu Mar 14 22:51:47 2019;-23.6137285082604,-46.6103523570251;-23.6121143257974,-46.6106921074617;-23.6137299 -46.6103525;-23.6121163 -46.6107074;204;25;28
107;Thu Mar 14 22:52:46 2019;-23.6137285082604,-46.6103523570251;-23.6121143257974,-46.6106921074617;-23.6137299 -46.6103525;-23.6121163 -46.6107074;204;25;28
108;Thu Mar 14 22:53:47 2019;-23.6137285082604,-46.6103523570251;-23.6121143257974,-46.6106921074617;-23.6137299 -46.6103525;-23.6121163 -46.6107074;204;25;28
109;Thu Mar 14 22:54:47 2019;-23.6137285082604,-46.6103523570251;-23.6121143257974,-46.6106921074617;-23.6137299 -46.6103525;-23.6121163 -46.6107074;204;25;28
110;Thu Mar 14 22:55:47 2019;-23.6137285082604,-46.6103523570251;-23.6121143257974,-46.6106921074617;-23.6137299 -46.6103525;-23.6121163 -46.6107074;204;25;28
111;Thu Mar 14 22:56:48 2019;-23.6137285082604,-46.6103523570251;-23.6121143257974,-46.6106921074617;-23.6137299 -46.6103525;-23.6121163 -46.6107074;204;25;28
112;Thu Mar 14 22:57:47 2019;-23.6137285082604,-46.6103523570251;-23.6121143257974,-46.6106921074617;-23.6137299 -46.6103525;-23.6121163 -46.6107074;204;25;28
113;Thu Mar 14 22:58:47 2019;-23.6137285082604,-46.6103523570251;-23.6121143257974,-46.6106921074617;-23.6137299 -46.6103525;-23.6121163 -46.6107074;204;25;28
114;Thu Mar 14 22:59:47 2019;-23.6137285082604,-46.6103523570251;-23.6121143257974,-46.6106921074617;-23.6137299 -46.6103525;-23.6121163 -46.6107074;204;25;28
115;Thu Mar 14 23:00:47 2019;-23.6137285082604,-46.6103523570251;-23.6121143257974,-46.6106921074617;-23.6137299 -46.6103525;-23.6121163 -46.6107074;204;25;28
116;Thu Mar 14 23:01:46 2019;-23.6137285082604,-46.6103523570251;-23.6121143257974,-46.6106921074617;-23.6137299 -46.6103525;-23.6121163 -46.6107074;204;25;28
117;Thu Mar 14 23:02:46 2019;-23.6137285082604,-46.6103523570251;-23.6121143257974,-46.6106921074617;-23.6137299 -46.6103525;-23.6121163 -46.6107074;204;25;28
118;Thu Mar 14 23:03:47 2019;-23.6137285082604,-46.6103523570251;-23.6121143257974,-46.6106921074617;-23.6137299 -46.6103525;-23.6121163 -46.6107074;204;25;28
119;Thu Mar 14 23:04:47 2019;-23.6137285082604,-46.6103523570251;-23.6121143257974,-46.6106921074617;-23.6137299 -46.6103525;-23.6121163 -46.6107074;204;25;28
120;Thu Mar 14 23:05:46 2019;-23.6137285082604,-46.6103523570251;-23.6121143257974,-46.6106921074617;-23.6137299 -46.6103525;-23.6121163 -46.6107074;204;25;28
121;Thu Mar 14 23:06:47 2019;-23.6137285082604,-46.6103523570251;-23.6121143257974,-46.6106921074617;-23.6137299 -46.6103525;-23.6121163 -46.6107074;204;25;28
122;Thu Mar 14 23:07:47 2019;-23.6137285082604,-46.6103523570251;-23.6121143257974,-46.6106921074617;-23.6137299 -46.6103525;-23.6121163 -46.6107074;204;25;24
123;Thu Mar 14 23:08:47 2019;-23.6137285082604,-46.6103523570251;-23.6121143257974,-46.6106921074617;-23.6137299 -46.6103525;-23.6121163 -46.6107074;204;25;24
124;Thu Mar 14 23:09:47 2019;-23.6137285082604,-46.6103523570251;-23.6121143257974,-46.6106921074617;-23.6137299 -46.6103525;-23.6121163 -46.6107074;204;25;24
125;Thu Mar 14 23:10:46 2019;-23.6137285082604,-46.6103523570251;-23.6121143257974,-46.6106921074617;-23.6137299 -46.6103525;-23.6121163 -46.6107074;204;25;24
126;Thu Mar 14 23:11:47 2019;-23.6137285082604,-46.6103523570251;-23.6121143257974,-46.6106921074617;-23.6137299 -46.6103525;-23.6121163 -46.6107074;204;25;24
127;Thu Mar 14 23:12:47 2019;-23.6137285082604,-46.6103523570251;-23.6121143257974,-46.6106921074617;-23.6137299 -46.6103525;-23.6121163 -46.6107074;204;25;24
128;Thu Mar 14 23:13:46 2019;-23.6137285082604,-46.6103523570251;-23.6121143257974,-46.6106921074617;-23.6137299 -46.6103525;-23.6121163 -46.6107074;204;25;24
129;Thu Mar 14 23:14:47 2019;-23.6137285082604,-46.6103523570251;-23.6121143257974,-46.6106921074617;-23.6137299 -46.6103525;-23.6121163 -46.6107074;204;25;24
130;Thu Mar 14 23:15:47 2019;-23.6137285082604,-46.6103523570251;-23.6121143257974,-46.6106921074617;-23.6137299 -46.6103525;-23.6121163 -46.6107074;204;25;24
131;Thu Mar 14 23:16:47 2019;-23.6137285082604,-46.6103523570251;-23.6121143257974,-46.6106921074617;-23.6137299 -46.6103525;-23.6121163 -46.6107074;204;25;24
132;Thu Mar 14 23:17:47 2019;-23.6137285082604,-46.6103523570251;-23.6121143257974,-46.6106921074617;-23.6137299 -46.6103525;-23.6121163 -46.6107074;204;25;24
133;Thu Mar 14 23:18:46 2019;-23.6137285082604,-46.6103523570251;-23.6121143257974,-46.6106921074617;-23.6137299 -46.6103525;-23.6121163 -46.6107074;204;25;24
134;Thu Mar 14 23:19:46 2019;-23.6137285082604,-46.6103523570251;-23.6121143257974,-46.6106921074617;-23.6137299 -46.6103525;-23.6121163 -46.6107074;204;25;24
135;Thu Mar 14 23:20:46 2019;-23.6137285082604,-46.6103523570251;-23.6121143257974,-46.6106921074617;-23.6137299 -46.6103525;-23.6121163 -46.6107074;204;25;24
136;Thu Mar 14 23:21:47 2019;-23.6137285082604,-46.6103523570251;-23.6121143257974,-46.6106921074617;-23.6137299 -46.6103525;-23.6121163 -46.6107074;204;25;24
137;Thu Mar 14 23:22:47 2019;-23.6137285082604,-46.6103523570251;-23.6121143257974,-46.6106921074617;-23.6137299 -46.6103525;-23.6121163 -46.6107074;204;25;26
138;Thu Mar 14 23:23:47 2019;-23.6137285082604,-46.6103523570251;-23.6121143257974,-46.6106921074617;-23.6137299 -46.6103525;-23.6121163 -46.6107074;204;25;26
139;Thu Mar 14 23:24:47 2019;-23.6137285082604,-46.6103523570251;-23.6121143257974,-46.6106921074617;-23.6137299 -46.6103525;-23.6121163 -46.6107074;204;25;26
140;Thu Mar 14 23:25:46 2019;-23.6137285082604,-46.6103523570251;-23.6121143257974,-46.6106921074617;-23.6137299 -46.6103525;-23.6121163 -46.6107074;204;25;26
141;Thu Mar 14 23:26:48 2019;-23.6137285082604,-46.6103523570251;-23.6121143257974,-46.6106921074617;-23.6137299 -46.6103525;-23.6121163 -46.6107074;204;25;26
142;Thu Mar 14 23:27:46 2019;-23.6137285082604,-46.6103523570251;-23.6121143257974,-46.6106921074617;-23.6137299 -46.6103525;-23.6121163 -46.6107074;204;25;26
143;Thu Mar 14 23:28:47 2019;-23.6137285082604,-46.6103523570251;-23.6121143257974,-46.6106921074617;-23.6137299 -46.6103525;-23.6121163 -46.6107074;204;25;26
144;Thu Mar 14 23:29:47 2019;-23.6137285082604,-46.6103523570251;-23.6121143257974,-46.6106921074617;-23.6137299 -46.6103525;-23.6121163 -46.6107074;204;25;26
145;Thu Mar 14 23:30:47 2019;-23.6137285082604,-46.6103523570251;-23.6121143257974,-46.6106921074617;-23.6137299 -46.6103525;-23.6121163 -46.6107074;204;25;26
146;Thu Mar 14 23:31:47 2019;-23.6137285082604,-46.6103523570251;-23.6121143257974,-46.6106921074617;-23.6137299 -46.6103525;-23.6121163 -46.6107074;204;25;26
147;Thu Mar 14 23:32:47 2019;-23.6137285082604,-46.6103523570251;-23.6121143257974,-46.6106921074617;-23.6137299 -46.6103525;-23.6121163 -46.6107074;204;25;26
148;Thu Mar 14 23:33:47 2019;-23.6137285082604,-46.6103523570251;-23.6121143257974,-46.6106921074617;-23.6137299 -46.6103525;-23.6121163 -46.6107074;204;25;26
149;Thu Mar 14 23:34:47 2019;-23.6137285082604,-46.6103523570251;-23.6121143257974,-46.6106921074617;-23.6137299 -46.6103525;-23.6121163 -46.6107074;204;25;26
150;Thu Mar 14 23:35:47 2019;-23.6137285082604,-46.6103523570251;-23.6121143257974,-46.6106921074617;-23.6137299 -46.6103525;-23.6121163 -46.6107074;204;25;26
151;Thu Mar 14 23:36:47 2019;-23.6137285082604,-46.6103523570251;-23.6121143257974,-46.6106921074617;-23.6137299 -46.6103525;-23.6121163 -46.6107074;204;25;26
152;Thu Mar 14 23:37:47 2019;-23.6137285082604,-46.6103523570251;-23.6121143257974,-46.6106921074617;-23.6137299 -46.6103525;-23.6121163 -46.6107074;204;25;25
153;Thu Mar 14 23:38:47 2019;-23.6137285082604,-46.6103523570251;-23.6121143257974,-46.6106921074617;-23.6137299 -46.6103525;-23.6121163 -46.6107074;204;25;25
154;Thu Mar 14 23:39:47 2019;-23.6137285082604,-46.6103523570251;-23.6121143257974,-46.6106921074617;-23.6137299 -46.6103525;-23.6121163 -46.6107074;204;25;25
155;Thu Mar 14 23:40:47 2019;-23.6137285082604,-46.6103523570251;-23.6121143257974,-46.6106921074617;-23.6137299 -46.6103525;-23.6121163 -46.6107074;204;25;25
156;Thu Mar 14 23:41:47 2019;-23.6137285082604,-46.6103523570251;-23.6121143257974,-46.6106921074617;-23.6137299 -46.6103525;-23.6121163 -46.6107074;204;25;25
157;Thu Mar 14 23:42:47 2019;-23.6137285082604,-46.6103523570251;-23.6121143257974,-46.6106921074617;-23.6137299 -46.6103525;-23.6121163 -46.6107074;204;25;25
158;Thu Mar 14 23:43:46 2019;-23.6137285082604,-46.6103523570251;-23.6121143257974,-46.6106921074617;-23.6137299 -46.6103525;-23.6121163 -46.6107074;204;25;25
159;Thu Mar 14 23:44:47 2019;-23.6137285082604,-46.6103523570251;-23.6121143257974,-46.6106921074617;-23.6137299 -46.6103525;-23.6121163 -46.6107074;204;25;25
160;Thu Mar 14 23:45:46 2019;-23.6137285082604,-46.6103523570251;-23.6121143257974,-46.6106921074617;-23.6137299 -46.6103525;-23.6121163 -46.6107074;204;25;25
161;Thu Mar 14 23:46:48 2019;-23.6137285082604,-46.6103523570251;-23.6121143257974,-46.6106921074617;-23.6137299 -46.6103525;-23.6121163 -46.6107074;204;25;25
162;Thu Mar 14 23:47:47 2019;-23.6137285082604,-46.6103523570251;-23.6121143257974,-46.6106921074617;-23.6137299 -46.6103525;-23.6121163 -46.6107074;204;25;25
163;Thu Mar 14 23:48:47 2019;-23.6137285082604,-46.6103523570251;-23.6121143257974,-46.6106921074617;-23.6137299 -46.6103525;-23.6121163 -46.6107074;204;25;25
164;Thu Mar 14 23:49:46 2019;-23.6137285082604,-46.6103523570251;-23.6121143257974,-46.6106921074617;-23.6137299 -46.6103525;-23.6121163 -46.6107074;204;25;25
165;Thu Mar 14 23:50:47 2019;-23.6137285082604,-46.6103523570251;-23.6121143257974,-46.6106921074617;-23.6137299 -46.6103525;-23.6121163 -46.6107074;204;25;25
166;Thu Mar 14 23:51:47 2019;-23.6137285082604,-46.6103523570251;-23.6121143257974,-46.6106921074617;-23.6137299 -46.6103525;-23.6121163 -46.6107074;204;25;25
167;Thu Mar 14 23:52:47 2019;-23.6137285082604,-46.6103523570251;-23.6121143257974,-46.6106921074617;-23.6137299 -46.6103525;-23.6121163 -46.6107074;204;25;24
168;Thu Mar 14 23:53:47 2019;-23.6137285082604,-46.6103523570251;-23.6121143257974,-46.6106921074617;-23.6137299 -46.6103525;-23.6121163 -46.6107074;204;25;24
169;Thu Mar 14 23:54:46 2019;-23.6137285082604,-46.6103523570251;-23.6121143257974,-46.6106921074617;-23.6137299 -46.6103525;-23.6121163 -46.6107074;204;25;24
170;Thu Mar 14 23:55:47 2019;-23.6137285082604,-46.6103523570251;-23.6121143257974,-46.6106921074617;-23.6137299 -46.6103525;-23.6121163 -46.6107074;204;25;24
171;Thu Mar 14 23:56:47 2019;-23.6137285082604,-46.6103523570251;-23.6121143257974,-46.6106921074617;-23.6137299 -46.6103525;-23.6121163 -46.6107074;204;25;24
172;Thu Mar 14 23:57:47 2019;-23.6137285082604,-46.6103523570251;-23.6121143257974,-46.6106921074617;-23.6137299 -46.6103525;-23.6121163 -46.6107074;204;25;24
173;Thu Mar 14 23:58:47 2019;-23.6137285082604,-46.6103523570251;-23.6121143257974,-46.6106921074617;-23.6137299 -46.6103525;-23.6121163 -46.6107074;204;25;24
174;Thu Mar 14 23:59:47 2019;-23.6137285082604,-46.6103523570251;-23.6121143257974,-46.6106921074617;-23.6137299 -46.6103525;-23.6121163 -46.6107074;204;25;24
