38972;Thu Mar 14 00:00:34 2019;-23.5954838261225,-46.6174758224958;-23.5942830576835,-46.6197471042453;-23.5954876 -46.6174751;-23.5942939 -46.6197596;281;47;44
39213;Thu Mar 14 04:01:34 2019;-23.5954838261225,-46.6174758224958;-23.5942830576835,-46.6197471042453;-23.5954876 -46.6174751;-23.5942939 -46.6197596;281;47;34
39214;Thu Mar 14 04:02:34 2019;-23.5954838261225,-46.6174758224958;-23.5942830576835,-46.6197471042453;-23.5954876 -46.6174751;-23.5942939 -46.6197596;281;47;34
39215;Thu Mar 14 04:03:35 2019;-23.5954838261225,-46.6174758224958;-23.5942830576835,-46.6197471042453;-23.5954876 -46.6174751;-23.5942939 -46.6197596;281;47;34
39216;Thu Mar 14 04:04:34 2019;-23.5954838261225,-46.6174758224958;-23.5942830576835,-46.6197471042453;-23.5954876 -46.6174751;-23.5942939 -46.6197596;281;47;34
39217;Thu Mar 14 04:05:34 2019;-23.5954838261225,-46.6174758224958;-23.5942830576835,-46.6197471042453;-23.5954876 -46.6174751;-23.5942939 -46.6197596;281;47;34
39218;Thu Mar 14 04:06:34 2019;-23.5954838261225,-46.6174758224958;-23.5942830576835,-46.6197471042453;-23.5954876 -46.6174751;-23.5942939 -46.6197596;281;47;34
39219;Thu Mar 14 04:07:34 2019;-23.5954838261225,-46.6174758224958;-23.5942830576835,-46.6197471042453;-23.5954876 -46.6174751;-23.5942939 -46.6197596;281;47;35
39220;Thu Mar 14 04:08:35 2019;-23.5954838261225,-46.6174758224958;-23.5942830576835,-46.6197471042453;-23.5954876 -46.6174751;-23.5942939 -46.6197596;281;47;35
39221;Thu Mar 14 04:09:34 2019;-23.5954838261225,-46.6174758224958;-23.5942830576835,-46.6197471042453;-23.5954876 -46.6174751;-23.5942939 -46.6197596;281;47;35
1;Thu Mar 14 21:06:55 2019;-23.5954838261225,-46.6174758224958;-23.5942830576835,-46.6197471042453;-23.5954876 -46.6174751;-23.5942939 -46.6197596;281;47;74
2;Thu Mar 14 21:07:48 2019;-23.5954838261225,-46.6174758224958;-23.5942830576835,-46.6197471042453;-23.5954876 -46.6174751;-23.5942939 -46.6197596;281;47;74
3;Thu Mar 14 21:08:51 2019;-23.5954838261225,-46.6174758224958;-23.5942830576835,-46.6197471042453;-23.5954876 -46.6174751;-23.5942939 -46.6197596;281;47;74
4;Thu Mar 14 21:09:48 2019;-23.5954838261225,-46.6174758224958;-23.5942830576835,-46.6197471042453;-23.5954876 -46.6174751;-23.5942939 -46.6197596;281;47;74
5;Thu Mar 14 21:10:48 2019;-23.5954838261225,-46.6174758224958;-23.5942830576835,-46.6197471042453;-23.5954876 -46.6174751;-23.5942939 -46.6197596;281;47;74
6;Thu Mar 14 21:11:48 2019;-23.5954838261225,-46.6174758224958;-23.5942830576835,-46.6197471042453;-23.5954876 -46.6174751;-23.5942939 -46.6197596;281;47;74
7;Thu Mar 14 21:12:47 2019;-23.5954838261225,-46.6174758224958;-23.5942830576835,-46.6197471042453;-23.5954876 -46.6174751;-23.5942939 -46.6197596;281;47;74
8;Thu Mar 14 21:13:48 2019;-23.5954838261225,-46.6174758224958;-23.5942830576835,-46.6197471042453;-23.5954876 -46.6174751;-23.5942939 -46.6197596;281;47;74
9;Thu Mar 14 21:14:48 2019;-23.5954838261225,-46.6174758224958;-23.5942830576835,-46.6197471042453;-23.5954876 -46.6174751;-23.5942939 -46.6197596;281;47;74
10;Thu Mar 14 21:15:48 2019;-23.5954838261225,-46.6174758224958;-23.5942830576835,-46.6197471042453;-23.5954876 -46.6174751;-23.5942939 -46.6197596;281;47;74
11;Thu Mar 14 21:16:49 2019;-23.5954838261225,-46.6174758224958;-23.5942830576835,-46.6197471042453;-23.5954876 -46.6174751;-23.5942939 -46.6197596;281;47;74
12;Thu Mar 14 21:17:48 2019;-23.5954838261225,-46.6174758224958;-23.5942830576835,-46.6197471042453;-23.5954876 -46.6174751;-23.5942939 -46.6197596;281;47;74
13;Thu Mar 14 21:18:48 2019;-23.5954838261225,-46.6174758224958;-23.5942830576835,-46.6197471042453;-23.5954876 -46.6174751;-23.5942939 -46.6197596;281;47;74
14;Thu Mar 14 21:19:49 2019;-23.5954838261225,-46.6174758224958;-23.5942830576835,-46.6197471042453;-23.5954876 -46.6174751;-23.5942939 -46.6197596;281;47;74
15;Thu Mar 14 21:20:48 2019;-23.5954838261225,-46.6174758224958;-23.5942830576835,-46.6197471042453;-23.5954876 -46.6174751;-23.5942939 -46.6197596;281;47;74
16;Thu Mar 14 21:21:49 2019;-23.5954838261225,-46.6174758224958;-23.5942830576835,-46.6197471042453;-23.5954876 -46.6174751;-23.5942939 -46.6197596;281;47;72
17;Thu Mar 14 21:22:48 2019;-23.5954838261225,-46.6174758224958;-23.5942830576835,-46.6197471042453;-23.5954876 -46.6174751;-23.5942939 -46.6197596;281;47;69
18;Thu Mar 14 21:23:48 2019;-23.5954838261225,-46.6174758224958;-23.5942830576835,-46.6197471042453;-23.5954876 -46.6174751;-23.5942939 -46.6197596;281;47;69
19;Thu Mar 14 21:24:48 2019;-23.5954838261225,-46.6174758224958;-23.5942830576835,-46.6197471042453;-23.5954876 -46.6174751;-23.5942939 -46.6197596;281;47;69
20;Thu Mar 14 21:25:47 2019;-23.5954838261225,-46.6174758224958;-23.5942830576835,-46.6197471042453;-23.5954876 -46.6174751;-23.5942939 -46.6197596;281;47;69
21;Thu Mar 14 21:26:48 2019;-23.5954838261225,-46.6174758224958;-23.5942830576835,-46.6197471042453;-23.5954876 -46.6174751;-23.5942939 -46.6197596;281;47;69
22;Thu Mar 14 21:27:47 2019;-23.5954838261225,-46.6174758224958;-23.5942830576835,-46.6197471042453;-23.5954876 -46.6174751;-23.5942939 -46.6197596;281;47;69
23;Thu Mar 14 21:28:48 2019;-23.5954838261225,-46.6174758224958;-23.5942830576835,-46.6197471042453;-23.5954876 -46.6174751;-23.5942939 -46.6197596;281;47;69
24;Thu Mar 14 21:29:48 2019;-23.5954838261225,-46.6174758224958;-23.5942830576835,-46.6197471042453;-23.5954876 -46.6174751;-23.5942939 -46.6197596;281;47;69
25;Thu Mar 14 21:30:47 2019;-23.5954838261225,-46.6174758224958;-23.5942830576835,-46.6197471042453;-23.5954876 -46.6174751;-23.5942939 -46.6197596;281;47;69
26;Thu Mar 14 21:31:48 2019;-23.5954838261225,-46.6174758224958;-23.5942830576835,-46.6197471042453;-23.5954876 -46.6174751;-23.5942939 -46.6197596;281;47;69
27;Thu Mar 14 21:32:47 2019;-23.5954838261225,-46.6174758224958;-23.5942830576835,-46.6197471042453;-23.5954876 -46.6174751;-23.5942939 -46.6197596;281;47;69
28;Thu Mar 14 21:33:48 2019;-23.5954838261225,-46.6174758224958;-23.5942830576835,-46.6197471042453;-23.5954876 -46.6174751;-23.5942939 -46.6197596;281;47;69
29;Thu Mar 14 21:34:48 2019;-23.5954838261225,-46.6174758224958;-23.5942830576835,-46.6197471042453;-23.5954876 -46.6174751;-23.5942939 -46.6197596;281;47;69
30;Thu Mar 14 21:35:47 2019;-23.5954838261225,-46.6174758224958;-23.5942830576835,-46.6197471042453;-23.5954876 -46.6174751;-23.5942939 -46.6197596;281;47;69
31;Thu Mar 14 21:36:48 2019;-23.5954838261225,-46.6174758224958;-23.5942830576835,-46.6197471042453;-23.5954876 -46.6174751;-23.5942939 -46.6197596;281;47;69
32;Thu Mar 14 21:37:47 2019;-23.5954838261225,-46.6174758224958;-23.5942830576835,-46.6197471042453;-23.5954876 -46.6174751;-23.5942939 -46.6197596;281;47;60
33;Thu Mar 14 21:38:48 2019;-23.5954838261225,-46.6174758224958;-23.5942830576835,-46.6197471042453;-23.5954876 -46.6174751;-23.5942939 -46.6197596;281;47;60
34;Thu Mar 14 21:39:47 2019;-23.5954838261225,-46.6174758224958;-23.5942830576835,-46.6197471042453;-23.5954876 -46.6174751;-23.5942939 -46.6197596;281;47;60
35;Thu Mar 14 21:40:48 2019;-23.5954838261225,-46.6174758224958;-23.5942830576835,-46.6197471042453;-23.5954876 -46.6174751;-23.5942939 -46.6197596;281;47;60
36;Thu Mar 14 21:41:47 2019;-23.5954838261225,-46.6174758224958;-23.5942830576835,-46.6197471042453;-23.5954876 -46.6174751;-23.5942939 -46.6197596;281;47;60
37;Thu Mar 14 21:42:47 2019;-23.5954838261225,-46.6174758224958;-23.5942830576835,-46.6197471042453;-23.5954876 -46.6174751;-23.5942939 -46.6197596;281;47;60
38;Thu Mar 14 21:43:47 2019;-23.5954838261225,-46.6174758224958;-23.5942830576835,-46.6197471042453;-23.5954876 -46.6174751;-23.5942939 -46.6197596;281;47;60
39;Thu Mar 14 21:44:48 2019;-23.5954838261225,-46.6174758224958;-23.5942830576835,-46.6197471042453;-23.5954876 -46.6174751;-23.5942939 -46.6197596;281;47;60
40;Thu Mar 14 21:45:47 2019;-23.5954838261225,-46.6174758224958;-23.5942830576835,-46.6197471042453;-23.5954876 -46.6174751;-23.5942939 -46.6197596;281;47;60
41;Thu Mar 14 21:46:48 2019;-23.5954838261225,-46.6174758224958;-23.5942830576835,-46.6197471042453;-23.5954876 -46.6174751;-23.5942939 -46.6197596;281;47;60
42;Thu Mar 14 21:47:48 2019;-23.5954838261225,-46.6174758224958;-23.5942830576835,-46.6197471042453;-23.5954876 -46.6174751;-23.5942939 -46.6197596;281;47;60
43;Thu Mar 14 21:48:48 2019;-23.5954838261225,-46.6174758224958;-23.5942830576835,-46.6197471042453;-23.5954876 -46.6174751;-23.5942939 -46.6197596;281;47;60
44;Thu Mar 14 21:49:47 2019;-23.5954838261225,-46.6174758224958;-23.5942830576835,-46.6197471042453;-23.5954876 -46.6174751;-23.5942939 -46.6197596;281;47;60
45;Thu Mar 14 21:50:48 2019;-23.5954838261225,-46.6174758224958;-23.5942830576835,-46.6197471042453;-23.5954876 -46.6174751;-23.5942939 -46.6197596;281;47;60
46;Thu Mar 14 21:51:48 2019;-23.5954838261225,-46.6174758224958;-23.5942830576835,-46.6197471042453;-23.5954876 -46.6174751;-23.5942939 -46.6197596;281;47;57
47;Thu Mar 14 21:52:47 2019;-23.5954838261225,-46.6174758224958;-23.5942830576835,-46.6197471042453;-23.5954876 -46.6174751;-23.5942939 -46.6197596;281;47;55
48;Thu Mar 14 21:53:47 2019;-23.5954838261225,-46.6174758224958;-23.5942830576835,-46.6197471042453;-23.5954876 -46.6174751;-23.5942939 -46.6197596;281;47;55
49;Thu Mar 14 21:54:48 2019;-23.5954838261225,-46.6174758224958;-23.5942830576835,-46.6197471042453;-23.5954876 -46.6174751;-23.5942939 -46.6197596;281;47;55
50;Thu Mar 14 21:55:48 2019;-23.5954838261225,-46.6174758224958;-23.5942830576835,-46.6197471042453;-23.5954876 -46.6174751;-23.5942939 -46.6197596;281;47;55
51;Thu Mar 14 21:56:48 2019;-23.5954838261225,-46.6174758224958;-23.5942830576835,-46.6197471042453;-23.5954876 -46.6174751;-23.5942939 -46.6197596;281;47;55
52;Thu Mar 14 21:57:47 2019;-23.5954838261225,-46.6174758224958;-23.5942830576835,-46.6197471042453;-23.5954876 -46.6174751;-23.5942939 -46.6197596;281;47;55
53;Thu Mar 14 21:58:48 2019;-23.5954838261225,-46.6174758224958;-23.5942830576835,-46.6197471042453;-23.5954876 -46.6174751;-23.5942939 -46.6197596;281;47;55
54;Thu Mar 14 21:59:48 2019;-23.5954838261225,-46.6174758224958;-23.5942830576835,-46.6197471042453;-23.5954876 -46.6174751;-23.5942939 -46.6197596;281;47;55
55;Thu Mar 14 22:00:47 2019;-23.5954838261225,-46.6174758224958;-23.5942830576835,-46.6197471042453;-23.5954876 -46.6174751;-23.5942939 -46.6197596;281;47;55
56;Thu Mar 14 22:01:48 2019;-23.5954838261225,-46.6174758224958;-23.5942830576835,-46.6197471042453;-23.5954876 -46.6174751;-23.5942939 -46.6197596;281;47;55
57;Thu Mar 14 22:02:47 2019;-23.5954838261225,-46.6174758224958;-23.5942830576835,-46.6197471042453;-23.5954876 -46.6174751;-23.5942939 -46.6197596;281;47;55
58;Thu Mar 14 22:03:47 2019;-23.5954838261225,-46.6174758224958;-23.5942830576835,-46.6197471042453;-23.5954876 -46.6174751;-23.5942939 -46.6197596;281;47;55
59;Thu Mar 14 22:04:48 2019;-23.5954838261225,-46.6174758224958;-23.5942830576835,-46.6197471042453;-23.5954876 -46.6174751;-23.5942939 -46.6197596;281;47;55
60;Thu Mar 14 22:05:48 2019;-23.5954838261225,-46.6174758224958;-23.5942830576835,-46.6197471042453;-23.5954876 -46.6174751;-23.5942939 -46.6197596;281;47;55
61;Thu Mar 14 22:06:48 2019;-23.5954838261225,-46.6174758224958;-23.5942830576835,-46.6197471042453;-23.5954876 -46.6174751;-23.5942939 -46.6197596;281;47;56
62;Thu Mar 14 22:07:48 2019;-23.5954838261225,-46.6174758224958;-23.5942830576835,-46.6197471042453;-23.5954876 -46.6174751;-23.5942939 -46.6197596;281;47;56
63;Thu Mar 14 22:08:48 2019;-23.5954838261225,-46.6174758224958;-23.5942830576835,-46.6197471042453;-23.5954876 -46.6174751;-23.5942939 -46.6197596;281;47;56
64;Thu Mar 14 22:09:47 2019;-23.5954838261225,-46.6174758224958;-23.5942830576835,-46.6197471042453;-23.5954876 -46.6174751;-23.5942939 -46.6197596;281;47;56
65;Thu Mar 14 22:10:47 2019;-23.5954838261225,-46.6174758224958;-23.5942830576835,-46.6197471042453;-23.5954876 -46.6174751;-23.5942939 -46.6197596;281;47;56
66;Thu Mar 14 22:11:48 2019;-23.5954838261225,-46.6174758224958;-23.5942830576835,-46.6197471042453;-23.5954876 -46.6174751;-23.5942939 -46.6197596;281;47;56
67;Thu Mar 14 22:12:47 2019;-23.5954838261225,-46.6174758224958;-23.5942830576835,-46.6197471042453;-23.5954876 -46.6174751;-23.5942939 -46.6197596;281;47;56
68;Thu Mar 14 22:13:47 2019;-23.5954838261225,-46.6174758224958;-23.5942830576835,-46.6197471042453;-23.5954876 -46.6174751;-23.5942939 -46.6197596;281;47;56
69;Thu Mar 14 22:14:47 2019;-23.5954838261225,-46.6174758224958;-23.5942830576835,-46.6197471042453;-23.5954876 -46.6174751;-23.5942939 -46.6197596;281;47;56
70;Thu Mar 14 22:15:48 2019;-23.5954838261225,-46.6174758224958;-23.5942830576835,-46.6197471042453;-23.5954876 -46.6174751;-23.5942939 -46.6197596;281;47;56
71;Thu Mar 14 22:16:48 2019;-23.5954838261225,-46.6174758224958;-23.5942830576835,-46.6197471042453;-23.5954876 -46.6174751;-23.5942939 -46.6197596;281;47;56
72;Thu Mar 14 22:17:48 2019;-23.5954838261225,-46.6174758224958;-23.5942830576835,-46.6197471042453;-23.5954876 -46.6174751;-23.5942939 -46.6197596;281;47;56
73;Thu Mar 14 22:18:48 2019;-23.5954838261225,-46.6174758224958;-23.5942830576835,-46.6197471042453;-23.5954876 -46.6174751;-23.5942939 -46.6197596;281;47;56
74;Thu Mar 14 22:19:48 2019;-23.5954838261225,-46.6174758224958;-23.5942830576835,-46.6197471042453;-23.5954876 -46.6174751;-23.5942939 -46.6197596;281;47;56
75;Thu Mar 14 22:20:47 2019;-23.5954838261225,-46.6174758224958;-23.5942830576835,-46.6197471042453;-23.5954876 -46.6174751;-23.5942939 -46.6197596;281;47;56
76;Thu Mar 14 22:21:48 2019;-23.5954838261225,-46.6174758224958;-23.5942830576835,-46.6197471042453;-23.5954876 -46.6174751;-23.5942939 -46.6197596;281;47;55
77;Thu Mar 14 22:22:47 2019;-23.5954838261225,-46.6174758224958;-23.5942830576835,-46.6197471042453;-23.5954876 -46.6174751;-23.5942939 -46.6197596;281;47;55
78;Thu Mar 14 22:23:48 2019;-23.5954838261225,-46.6174758224958;-23.5942830576835,-46.6197471042453;-23.5954876 -46.6174751;-23.5942939 -46.6197596;281;47;55
79;Thu Mar 14 22:24:48 2019;-23.5954838261225,-46.6174758224958;-23.5942830576835,-46.6197471042453;-23.5954876 -46.6174751;-23.5942939 -46.6197596;281;47;55
80;Thu Mar 14 22:25:48 2019;-23.5954838261225,-46.6174758224958;-23.5942830576835,-46.6197471042453;-23.5954876 -46.6174751;-23.5942939 -46.6197596;281;47;55
81;Thu Mar 14 22:26:48 2019;-23.5954838261225,-46.6174758224958;-23.5942830576835,-46.6197471042453;-23.5954876 -46.6174751;-23.5942939 -46.6197596;281;47;55
82;Thu Mar 14 22:27:48 2019;-23.5954838261225,-46.6174758224958;-23.5942830576835,-46.6197471042453;-23.5954876 -46.6174751;-23.5942939 -46.6197596;281;47;55
83;Thu Mar 14 22:28:48 2019;-23.5954838261225,-46.6174758224958;-23.5942830576835,-46.6197471042453;-23.5954876 -46.6174751;-23.5942939 -46.6197596;281;47;55
84;Thu Mar 14 22:29:48 2019;-23.5954838261225,-46.6174758224958;-23.5942830576835,-46.6197471042453;-23.5954876 -46.6174751;-23.5942939 -46.6197596;281;47;55
85;Thu Mar 14 22:30:48 2019;-23.5954838261225,-46.6174758224958;-23.5942830576835,-46.6197471042453;-23.5954876 -46.6174751;-23.5942939 -46.6197596;281;47;55
86;Thu Mar 14 22:31:47 2019;-23.5954838261225,-46.6174758224958;-23.5942830576835,-46.6197471042453;-23.5954876 -46.6174751;-23.5942939 -46.6197596;281;47;55
87;Thu Mar 14 22:32:48 2019;-23.5954838261225,-46.6174758224958;-23.5942830576835,-46.6197471042453;-23.5954876 -46.6174751;-23.5942939 -46.6197596;281;47;55
88;Thu Mar 14 22:33:47 2019;-23.5954838261225,-46.6174758224958;-23.5942830576835,-46.6197471042453;-23.5954876 -46.6174751;-23.5942939 -46.6197596;281;47;55
89;Thu Mar 14 22:34:47 2019;-23.5954838261225,-46.6174758224958;-23.5942830576835,-46.6197471042453;-23.5954876 -46.6174751;-23.5942939 -46.6197596;281;47;55
90;Thu Mar 14 22:35:48 2019;-23.5954838261225,-46.6174758224958;-23.5942830576835,-46.6197471042453;-23.5954876 -46.6174751;-23.5942939 -46.6197596;281;47;55
91;Thu Mar 14 22:36:48 2019;-23.5954838261225,-46.6174758224958;-23.5942830576835,-46.6197471042453;-23.5954876 -46.6174751;-23.5942939 -46.6197596;281;47;55
92;Thu Mar 14 22:37:48 2019;-23.5954838261225,-46.6174758224958;-23.5942830576835,-46.6197471042453;-23.5954876 -46.6174751;-23.5942939 -46.6197596;281;47;50
93;Thu Mar 14 22:38:49 2019;-23.5954838261225,-46.6174758224958;-23.5942830576835,-46.6197471042453;-23.5954876 -46.6174751;-23.5942939 -46.6197596;281;47;50
94;Thu Mar 14 22:39:48 2019;-23.5954838261225,-46.6174758224958;-23.5942830576835,-46.6197471042453;-23.5954876 -46.6174751;-23.5942939 -46.6197596;281;47;50
95;Thu Mar 14 22:40:48 2019;-23.5954838261225,-46.6174758224958;-23.5942830576835,-46.6197471042453;-23.5954876 -46.6174751;-23.5942939 -46.6197596;281;47;50
96;Thu Mar 14 22:41:47 2019;-23.5954838261225,-46.6174758224958;-23.5942830576835,-46.6197471042453;-23.5954876 -46.6174751;-23.5942939 -46.6197596;281;47;50
97;Thu Mar 14 22:42:48 2019;-23.5954838261225,-46.6174758224958;-23.5942830576835,-46.6197471042453;-23.5954876 -46.6174751;-23.5942939 -46.6197596;281;47;50
98;Thu Mar 14 22:43:48 2019;-23.5954838261225,-46.6174758224958;-23.5942830576835,-46.6197471042453;-23.5954876 -46.6174751;-23.5942939 -46.6197596;281;47;50
99;Thu Mar 14 22:44:48 2019;-23.5954838261225,-46.6174758224958;-23.5942830576835,-46.6197471042453;-23.5954876 -46.6174751;-23.5942939 -46.6197596;281;47;50
100;Thu Mar 14 22:45:48 2019;-23.5954838261225,-46.6174758224958;-23.5942830576835,-46.6197471042453;-23.5954876 -46.6174751;-23.5942939 -46.6197596;281;47;50
101;Thu Mar 14 22:46:48 2019;-23.5954838261225,-46.6174758224958;-23.5942830576835,-46.6197471042453;-23.5954876 -46.6174751;-23.5942939 -46.6197596;281;47;50
102;Thu Mar 14 22:47:47 2019;-23.5954838261225,-46.6174758224958;-23.5942830576835,-46.6197471042453;-23.5954876 -46.6174751;-23.5942939 -46.6197596;281;47;50
103;Thu Mar 14 22:48:48 2019;-23.5954838261225,-46.6174758224958;-23.5942830576835,-46.6197471042453;-23.5954876 -46.6174751;-23.5942939 -46.6197596;281;47;50
104;Thu Mar 14 22:49:48 2019;-23.5954838261225,-46.6174758224958;-23.5942830576835,-46.6197471042453;-23.5954876 -46.6174751;-23.5942939 -46.6197596;281;47;50
105;Thu Mar 14 22:50:48 2019;-23.5954838261225,-46.6174758224958;-23.5942830576835,-46.6197471042453;-23.5954876 -46.6174751;-23.5942939 -46.6197596;281;47;50
106;Thu Mar 14 22:51:47 2019;-23.5954838261225,-46.6174758224958;-23.5942830576835,-46.6197471042453;-23.5954876 -46.6174751;-23.5942939 -46.6197596;281;47;51
107;Thu Mar 14 22:52:47 2019;-23.5954838261225,-46.6174758224958;-23.5942830576835,-46.6197471042453;-23.5954876 -46.6174751;-23.5942939 -46.6197596;281;47;61
108;Thu Mar 14 22:53:48 2019;-23.5954838261225,-46.6174758224958;-23.5942830576835,-46.6197471042453;-23.5954876 -46.6174751;-23.5942939 -46.6197596;281;47;61
109;Thu Mar 14 22:54:47 2019;-23.5954838261225,-46.6174758224958;-23.5942830576835,-46.6197471042453;-23.5954876 -46.6174751;-23.5942939 -46.6197596;281;47;61
110;Thu Mar 14 22:55:48 2019;-23.5954838261225,-46.6174758224958;-23.5942830576835,-46.6197471042453;-23.5954876 -46.6174751;-23.5942939 -46.6197596;281;47;61
111;Thu Mar 14 22:56:49 2019;-23.5954838261225,-46.6174758224958;-23.5942830576835,-46.6197471042453;-23.5954876 -46.6174751;-23.5942939 -46.6197596;281;47;61
112;Thu Mar 14 22:57:48 2019;-23.5954838261225,-46.6174758224958;-23.5942830576835,-46.6197471042453;-23.5954876 -46.6174751;-23.5942939 -46.6197596;281;47;61
113;Thu Mar 14 22:58:48 2019;-23.5954838261225,-46.6174758224958;-23.5942830576835,-46.6197471042453;-23.5954876 -46.6174751;-23.5942939 -46.6197596;281;47;61
114;Thu Mar 14 22:59:48 2019;-23.5954838261225,-46.6174758224958;-23.5942830576835,-46.6197471042453;-23.5954876 -46.6174751;-23.5942939 -46.6197596;281;47;61
115;Thu Mar 14 23:00:48 2019;-23.5954838261225,-46.6174758224958;-23.5942830576835,-46.6197471042453;-23.5954876 -46.6174751;-23.5942939 -46.6197596;281;47;61
116;Thu Mar 14 23:01:47 2019;-23.5954838261225,-46.6174758224958;-23.5942830576835,-46.6197471042453;-23.5954876 -46.6174751;-23.5942939 -46.6197596;281;47;61
117;Thu Mar 14 23:02:47 2019;-23.5954838261225,-46.6174758224958;-23.5942830576835,-46.6197471042453;-23.5954876 -46.6174751;-23.5942939 -46.6197596;281;47;61
118;Thu Mar 14 23:03:48 2019;-23.5954838261225,-46.6174758224958;-23.5942830576835,-46.6197471042453;-23.5954876 -46.6174751;-23.5942939 -46.6197596;281;47;61
119;Thu Mar 14 23:04:48 2019;-23.5954838261225,-46.6174758224958;-23.5942830576835,-46.6197471042453;-23.5954876 -46.6174751;-23.5942939 -46.6197596;281;47;61
120;Thu Mar 14 23:05:47 2019;-23.5954838261225,-46.6174758224958;-23.5942830576835,-46.6197471042453;-23.5954876 -46.6174751;-23.5942939 -46.6197596;281;47;61
121;Thu Mar 14 23:06:48 2019;-23.5954838261225,-46.6174758224958;-23.5942830576835,-46.6197471042453;-23.5954876 -46.6174751;-23.5942939 -46.6197596;281;47;59
122;Thu Mar 14 23:07:48 2019;-23.5954838261225,-46.6174758224958;-23.5942830576835,-46.6197471042453;-23.5954876 -46.6174751;-23.5942939 -46.6197596;281;47;53
123;Thu Mar 14 23:08:47 2019;-23.5954838261225,-46.6174758224958;-23.5942830576835,-46.6197471042453;-23.5954876 -46.6174751;-23.5942939 -46.6197596;281;47;53
124;Thu Mar 14 23:09:47 2019;-23.5954838261225,-46.6174758224958;-23.5942830576835,-46.6197471042453;-23.5954876 -46.6174751;-23.5942939 -46.6197596;281;47;53
125;Thu Mar 14 23:10:48 2019;-23.5954838261225,-46.6174758224958;-23.5942830576835,-46.6197471042453;-23.5954876 -46.6174751;-23.5942939 -46.6197596;281;47;53
126;Thu Mar 14 23:11:48 2019;-23.5954838261225,-46.6174758224958;-23.5942830576835,-46.6197471042453;-23.5954876 -46.6174751;-23.5942939 -46.6197596;281;47;53
127;Thu Mar 14 23:12:47 2019;-23.5954838261225,-46.6174758224958;-23.5942830576835,-46.6197471042453;-23.5954876 -46.6174751;-23.5942939 -46.6197596;281;47;53
128;Thu Mar 14 23:13:47 2019;-23.5954838261225,-46.6174758224958;-23.5942830576835,-46.6197471042453;-23.5954876 -46.6174751;-23.5942939 -46.6197596;281;47;53
129;Thu Mar 14 23:14:47 2019;-23.5954838261225,-46.6174758224958;-23.5942830576835,-46.6197471042453;-23.5954876 -46.6174751;-23.5942939 -46.6197596;281;47;53
130;Thu Mar 14 23:15:47 2019;-23.5954838261225,-46.6174758224958;-23.5942830576835,-46.6197471042453;-23.5954876 -46.6174751;-23.5942939 -46.6197596;281;47;53
131;Thu Mar 14 23:16:48 2019;-23.5954838261225,-46.6174758224958;-23.5942830576835,-46.6197471042453;-23.5954876 -46.6174751;-23.5942939 -46.6197596;281;47;53
132;Thu Mar 14 23:17:48 2019;-23.5954838261225,-46.6174758224958;-23.5942830576835,-46.6197471042453;-23.5954876 -46.6174751;-23.5942939 -46.6197596;281;47;53
133;Thu Mar 14 23:18:47 2019;-23.5954838261225,-46.6174758224958;-23.5942830576835,-46.6197471042453;-23.5954876 -46.6174751;-23.5942939 -46.6197596;281;47;53
134;Thu Mar 14 23:19:47 2019;-23.5954838261225,-46.6174758224958;-23.5942830576835,-46.6197471042453;-23.5954876 -46.6174751;-23.5942939 -46.6197596;281;47;53
135;Thu Mar 14 23:20:47 2019;-23.5954838261225,-46.6174758224958;-23.5942830576835,-46.6197471042453;-23.5954876 -46.6174751;-23.5942939 -46.6197596;281;47;53
136;Thu Mar 14 23:21:48 2019;-23.5954838261225,-46.6174758224958;-23.5942830576835,-46.6197471042453;-23.5954876 -46.6174751;-23.5942939 -46.6197596;281;47;54
137;Thu Mar 14 23:22:48 2019;-23.5954838261225,-46.6174758224958;-23.5942830576835,-46.6197471042453;-23.5954876 -46.6174751;-23.5942939 -46.6197596;281;47;52
138;Thu Mar 14 23:23:48 2019;-23.5954838261225,-46.6174758224958;-23.5942830576835,-46.6197471042453;-23.5954876 -46.6174751;-23.5942939 -46.6197596;281;47;52
139;Thu Mar 14 23:24:48 2019;-23.5954838261225,-46.6174758224958;-23.5942830576835,-46.6197471042453;-23.5954876 -46.6174751;-23.5942939 -46.6197596;281;47;52
140;Thu Mar 14 23:25:47 2019;-23.5954838261225,-46.6174758224958;-23.5942830576835,-46.6197471042453;-23.5954876 -46.6174751;-23.5942939 -46.6197596;281;47;52
141;Thu Mar 14 23:26:49 2019;-23.5954838261225,-46.6174758224958;-23.5942830576835,-46.6197471042453;-23.5954876 -46.6174751;-23.5942939 -46.6197596;281;47;52
142;Thu Mar 14 23:27:47 2019;-23.5954838261225,-46.6174758224958;-23.5942830576835,-46.6197471042453;-23.5954876 -46.6174751;-23.5942939 -46.6197596;281;47;52
143;Thu Mar 14 23:28:47 2019;-23.5954838261225,-46.6174758224958;-23.5942830576835,-46.6197471042453;-23.5954876 -46.6174751;-23.5942939 -46.6197596;281;47;52
144;Thu Mar 14 23:29:47 2019;-23.5954838261225,-46.6174758224958;-23.5942830576835,-46.6197471042453;-23.5954876 -46.6174751;-23.5942939 -46.6197596;281;47;52
145;Thu Mar 14 23:30:47 2019;-23.5954838261225,-46.6174758224958;-23.5942830576835,-46.6197471042453;-23.5954876 -46.6174751;-23.5942939 -46.6197596;281;47;52
146;Thu Mar 14 23:31:47 2019;-23.5954838261225,-46.6174758224958;-23.5942830576835,-46.6197471042453;-23.5954876 -46.6174751;-23.5942939 -46.6197596;281;47;52
147;Thu Mar 14 23:32:48 2019;-23.5954838261225,-46.6174758224958;-23.5942830576835,-46.6197471042453;-23.5954876 -46.6174751;-23.5942939 -46.6197596;281;47;52
148;Thu Mar 14 23:33:48 2019;-23.5954838261225,-46.6174758224958;-23.5942830576835,-46.6197471042453;-23.5954876 -46.6174751;-23.5942939 -46.6197596;281;47;52
149;Thu Mar 14 23:34:47 2019;-23.5954838261225,-46.6174758224958;-23.5942830576835,-46.6197471042453;-23.5954876 -46.6174751;-23.5942939 -46.6197596;281;47;52
150;Thu Mar 14 23:35:47 2019;-23.5954838261225,-46.6174758224958;-23.5942830576835,-46.6197471042453;-23.5954876 -46.6174751;-23.5942939 -46.6197596;281;47;52
151;Thu Mar 14 23:36:48 2019;-23.5954838261225,-46.6174758224958;-23.5942830576835,-46.6197471042453;-23.5954876 -46.6174751;-23.5942939 -46.6197596;281;47;52
152;Thu Mar 14 23:37:48 2019;-23.5954838261225,-46.6174758224958;-23.5942830576835,-46.6197471042453;-23.5954876 -46.6174751;-23.5942939 -46.6197596;281;47;49
153;Thu Mar 14 23:38:48 2019;-23.5954838261225,-46.6174758224958;-23.5942830576835,-46.6197471042453;-23.5954876 -46.6174751;-23.5942939 -46.6197596;281;47;49
154;Thu Mar 14 23:39:47 2019;-23.5954838261225,-46.6174758224958;-23.5942830576835,-46.6197471042453;-23.5954876 -46.6174751;-23.5942939 -46.6197596;281;47;49
155;Thu Mar 14 23:40:48 2019;-23.5954838261225,-46.6174758224958;-23.5942830576835,-46.6197471042453;-23.5954876 -46.6174751;-23.5942939 -46.6197596;281;47;49
156;Thu Mar 14 23:41:48 2019;-23.5954838261225,-46.6174758224958;-23.5942830576835,-46.6197471042453;-23.5954876 -46.6174751;-23.5942939 -46.6197596;281;47;49
157;Thu Mar 14 23:42:48 2019;-23.5954838261225,-46.6174758224958;-23.5942830576835,-46.6197471042453;-23.5954876 -46.6174751;-23.5942939 -46.6197596;281;47;49
158;Thu Mar 14 23:43:47 2019;-23.5954838261225,-46.6174758224958;-23.5942830576835,-46.6197471042453;-23.5954876 -46.6174751;-23.5942939 -46.6197596;281;47;49
159;Thu Mar 14 23:44:48 2019;-23.5954838261225,-46.6174758224958;-23.5942830576835,-46.6197471042453;-23.5954876 -46.6174751;-23.5942939 -46.6197596;281;47;49
160;Thu Mar 14 23:45:47 2019;-23.5954838261225,-46.6174758224958;-23.5942830576835,-46.6197471042453;-23.5954876 -46.6174751;-23.5942939 -46.6197596;281;47;49
161;Thu Mar 14 23:46:49 2019;-23.5954838261225,-46.6174758224958;-23.5942830576835,-46.6197471042453;-23.5954876 -46.6174751;-23.5942939 -46.6197596;281;47;49
162;Thu Mar 14 23:47:48 2019;-23.5954838261225,-46.6174758224958;-23.5942830576835,-46.6197471042453;-23.5954876 -46.6174751;-23.5942939 -46.6197596;281;47;49
163;Thu Mar 14 23:48:47 2019;-23.5954838261225,-46.6174758224958;-23.5942830576835,-46.6197471042453;-23.5954876 -46.6174751;-23.5942939 -46.6197596;281;47;49
164;Thu Mar 14 23:49:47 2019;-23.5954838261225,-46.6174758224958;-23.5942830576835,-46.6197471042453;-23.5954876 -46.6174751;-23.5942939 -46.6197596;281;47;49
165;Thu Mar 14 23:50:48 2019;-23.5954838261225,-46.6174758224958;-23.5942830576835,-46.6197471042453;-23.5954876 -46.6174751;-23.5942939 -46.6197596;281;47;49
166;Thu Mar 14 23:51:48 2019;-23.5954838261225,-46.6174758224958;-23.5942830576835,-46.6197471042453;-23.5954876 -46.6174751;-23.5942939 -46.6197596;281;47;51
167;Thu Mar 14 23:52:48 2019;-23.5954838261225,-46.6174758224958;-23.5942830576835,-46.6197471042453;-23.5954876 -46.6174751;-23.5942939 -46.6197596;281;47;54
168;Thu Mar 14 23:53:48 2019;-23.5954838261225,-46.6174758224958;-23.5942830576835,-46.6197471042453;-23.5954876 -46.6174751;-23.5942939 -46.6197596;281;47;54
169;Thu Mar 14 23:54:47 2019;-23.5954838261225,-46.6174758224958;-23.5942830576835,-46.6197471042453;-23.5954876 -46.6174751;-23.5942939 -46.6197596;281;47;54
170;Thu Mar 14 23:55:48 2019;-23.5954838261225,-46.6174758224958;-23.5942830576835,-46.6197471042453;-23.5954876 -46.6174751;-23.5942939 -46.6197596;281;47;54
171;Thu Mar 14 23:56:48 2019;-23.5954838261225,-46.6174758224958;-23.5942830576835,-46.6197471042453;-23.5954876 -46.6174751;-23.5942939 -46.6197596;281;47;54
172;Thu Mar 14 23:57:47 2019;-23.5954838261225,-46.6174758224958;-23.5942830576835,-46.6197471042453;-23.5954876 -46.6174751;-23.5942939 -46.6197596;281;47;54
173;Thu Mar 14 23:58:48 2019;-23.5954838261225,-46.6174758224958;-23.5942830576835,-46.6197471042453;-23.5954876 -46.6174751;-23.5942939 -46.6197596;281;47;54
174;Thu Mar 14 23:59:47 2019;-23.5954838261225,-46.6174758224958;-23.5942830576835,-46.6197471042453;-23.5954876 -46.6174751;-23.5942939 -46.6197596;281;47;54
