38972;Thu Mar 14 00:00:33 2019;-23.6183546829382,-46.6094826699595;-23.618161790278,-46.6096885741109;-23.6183648 -46.6094947;-23.6181771 -46.6097015;30;19;18
39213;Thu Mar 14 04:01:33 2019;-23.6183546829382,-46.6094826699595;-23.618161790278,-46.6096885741109;-23.6183648 -46.6094947;-23.6181771 -46.6097015;30;19;16
39214;Thu Mar 14 04:02:33 2019;-23.6183546829382,-46.6094826699595;-23.618161790278,-46.6096885741109;-23.6183648 -46.6094947;-23.6181771 -46.6097015;30;19;16
39215;Thu Mar 14 04:03:34 2019;-23.6183546829382,-46.6094826699595;-23.618161790278,-46.6096885741109;-23.6183648 -46.6094947;-23.6181771 -46.6097015;30;19;16
39216;Thu Mar 14 04:04:33 2019;-23.6183546829382,-46.6094826699595;-23.618161790278,-46.6096885741109;-23.6183648 -46.6094947;-23.6181771 -46.6097015;30;19;16
39217;Thu Mar 14 04:05:33 2019;-23.6183546829382,-46.6094826699595;-23.618161790278,-46.6096885741109;-23.6183648 -46.6094947;-23.6181771 -46.6097015;30;19;16
39218;Thu Mar 14 04:06:33 2019;-23.6183546829382,-46.6094826699595;-23.618161790278,-46.6096885741109;-23.6183648 -46.6094947;-23.6181771 -46.6097015;30;19;16
39219;Thu Mar 14 04:07:33 2019;-23.6183546829382,-46.6094826699595;-23.618161790278,-46.6096885741109;-23.6183648 -46.6094947;-23.6181771 -46.6097015;30;19;16
39220;Thu Mar 14 04:08:33 2019;-23.6183546829382,-46.6094826699595;-23.618161790278,-46.6096885741109;-23.6183648 -46.6094947;-23.6181771 -46.6097015;30;19;16
39221;Thu Mar 14 04:09:33 2019;-23.6183546829382,-46.6094826699595;-23.618161790278,-46.6096885741109;-23.6183648 -46.6094947;-23.6181771 -46.6097015;30;19;16
1;Thu Mar 14 21:06:52 2019;-23.6183546829382,-46.6094826699595;-23.618161790278,-46.6096885741109;-23.6183648 -46.6094947;-23.6181771 -46.6097015;30;19;25
2;Thu Mar 14 21:07:47 2019;-23.6183546829382,-46.6094826699595;-23.618161790278,-46.6096885741109;-23.6183648 -46.6094947;-23.6181771 -46.6097015;30;19;25
3;Thu Mar 14 21:08:50 2019;-23.6183546829382,-46.6094826699595;-23.618161790278,-46.6096885741109;-23.6183648 -46.6094947;-23.6181771 -46.6097015;30;19;25
4;Thu Mar 14 21:09:47 2019;-23.6183546829382,-46.6094826699595;-23.618161790278,-46.6096885741109;-23.6183648 -46.6094947;-23.6181771 -46.6097015;30;19;25
5;Thu Mar 14 21:10:47 2019;-23.6183546829382,-46.6094826699595;-23.618161790278,-46.6096885741109;-23.6183648 -46.6094947;-23.6181771 -46.6097015;30;19;25
6;Thu Mar 14 21:11:46 2019;-23.6183546829382,-46.6094826699595;-23.618161790278,-46.6096885741109;-23.6183648 -46.6094947;-23.6181771 -46.6097015;30;19;25
7;Thu Mar 14 21:12:46 2019;-23.6183546829382,-46.6094826699595;-23.618161790278,-46.6096885741109;-23.6183648 -46.6094947;-23.6181771 -46.6097015;30;19;25
8;Thu Mar 14 21:13:46 2019;-23.6183546829382,-46.6094826699595;-23.618161790278,-46.6096885741109;-23.6183648 -46.6094947;-23.6181771 -46.6097015;30;19;25
9;Thu Mar 14 21:14:47 2019;-23.6183546829382,-46.6094826699595;-23.618161790278,-46.6096885741109;-23.6183648 -46.6094947;-23.6181771 -46.6097015;30;19;25
10;Thu Mar 14 21:15:47 2019;-23.6183546829382,-46.6094826699595;-23.618161790278,-46.6096885741109;-23.6183648 -46.6094947;-23.6181771 -46.6097015;30;19;25
11;Thu Mar 14 21:16:47 2019;-23.6183546829382,-46.6094826699595;-23.618161790278,-46.6096885741109;-23.6183648 -46.6094947;-23.6181771 -46.6097015;30;19;25
12;Thu Mar 14 21:17:47 2019;-23.6183546829382,-46.6094826699595;-23.618161790278,-46.6096885741109;-23.6183648 -46.6094947;-23.6181771 -46.6097015;30;19;25
13;Thu Mar 14 21:18:47 2019;-23.6183546829382,-46.6094826699595;-23.618161790278,-46.6096885741109;-23.6183648 -46.6094947;-23.6181771 -46.6097015;30;19;25
14;Thu Mar 14 21:19:47 2019;-23.6183546829382,-46.6094826699595;-23.618161790278,-46.6096885741109;-23.6183648 -46.6094947;-23.6181771 -46.6097015;30;19;25
15;Thu Mar 14 21:20:47 2019;-23.6183546829382,-46.6094826699595;-23.618161790278,-46.6096885741109;-23.6183648 -46.6094947;-23.6181771 -46.6097015;30;19;25
16;Thu Mar 14 21:21:48 2019;-23.6183546829382,-46.6094826699595;-23.618161790278,-46.6096885741109;-23.6183648 -46.6094947;-23.6181771 -46.6097015;30;19;25
17;Thu Mar 14 21:22:47 2019;-23.6183546829382,-46.6094826699595;-23.618161790278,-46.6096885741109;-23.6183648 -46.6094947;-23.6181771 -46.6097015;30;19;25
18;Thu Mar 14 21:23:47 2019;-23.6183546829382,-46.6094826699595;-23.618161790278,-46.6096885741109;-23.6183648 -46.6094947;-23.6181771 -46.6097015;30;19;25
19;Thu Mar 14 21:24:47 2019;-23.6183546829382,-46.6094826699595;-23.618161790278,-46.6096885741109;-23.6183648 -46.6094947;-23.6181771 -46.6097015;30;19;25
20;Thu Mar 14 21:25:46 2019;-23.6183546829382,-46.6094826699595;-23.618161790278,-46.6096885741109;-23.6183648 -46.6094947;-23.6181771 -46.6097015;30;19;25
21;Thu Mar 14 21:26:47 2019;-23.6183546829382,-46.6094826699595;-23.618161790278,-46.6096885741109;-23.6183648 -46.6094947;-23.6181771 -46.6097015;30;19;25
22;Thu Mar 14 21:27:46 2019;-23.6183546829382,-46.6094826699595;-23.618161790278,-46.6096885741109;-23.6183648 -46.6094947;-23.6181771 -46.6097015;30;19;25
23;Thu Mar 14 21:28:46 2019;-23.6183546829382,-46.6094826699595;-23.618161790278,-46.6096885741109;-23.6183648 -46.6094947;-23.6181771 -46.6097015;30;19;25
24;Thu Mar 14 21:29:47 2019;-23.6183546829382,-46.6094826699595;-23.618161790278,-46.6096885741109;-23.6183648 -46.6094947;-23.6181771 -46.6097015;30;19;25
25;Thu Mar 14 21:30:46 2019;-23.6183546829382,-46.6094826699595;-23.618161790278,-46.6096885741109;-23.6183648 -46.6094947;-23.6181771 -46.6097015;30;19;25
26;Thu Mar 14 21:31:46 2019;-23.6183546829382,-46.6094826699595;-23.618161790278,-46.6096885741109;-23.6183648 -46.6094947;-23.6181771 -46.6097015;30;19;25
27;Thu Mar 14 21:32:46 2019;-23.6183546829382,-46.6094826699595;-23.618161790278,-46.6096885741109;-23.6183648 -46.6094947;-23.6181771 -46.6097015;30;19;25
28;Thu Mar 14 21:33:47 2019;-23.6183546829382,-46.6094826699595;-23.618161790278,-46.6096885741109;-23.6183648 -46.6094947;-23.6181771 -46.6097015;30;19;25
29;Thu Mar 14 21:34:47 2019;-23.6183546829382,-46.6094826699595;-23.618161790278,-46.6096885741109;-23.6183648 -46.6094947;-23.6181771 -46.6097015;30;19;25
30;Thu Mar 14 21:35:46 2019;-23.6183546829382,-46.6094826699595;-23.618161790278,-46.6096885741109;-23.6183648 -46.6094947;-23.6181771 -46.6097015;30;19;25
31;Thu Mar 14 21:36:46 2019;-23.6183546829382,-46.6094826699595;-23.618161790278,-46.6096885741109;-23.6183648 -46.6094947;-23.6181771 -46.6097015;30;19;25
32;Thu Mar 14 21:37:46 2019;-23.6183546829382,-46.6094826699595;-23.618161790278,-46.6096885741109;-23.6183648 -46.6094947;-23.6181771 -46.6097015;30;19;25
33;Thu Mar 14 21:38:46 2019;-23.6183546829382,-46.6094826699595;-23.618161790278,-46.6096885741109;-23.6183648 -46.6094947;-23.6181771 -46.6097015;30;19;25
34;Thu Mar 14 21:39:46 2019;-23.6183546829382,-46.6094826699595;-23.618161790278,-46.6096885741109;-23.6183648 -46.6094947;-23.6181771 -46.6097015;30;19;25
35;Thu Mar 14 21:40:46 2019;-23.6183546829382,-46.6094826699595;-23.618161790278,-46.6096885741109;-23.6183648 -46.6094947;-23.6181771 -46.6097015;30;19;25
36;Thu Mar 14 21:41:46 2019;-23.6183546829382,-46.6094826699595;-23.618161790278,-46.6096885741109;-23.6183648 -46.6094947;-23.6181771 -46.6097015;30;19;25
37;Thu Mar 14 21:42:46 2019;-23.6183546829382,-46.6094826699595;-23.618161790278,-46.6096885741109;-23.6183648 -46.6094947;-23.6181771 -46.6097015;30;19;25
38;Thu Mar 14 21:43:46 2019;-23.6183546829382,-46.6094826699595;-23.618161790278,-46.6096885741109;-23.6183648 -46.6094947;-23.6181771 -46.6097015;30;19;25
39;Thu Mar 14 21:44:46 2019;-23.6183546829382,-46.6094826699595;-23.618161790278,-46.6096885741109;-23.6183648 -46.6094947;-23.6181771 -46.6097015;30;19;25
40;Thu Mar 14 21:45:46 2019;-23.6183546829382,-46.6094826699595;-23.618161790278,-46.6096885741109;-23.6183648 -46.6094947;-23.6181771 -46.6097015;30;19;25
41;Thu Mar 14 21:46:46 2019;-23.6183546829382,-46.6094826699595;-23.618161790278,-46.6096885741109;-23.6183648 -46.6094947;-23.6181771 -46.6097015;30;19;25
42;Thu Mar 14 21:47:46 2019;-23.6183546829382,-46.6094826699595;-23.618161790278,-46.6096885741109;-23.6183648 -46.6094947;-23.6181771 -46.6097015;30;19;25
43;Thu Mar 14 21:48:47 2019;-23.6183546829382,-46.6094826699595;-23.618161790278,-46.6096885741109;-23.6183648 -46.6094947;-23.6181771 -46.6097015;30;19;25
44;Thu Mar 14 21:49:46 2019;-23.6183546829382,-46.6094826699595;-23.618161790278,-46.6096885741109;-23.6183648 -46.6094947;-23.6181771 -46.6097015;30;19;25
45;Thu Mar 14 21:50:46 2019;-23.6183546829382,-46.6094826699595;-23.618161790278,-46.6096885741109;-23.6183648 -46.6094947;-23.6181771 -46.6097015;30;19;25
46;Thu Mar 14 21:51:46 2019;-23.6183546829382,-46.6094826699595;-23.618161790278,-46.6096885741109;-23.6183648 -46.6094947;-23.6181771 -46.6097015;30;19;25
47;Thu Mar 14 21:52:46 2019;-23.6183546829382,-46.6094826699595;-23.618161790278,-46.6096885741109;-23.6183648 -46.6094947;-23.6181771 -46.6097015;30;19;26
48;Thu Mar 14 21:53:46 2019;-23.6183546829382,-46.6094826699595;-23.618161790278,-46.6096885741109;-23.6183648 -46.6094947;-23.6181771 -46.6097015;30;19;26
49;Thu Mar 14 21:54:47 2019;-23.6183546829382,-46.6094826699595;-23.618161790278,-46.6096885741109;-23.6183648 -46.6094947;-23.6181771 -46.6097015;30;19;26
50;Thu Mar 14 21:55:46 2019;-23.6183546829382,-46.6094826699595;-23.618161790278,-46.6096885741109;-23.6183648 -46.6094947;-23.6181771 -46.6097015;30;19;26
51;Thu Mar 14 21:56:47 2019;-23.6183546829382,-46.6094826699595;-23.618161790278,-46.6096885741109;-23.6183648 -46.6094947;-23.6181771 -46.6097015;30;19;26
52;Thu Mar 14 21:57:46 2019;-23.6183546829382,-46.6094826699595;-23.618161790278,-46.6096885741109;-23.6183648 -46.6094947;-23.6181771 -46.6097015;30;19;26
53;Thu Mar 14 21:58:46 2019;-23.6183546829382,-46.6094826699595;-23.618161790278,-46.6096885741109;-23.6183648 -46.6094947;-23.6181771 -46.6097015;30;19;26
54;Thu Mar 14 21:59:46 2019;-23.6183546829382,-46.6094826699595;-23.618161790278,-46.6096885741109;-23.6183648 -46.6094947;-23.6181771 -46.6097015;30;19;26
55;Thu Mar 14 22:00:46 2019;-23.6183546829382,-46.6094826699595;-23.618161790278,-46.6096885741109;-23.6183648 -46.6094947;-23.6181771 -46.6097015;30;19;26
56;Thu Mar 14 22:01:46 2019;-23.6183546829382,-46.6094826699595;-23.618161790278,-46.6096885741109;-23.6183648 -46.6094947;-23.6181771 -46.6097015;30;19;26
57;Thu Mar 14 22:02:46 2019;-23.6183546829382,-46.6094826699595;-23.618161790278,-46.6096885741109;-23.6183648 -46.6094947;-23.6181771 -46.6097015;30;19;26
58;Thu Mar 14 22:03:46 2019;-23.6183546829382,-46.6094826699595;-23.618161790278,-46.6096885741109;-23.6183648 -46.6094947;-23.6181771 -46.6097015;30;19;26
59;Thu Mar 14 22:04:47 2019;-23.6183546829382,-46.6094826699595;-23.618161790278,-46.6096885741109;-23.6183648 -46.6094947;-23.6181771 -46.6097015;30;19;26
60;Thu Mar 14 22:05:47 2019;-23.6183546829382,-46.6094826699595;-23.618161790278,-46.6096885741109;-23.6183648 -46.6094947;-23.6181771 -46.6097015;30;19;26
61;Thu Mar 14 22:06:47 2019;-23.6183546829382,-46.6094826699595;-23.618161790278,-46.6096885741109;-23.6183648 -46.6094947;-23.6181771 -46.6097015;30;19;26
62;Thu Mar 14 22:07:46 2019;-23.6183546829382,-46.6094826699595;-23.618161790278,-46.6096885741109;-23.6183648 -46.6094947;-23.6181771 -46.6097015;30;19;23
63;Thu Mar 14 22:08:47 2019;-23.6183546829382,-46.6094826699595;-23.618161790278,-46.6096885741109;-23.6183648 -46.6094947;-23.6181771 -46.6097015;30;19;23
64;Thu Mar 14 22:09:46 2019;-23.6183546829382,-46.6094826699595;-23.618161790278,-46.6096885741109;-23.6183648 -46.6094947;-23.6181771 -46.6097015;30;19;23
65;Thu Mar 14 22:10:46 2019;-23.6183546829382,-46.6094826699595;-23.618161790278,-46.6096885741109;-23.6183648 -46.6094947;-23.6181771 -46.6097015;30;19;23
66;Thu Mar 14 22:11:47 2019;-23.6183546829382,-46.6094826699595;-23.618161790278,-46.6096885741109;-23.6183648 -46.6094947;-23.6181771 -46.6097015;30;19;23
67;Thu Mar 14 22:12:46 2019;-23.6183546829382,-46.6094826699595;-23.618161790278,-46.6096885741109;-23.6183648 -46.6094947;-23.6181771 -46.6097015;30;19;23
68;Thu Mar 14 22:13:46 2019;-23.6183546829382,-46.6094826699595;-23.618161790278,-46.6096885741109;-23.6183648 -46.6094947;-23.6181771 -46.6097015;30;19;23
69;Thu Mar 14 22:14:46 2019;-23.6183546829382,-46.6094826699595;-23.618161790278,-46.6096885741109;-23.6183648 -46.6094947;-23.6181771 -46.6097015;30;19;23
70;Thu Mar 14 22:15:46 2019;-23.6183546829382,-46.6094826699595;-23.618161790278,-46.6096885741109;-23.6183648 -46.6094947;-23.6181771 -46.6097015;30;19;23
71;Thu Mar 14 22:16:46 2019;-23.6183546829382,-46.6094826699595;-23.618161790278,-46.6096885741109;-23.6183648 -46.6094947;-23.6181771 -46.6097015;30;19;23
72;Thu Mar 14 22:17:47 2019;-23.6183546829382,-46.6094826699595;-23.618161790278,-46.6096885741109;-23.6183648 -46.6094947;-23.6181771 -46.6097015;30;19;23
73;Thu Mar 14 22:18:46 2019;-23.6183546829382,-46.6094826699595;-23.618161790278,-46.6096885741109;-23.6183648 -46.6094947;-23.6181771 -46.6097015;30;19;23
74;Thu Mar 14 22:19:47 2019;-23.6183546829382,-46.6094826699595;-23.618161790278,-46.6096885741109;-23.6183648 -46.6094947;-23.6181771 -46.6097015;30;19;23
75;Thu Mar 14 22:20:46 2019;-23.6183546829382,-46.6094826699595;-23.618161790278,-46.6096885741109;-23.6183648 -46.6094947;-23.6181771 -46.6097015;30;19;23
76;Thu Mar 14 22:21:46 2019;-23.6183546829382,-46.6094826699595;-23.618161790278,-46.6096885741109;-23.6183648 -46.6094947;-23.6181771 -46.6097015;30;19;23
77;Thu Mar 14 22:22:46 2019;-23.6183546829382,-46.6094826699595;-23.618161790278,-46.6096885741109;-23.6183648 -46.6094947;-23.6181771 -46.6097015;30;19;23
78;Thu Mar 14 22:23:46 2019;-23.6183546829382,-46.6094826699595;-23.618161790278,-46.6096885741109;-23.6183648 -46.6094947;-23.6181771 -46.6097015;30;19;23
79;Thu Mar 14 22:24:47 2019;-23.6183546829382,-46.6094826699595;-23.618161790278,-46.6096885741109;-23.6183648 -46.6094947;-23.6181771 -46.6097015;30;19;23
80;Thu Mar 14 22:25:46 2019;-23.6183546829382,-46.6094826699595;-23.618161790278,-46.6096885741109;-23.6183648 -46.6094947;-23.6181771 -46.6097015;30;19;23
81;Thu Mar 14 22:26:46 2019;-23.6183546829382,-46.6094826699595;-23.618161790278,-46.6096885741109;-23.6183648 -46.6094947;-23.6181771 -46.6097015;30;19;23
82;Thu Mar 14 22:27:46 2019;-23.6183546829382,-46.6094826699595;-23.618161790278,-46.6096885741109;-23.6183648 -46.6094947;-23.6181771 -46.6097015;30;19;23
83;Thu Mar 14 22:28:46 2019;-23.6183546829382,-46.6094826699595;-23.618161790278,-46.6096885741109;-23.6183648 -46.6094947;-23.6181771 -46.6097015;30;19;23
84;Thu Mar 14 22:29:46 2019;-23.6183546829382,-46.6094826699595;-23.618161790278,-46.6096885741109;-23.6183648 -46.6094947;-23.6181771 -46.6097015;30;19;23
85;Thu Mar 14 22:30:46 2019;-23.6183546829382,-46.6094826699595;-23.618161790278,-46.6096885741109;-23.6183648 -46.6094947;-23.6181771 -46.6097015;30;19;23
86;Thu Mar 14 22:31:46 2019;-23.6183546829382,-46.6094826699595;-23.618161790278,-46.6096885741109;-23.6183648 -46.6094947;-23.6181771 -46.6097015;30;19;23
87;Thu Mar 14 22:32:46 2019;-23.6183546829382,-46.6094826699595;-23.618161790278,-46.6096885741109;-23.6183648 -46.6094947;-23.6181771 -46.6097015;30;19;23
88;Thu Mar 14 22:33:46 2019;-23.6183546829382,-46.6094826699595;-23.618161790278,-46.6096885741109;-23.6183648 -46.6094947;-23.6181771 -46.6097015;30;19;23
89;Thu Mar 14 22:34:46 2019;-23.6183546829382,-46.6094826699595;-23.618161790278,-46.6096885741109;-23.6183648 -46.6094947;-23.6181771 -46.6097015;30;19;23
90;Thu Mar 14 22:35:46 2019;-23.6183546829382,-46.6094826699595;-23.618161790278,-46.6096885741109;-23.6183648 -46.6094947;-23.6181771 -46.6097015;30;19;23
91;Thu Mar 14 22:36:46 2019;-23.6183546829382,-46.6094826699595;-23.618161790278,-46.6096885741109;-23.6183648 -46.6094947;-23.6181771 -46.6097015;30;19;23
92;Thu Mar 14 22:37:46 2019;-23.6183546829382,-46.6094826699595;-23.618161790278,-46.6096885741109;-23.6183648 -46.6094947;-23.6181771 -46.6097015;30;19;23
93;Thu Mar 14 22:38:47 2019;-23.6183546829382,-46.6094826699595;-23.618161790278,-46.6096885741109;-23.6183648 -46.6094947;-23.6181771 -46.6097015;30;19;23
94;Thu Mar 14 22:39:46 2019;-23.6183546829382,-46.6094826699595;-23.618161790278,-46.6096885741109;-23.6183648 -46.6094947;-23.6181771 -46.6097015;30;19;23
95;Thu Mar 14 22:40:47 2019;-23.6183546829382,-46.6094826699595;-23.618161790278,-46.6096885741109;-23.6183648 -46.6094947;-23.6181771 -46.6097015;30;19;23
96;Thu Mar 14 22:41:46 2019;-23.6183546829382,-46.6094826699595;-23.618161790278,-46.6096885741109;-23.6183648 -46.6094947;-23.6181771 -46.6097015;30;19;23
97;Thu Mar 14 22:42:46 2019;-23.6183546829382,-46.6094826699595;-23.618161790278,-46.6096885741109;-23.6183648 -46.6094947;-23.6181771 -46.6097015;30;19;23
98;Thu Mar 14 22:43:46 2019;-23.6183546829382,-46.6094826699595;-23.618161790278,-46.6096885741109;-23.6183648 -46.6094947;-23.6181771 -46.6097015;30;19;23
99;Thu Mar 14 22:44:47 2019;-23.6183546829382,-46.6094826699595;-23.618161790278,-46.6096885741109;-23.6183648 -46.6094947;-23.6181771 -46.6097015;30;19;23
100;Thu Mar 14 22:45:46 2019;-23.6183546829382,-46.6094826699595;-23.618161790278,-46.6096885741109;-23.6183648 -46.6094947;-23.6181771 -46.6097015;30;19;23
101;Thu Mar 14 22:46:47 2019;-23.6183546829382,-46.6094826699595;-23.618161790278,-46.6096885741109;-23.6183648 -46.6094947;-23.6181771 -46.6097015;30;19;23
102;Thu Mar 14 22:47:46 2019;-23.6183546829382,-46.6094826699595;-23.618161790278,-46.6096885741109;-23.6183648 -46.6094947;-23.6181771 -46.6097015;30;19;23
103;Thu Mar 14 22:48:46 2019;-23.6183546829382,-46.6094826699595;-23.618161790278,-46.6096885741109;-23.6183648 -46.6094947;-23.6181771 -46.6097015;30;19;23
104;Thu Mar 14 22:49:47 2019;-23.6183546829382,-46.6094826699595;-23.618161790278,-46.6096885741109;-23.6183648 -46.6094947;-23.6181771 -46.6097015;30;19;23
105;Thu Mar 14 22:50:47 2019;-23.6183546829382,-46.6094826699595;-23.618161790278,-46.6096885741109;-23.6183648 -46.6094947;-23.6181771 -46.6097015;30;19;23
106;Thu Mar 14 22:51:46 2019;-23.6183546829382,-46.6094826699595;-23.618161790278,-46.6096885741109;-23.6183648 -46.6094947;-23.6181771 -46.6097015;30;19;23
107;Thu Mar 14 22:52:46 2019;-23.6183546829382,-46.6094826699595;-23.618161790278,-46.6096885741109;-23.6183648 -46.6094947;-23.6181771 -46.6097015;30;19;21
108;Thu Mar 14 22:53:47 2019;-23.6183546829382,-46.6094826699595;-23.618161790278,-46.6096885741109;-23.6183648 -46.6094947;-23.6181771 -46.6097015;30;19;21
109;Thu Mar 14 22:54:46 2019;-23.6183546829382,-46.6094826699595;-23.618161790278,-46.6096885741109;-23.6183648 -46.6094947;-23.6181771 -46.6097015;30;19;21
110;Thu Mar 14 22:55:47 2019;-23.6183546829382,-46.6094826699595;-23.618161790278,-46.6096885741109;-23.6183648 -46.6094947;-23.6181771 -46.6097015;30;19;21
111;Thu Mar 14 22:56:47 2019;-23.6183546829382,-46.6094826699595;-23.618161790278,-46.6096885741109;-23.6183648 -46.6094947;-23.6181771 -46.6097015;30;19;21
112;Thu Mar 14 22:57:47 2019;-23.6183546829382,-46.6094826699595;-23.618161790278,-46.6096885741109;-23.6183648 -46.6094947;-23.6181771 -46.6097015;30;19;21
113;Thu Mar 14 22:58:46 2019;-23.6183546829382,-46.6094826699595;-23.618161790278,-46.6096885741109;-23.6183648 -46.6094947;-23.6181771 -46.6097015;30;19;21
114;Thu Mar 14 22:59:46 2019;-23.6183546829382,-46.6094826699595;-23.618161790278,-46.6096885741109;-23.6183648 -46.6094947;-23.6181771 -46.6097015;30;19;21
115;Thu Mar 14 23:00:46 2019;-23.6183546829382,-46.6094826699595;-23.618161790278,-46.6096885741109;-23.6183648 -46.6094947;-23.6181771 -46.6097015;30;19;21
116;Thu Mar 14 23:01:46 2019;-23.6183546829382,-46.6094826699595;-23.618161790278,-46.6096885741109;-23.6183648 -46.6094947;-23.6181771 -46.6097015;30;19;21
117;Thu Mar 14 23:02:46 2019;-23.6183546829382,-46.6094826699595;-23.618161790278,-46.6096885741109;-23.6183648 -46.6094947;-23.6181771 -46.6097015;30;19;21
118;Thu Mar 14 23:03:47 2019;-23.6183546829382,-46.6094826699595;-23.618161790278,-46.6096885741109;-23.6183648 -46.6094947;-23.6181771 -46.6097015;30;19;21
119;Thu Mar 14 23:04:47 2019;-23.6183546829382,-46.6094826699595;-23.618161790278,-46.6096885741109;-23.6183648 -46.6094947;-23.6181771 -46.6097015;30;19;21
120;Thu Mar 14 23:05:46 2019;-23.6183546829382,-46.6094826699595;-23.618161790278,-46.6096885741109;-23.6183648 -46.6094947;-23.6181771 -46.6097015;30;19;21
121;Thu Mar 14 23:06:47 2019;-23.6183546829382,-46.6094826699595;-23.618161790278,-46.6096885741109;-23.6183648 -46.6094947;-23.6181771 -46.6097015;30;19;21
122;Thu Mar 14 23:07:46 2019;-23.6183546829382,-46.6094826699595;-23.618161790278,-46.6096885741109;-23.6183648 -46.6094947;-23.6181771 -46.6097015;30;19;22
123;Thu Mar 14 23:08:46 2019;-23.6183546829382,-46.6094826699595;-23.618161790278,-46.6096885741109;-23.6183648 -46.6094947;-23.6181771 -46.6097015;30;19;22
124;Thu Mar 14 23:09:46 2019;-23.6183546829382,-46.6094826699595;-23.618161790278,-46.6096885741109;-23.6183648 -46.6094947;-23.6181771 -46.6097015;30;19;22
125;Thu Mar 14 23:10:46 2019;-23.6183546829382,-46.6094826699595;-23.618161790278,-46.6096885741109;-23.6183648 -46.6094947;-23.6181771 -46.6097015;30;19;22
126;Thu Mar 14 23:11:47 2019;-23.6183546829382,-46.6094826699595;-23.618161790278,-46.6096885741109;-23.6183648 -46.6094947;-23.6181771 -46.6097015;30;19;22
127;Thu Mar 14 23:12:46 2019;-23.6183546829382,-46.6094826699595;-23.618161790278,-46.6096885741109;-23.6183648 -46.6094947;-23.6181771 -46.6097015;30;19;22
128;Thu Mar 14 23:13:46 2019;-23.6183546829382,-46.6094826699595;-23.618161790278,-46.6096885741109;-23.6183648 -46.6094947;-23.6181771 -46.6097015;30;19;22
129;Thu Mar 14 23:14:46 2019;-23.6183546829382,-46.6094826699595;-23.618161790278,-46.6096885741109;-23.6183648 -46.6094947;-23.6181771 -46.6097015;30;19;22
130;Thu Mar 14 23:15:46 2019;-23.6183546829382,-46.6094826699595;-23.618161790278,-46.6096885741109;-23.6183648 -46.6094947;-23.6181771 -46.6097015;30;19;22
131;Thu Mar 14 23:16:46 2019;-23.6183546829382,-46.6094826699595;-23.618161790278,-46.6096885741109;-23.6183648 -46.6094947;-23.6181771 -46.6097015;30;19;22
132;Thu Mar 14 23:17:46 2019;-23.6183546829382,-46.6094826699595;-23.618161790278,-46.6096885741109;-23.6183648 -46.6094947;-23.6181771 -46.6097015;30;19;22
133;Thu Mar 14 23:18:46 2019;-23.6183546829382,-46.6094826699595;-23.618161790278,-46.6096885741109;-23.6183648 -46.6094947;-23.6181771 -46.6097015;30;19;22
134;Thu Mar 14 23:19:46 2019;-23.6183546829382,-46.6094826699595;-23.618161790278,-46.6096885741109;-23.6183648 -46.6094947;-23.6181771 -46.6097015;30;19;22
135;Thu Mar 14 23:20:46 2019;-23.6183546829382,-46.6094826699595;-23.618161790278,-46.6096885741109;-23.6183648 -46.6094947;-23.6181771 -46.6097015;30;19;22
136;Thu Mar 14 23:21:46 2019;-23.6183546829382,-46.6094826699595;-23.618161790278,-46.6096885741109;-23.6183648 -46.6094947;-23.6181771 -46.6097015;30;19;22
137;Thu Mar 14 23:22:46 2019;-23.6183546829382,-46.6094826699595;-23.618161790278,-46.6096885741109;-23.6183648 -46.6094947;-23.6181771 -46.6097015;30;19;23
138;Thu Mar 14 23:23:46 2019;-23.6183546829382,-46.6094826699595;-23.618161790278,-46.6096885741109;-23.6183648 -46.6094947;-23.6181771 -46.6097015;30;19;23
139;Thu Mar 14 23:24:46 2019;-23.6183546829382,-46.6094826699595;-23.618161790278,-46.6096885741109;-23.6183648 -46.6094947;-23.6181771 -46.6097015;30;19;23
140;Thu Mar 14 23:25:46 2019;-23.6183546829382,-46.6094826699595;-23.618161790278,-46.6096885741109;-23.6183648 -46.6094947;-23.6181771 -46.6097015;30;19;23
141;Thu Mar 14 23:26:48 2019;-23.6183546829382,-46.6094826699595;-23.618161790278,-46.6096885741109;-23.6183648 -46.6094947;-23.6181771 -46.6097015;30;19;23
142;Thu Mar 14 23:27:46 2019;-23.6183546829382,-46.6094826699595;-23.618161790278,-46.6096885741109;-23.6183648 -46.6094947;-23.6181771 -46.6097015;30;19;23
143;Thu Mar 14 23:28:46 2019;-23.6183546829382,-46.6094826699595;-23.618161790278,-46.6096885741109;-23.6183648 -46.6094947;-23.6181771 -46.6097015;30;19;23
144;Thu Mar 14 23:29:46 2019;-23.6183546829382,-46.6094826699595;-23.618161790278,-46.6096885741109;-23.6183648 -46.6094947;-23.6181771 -46.6097015;30;19;23
145;Thu Mar 14 23:30:46 2019;-23.6183546829382,-46.6094826699595;-23.618161790278,-46.6096885741109;-23.6183648 -46.6094947;-23.6181771 -46.6097015;30;19;23
146;Thu Mar 14 23:31:46 2019;-23.6183546829382,-46.6094826699595;-23.618161790278,-46.6096885741109;-23.6183648 -46.6094947;-23.6181771 -46.6097015;30;19;23
147;Thu Mar 14 23:32:47 2019;-23.6183546829382,-46.6094826699595;-23.618161790278,-46.6096885741109;-23.6183648 -46.6094947;-23.6181771 -46.6097015;30;19;23
148;Thu Mar 14 23:33:46 2019;-23.6183546829382,-46.6094826699595;-23.618161790278,-46.6096885741109;-23.6183648 -46.6094947;-23.6181771 -46.6097015;30;19;23
149;Thu Mar 14 23:34:46 2019;-23.6183546829382,-46.6094826699595;-23.618161790278,-46.6096885741109;-23.6183648 -46.6094947;-23.6181771 -46.6097015;30;19;23
150;Thu Mar 14 23:35:46 2019;-23.6183546829382,-46.6094826699595;-23.618161790278,-46.6096885741109;-23.6183648 -46.6094947;-23.6181771 -46.6097015;30;19;23
151;Thu Mar 14 23:36:46 2019;-23.6183546829382,-46.6094826699595;-23.618161790278,-46.6096885741109;-23.6183648 -46.6094947;-23.6181771 -46.6097015;30;19;23
152;Thu Mar 14 23:37:46 2019;-23.6183546829382,-46.6094826699595;-23.618161790278,-46.6096885741109;-23.6183648 -46.6094947;-23.6181771 -46.6097015;30;19;20
153;Thu Mar 14 23:38:47 2019;-23.6183546829382,-46.6094826699595;-23.618161790278,-46.6096885741109;-23.6183648 -46.6094947;-23.6181771 -46.6097015;30;19;20
154;Thu Mar 14 23:39:46 2019;-23.6183546829382,-46.6094826699595;-23.618161790278,-46.6096885741109;-23.6183648 -46.6094947;-23.6181771 -46.6097015;30;19;20
155;Thu Mar 14 23:40:46 2019;-23.6183546829382,-46.6094826699595;-23.618161790278,-46.6096885741109;-23.6183648 -46.6094947;-23.6181771 -46.6097015;30;19;20
156;Thu Mar 14 23:41:46 2019;-23.6183546829382,-46.6094826699595;-23.618161790278,-46.6096885741109;-23.6183648 -46.6094947;-23.6181771 -46.6097015;30;19;20
157;Thu Mar 14 23:42:47 2019;-23.6183546829382,-46.6094826699595;-23.618161790278,-46.6096885741109;-23.6183648 -46.6094947;-23.6181771 -46.6097015;30;19;20
158;Thu Mar 14 23:43:46 2019;-23.6183546829382,-46.6094826699595;-23.618161790278,-46.6096885741109;-23.6183648 -46.6094947;-23.6181771 -46.6097015;30;19;20
159;Thu Mar 14 23:44:47 2019;-23.6183546829382,-46.6094826699595;-23.618161790278,-46.6096885741109;-23.6183648 -46.6094947;-23.6181771 -46.6097015;30;19;20
160;Thu Mar 14 23:45:46 2019;-23.6183546829382,-46.6094826699595;-23.618161790278,-46.6096885741109;-23.6183648 -46.6094947;-23.6181771 -46.6097015;30;19;20
161;Thu Mar 14 23:46:47 2019;-23.6183546829382,-46.6094826699595;-23.618161790278,-46.6096885741109;-23.6183648 -46.6094947;-23.6181771 -46.6097015;30;19;20
162;Thu Mar 14 23:47:47 2019;-23.6183546829382,-46.6094826699595;-23.618161790278,-46.6096885741109;-23.6183648 -46.6094947;-23.6181771 -46.6097015;30;19;20
163;Thu Mar 14 23:48:46 2019;-23.6183546829382,-46.6094826699595;-23.618161790278,-46.6096885741109;-23.6183648 -46.6094947;-23.6181771 -46.6097015;30;19;20
164;Thu Mar 14 23:49:46 2019;-23.6183546829382,-46.6094826699595;-23.618161790278,-46.6096885741109;-23.6183648 -46.6094947;-23.6181771 -46.6097015;30;19;20
165;Thu Mar 14 23:50:46 2019;-23.6183546829382,-46.6094826699595;-23.618161790278,-46.6096885741109;-23.6183648 -46.6094947;-23.6181771 -46.6097015;30;19;20
166;Thu Mar 14 23:51:47 2019;-23.6183546829382,-46.6094826699595;-23.618161790278,-46.6096885741109;-23.6183648 -46.6094947;-23.6181771 -46.6097015;30;19;20
167;Thu Mar 14 23:52:46 2019;-23.6183546829382,-46.6094826699595;-23.618161790278,-46.6096885741109;-23.6183648 -46.6094947;-23.6181771 -46.6097015;30;19;20
168;Thu Mar 14 23:53:46 2019;-23.6183546829382,-46.6094826699595;-23.618161790278,-46.6096885741109;-23.6183648 -46.6094947;-23.6181771 -46.6097015;30;19;20
169;Thu Mar 14 23:54:46 2019;-23.6183546829382,-46.6094826699595;-23.618161790278,-46.6096885741109;-23.6183648 -46.6094947;-23.6181771 -46.6097015;30;19;20
170;Thu Mar 14 23:55:47 2019;-23.6183546829382,-46.6094826699595;-23.618161790278,-46.6096885741109;-23.6183648 -46.6094947;-23.6181771 -46.6097015;30;19;20
171;Thu Mar 14 23:56:46 2019;-23.6183546829382,-46.6094826699595;-23.618161790278,-46.6096885741109;-23.6183648 -46.6094947;-23.6181771 -46.6097015;30;19;20
172;Thu Mar 14 23:57:46 2019;-23.6183546829382,-46.6094826699595;-23.618161790278,-46.6096885741109;-23.6183648 -46.6094947;-23.6181771 -46.6097015;30;19;20
173;Thu Mar 14 23:58:47 2019;-23.6183546829382,-46.6094826699595;-23.618161790278,-46.6096885741109;-23.6183648 -46.6094947;-23.6181771 -46.6097015;30;19;20
174;Thu Mar 14 23:59:46 2019;-23.6183546829382,-46.6094826699595;-23.618161790278,-46.6096885741109;-23.6183648 -46.6094947;-23.6181771 -46.6097015;30;19;20
