38972;Thu Mar 14 00:00:35 2019;-23.5904938971378,-46.6322156913943;-23.5906284496643,-46.6326373943149;-23.5904749 -46.6322226;-23.5906252 -46.6326387;46;9;14
39213;Thu Mar 14 04:01:35 2019;-23.5904938971378,-46.6322156913943;-23.5906284496643,-46.6326373943149;-23.5904749 -46.6322226;-23.5906252 -46.6326387;46;9;7
39214;Thu Mar 14 04:02:35 2019;-23.5904938971378,-46.6322156913943;-23.5906284496643,-46.6326373943149;-23.5904749 -46.6322226;-23.5906252 -46.6326387;46;9;7
39215;Thu Mar 14 04:03:35 2019;-23.5904938971378,-46.6322156913943;-23.5906284496643,-46.6326373943149;-23.5904749 -46.6322226;-23.5906252 -46.6326387;46;9;7
39216;Thu Mar 14 04:04:35 2019;-23.5904938971378,-46.6322156913943;-23.5906284496643,-46.6326373943149;-23.5904749 -46.6322226;-23.5906252 -46.6326387;46;9;7
39217;Thu Mar 14 04:05:35 2019;-23.5904938971378,-46.6322156913943;-23.5906284496643,-46.6326373943149;-23.5904749 -46.6322226;-23.5906252 -46.6326387;46;9;7
39218;Thu Mar 14 04:06:35 2019;-23.5904938971378,-46.6322156913943;-23.5906284496643,-46.6326373943149;-23.5904749 -46.6322226;-23.5906252 -46.6326387;46;9;7
39219;Thu Mar 14 04:07:35 2019;-23.5904938971378,-46.6322156913943;-23.5906284496643,-46.6326373943149;-23.5904749 -46.6322226;-23.5906252 -46.6326387;46;9;8
39220;Thu Mar 14 04:08:35 2019;-23.5904938971378,-46.6322156913943;-23.5906284496643,-46.6326373943149;-23.5904749 -46.6322226;-23.5906252 -46.6326387;46;9;8
39221;Thu Mar 14 04:09:35 2019;-23.5904938971378,-46.6322156913943;-23.5906284496643,-46.6326373943149;-23.5904749 -46.6322226;-23.5906252 -46.6326387;46;9;8
1;Thu Mar 14 21:06:57 2019;-23.5904938971378,-46.6322156913943;-23.5906284496643,-46.6326373943149;-23.5904749 -46.6322226;-23.5906252 -46.6326387;46;9;17
2;Thu Mar 14 21:07:49 2019;-23.5904938971378,-46.6322156913943;-23.5906284496643,-46.6326373943149;-23.5904749 -46.6322226;-23.5906252 -46.6326387;46;9;14
3;Thu Mar 14 21:08:52 2019;-23.5904938971378,-46.6322156913943;-23.5906284496643,-46.6326373943149;-23.5904749 -46.6322226;-23.5906252 -46.6326387;46;9;14
4;Thu Mar 14 21:09:49 2019;-23.5904938971378,-46.6322156913943;-23.5906284496643,-46.6326373943149;-23.5904749 -46.6322226;-23.5906252 -46.6326387;46;9;14
5;Thu Mar 14 21:10:49 2019;-23.5904938971378,-46.6322156913943;-23.5906284496643,-46.6326373943149;-23.5904749 -46.6322226;-23.5906252 -46.6326387;46;9;14
6;Thu Mar 14 21:11:49 2019;-23.5904938971378,-46.6322156913943;-23.5906284496643,-46.6326373943149;-23.5904749 -46.6322226;-23.5906252 -46.6326387;46;9;14
7;Thu Mar 14 21:12:48 2019;-23.5904938971378,-46.6322156913943;-23.5906284496643,-46.6326373943149;-23.5904749 -46.6322226;-23.5906252 -46.6326387;46;9;14
8;Thu Mar 14 21:13:48 2019;-23.5904938971378,-46.6322156913943;-23.5906284496643,-46.6326373943149;-23.5904749 -46.6322226;-23.5906252 -46.6326387;46;9;14
9;Thu Mar 14 21:14:49 2019;-23.5904938971378,-46.6322156913943;-23.5906284496643,-46.6326373943149;-23.5904749 -46.6322226;-23.5906252 -46.6326387;46;9;14
10;Thu Mar 14 21:15:49 2019;-23.5904938971378,-46.6322156913943;-23.5906284496643,-46.6326373943149;-23.5904749 -46.6322226;-23.5906252 -46.6326387;46;9;14
11;Thu Mar 14 21:16:49 2019;-23.5904938971378,-46.6322156913943;-23.5906284496643,-46.6326373943149;-23.5904749 -46.6322226;-23.5906252 -46.6326387;46;9;14
12;Thu Mar 14 21:17:49 2019;-23.5904938971378,-46.6322156913943;-23.5906284496643,-46.6326373943149;-23.5904749 -46.6322226;-23.5906252 -46.6326387;46;9;14
13;Thu Mar 14 21:18:49 2019;-23.5904938971378,-46.6322156913943;-23.5906284496643,-46.6326373943149;-23.5904749 -46.6322226;-23.5906252 -46.6326387;46;9;14
14;Thu Mar 14 21:19:49 2019;-23.5904938971378,-46.6322156913943;-23.5906284496643,-46.6326373943149;-23.5904749 -46.6322226;-23.5906252 -46.6326387;46;9;14
15;Thu Mar 14 21:20:49 2019;-23.5904938971378,-46.6322156913943;-23.5906284496643,-46.6326373943149;-23.5904749 -46.6322226;-23.5906252 -46.6326387;46;9;14
16;Thu Mar 14 21:21:50 2019;-23.5904938971378,-46.6322156913943;-23.5906284496643,-46.6326373943149;-23.5904749 -46.6322226;-23.5906252 -46.6326387;46;9;14
17;Thu Mar 14 21:22:49 2019;-23.5904938971378,-46.6322156913943;-23.5906284496643,-46.6326373943149;-23.5904749 -46.6322226;-23.5906252 -46.6326387;46;9;15
18;Thu Mar 14 21:23:49 2019;-23.5904938971378,-46.6322156913943;-23.5906284496643,-46.6326373943149;-23.5904749 -46.6322226;-23.5906252 -46.6326387;46;9;15
19;Thu Mar 14 21:24:49 2019;-23.5904938971378,-46.6322156913943;-23.5906284496643,-46.6326373943149;-23.5904749 -46.6322226;-23.5906252 -46.6326387;46;9;15
20;Thu Mar 14 21:25:48 2019;-23.5904938971378,-46.6322156913943;-23.5906284496643,-46.6326373943149;-23.5904749 -46.6322226;-23.5906252 -46.6326387;46;9;15
21;Thu Mar 14 21:26:49 2019;-23.5904938971378,-46.6322156913943;-23.5906284496643,-46.6326373943149;-23.5904749 -46.6322226;-23.5906252 -46.6326387;46;9;15
22;Thu Mar 14 21:27:48 2019;-23.5904938971378,-46.6322156913943;-23.5906284496643,-46.6326373943149;-23.5904749 -46.6322226;-23.5906252 -46.6326387;46;9;15
23;Thu Mar 14 21:28:48 2019;-23.5904938971378,-46.6322156913943;-23.5906284496643,-46.6326373943149;-23.5904749 -46.6322226;-23.5906252 -46.6326387;46;9;15
24;Thu Mar 14 21:29:49 2019;-23.5904938971378,-46.6322156913943;-23.5906284496643,-46.6326373943149;-23.5904749 -46.6322226;-23.5906252 -46.6326387;46;9;15
25;Thu Mar 14 21:30:48 2019;-23.5904938971378,-46.6322156913943;-23.5906284496643,-46.6326373943149;-23.5904749 -46.6322226;-23.5906252 -46.6326387;46;9;15
26;Thu Mar 14 21:31:48 2019;-23.5904938971378,-46.6322156913943;-23.5906284496643,-46.6326373943149;-23.5904749 -46.6322226;-23.5906252 -46.6326387;46;9;15
27;Thu Mar 14 21:32:48 2019;-23.5904938971378,-46.6322156913943;-23.5906284496643,-46.6326373943149;-23.5904749 -46.6322226;-23.5906252 -46.6326387;46;9;15
28;Thu Mar 14 21:33:49 2019;-23.5904938971378,-46.6322156913943;-23.5906284496643,-46.6326373943149;-23.5904749 -46.6322226;-23.5906252 -46.6326387;46;9;15
29;Thu Mar 14 21:34:49 2019;-23.5904938971378,-46.6322156913943;-23.5906284496643,-46.6326373943149;-23.5904749 -46.6322226;-23.5906252 -46.6326387;46;9;15
30;Thu Mar 14 21:35:48 2019;-23.5904938971378,-46.6322156913943;-23.5906284496643,-46.6326373943149;-23.5904749 -46.6322226;-23.5906252 -46.6326387;46;9;15
31;Thu Mar 14 21:36:48 2019;-23.5904938971378,-46.6322156913943;-23.5906284496643,-46.6326373943149;-23.5904749 -46.6322226;-23.5906252 -46.6326387;46;9;15
32;Thu Mar 14 21:37:49 2019;-23.5904938971378,-46.6322156913943;-23.5906284496643,-46.6326373943149;-23.5904749 -46.6322226;-23.5906252 -46.6326387;46;9;14
33;Thu Mar 14 21:38:48 2019;-23.5904938971378,-46.6322156913943;-23.5906284496643,-46.6326373943149;-23.5904749 -46.6322226;-23.5906252 -46.6326387;46;9;14
34;Thu Mar 14 21:39:48 2019;-23.5904938971378,-46.6322156913943;-23.5906284496643,-46.6326373943149;-23.5904749 -46.6322226;-23.5906252 -46.6326387;46;9;14
35;Thu Mar 14 21:40:48 2019;-23.5904938971378,-46.6322156913943;-23.5906284496643,-46.6326373943149;-23.5904749 -46.6322226;-23.5906252 -46.6326387;46;9;14
36;Thu Mar 14 21:41:48 2019;-23.5904938971378,-46.6322156913943;-23.5906284496643,-46.6326373943149;-23.5904749 -46.6322226;-23.5906252 -46.6326387;46;9;14
37;Thu Mar 14 21:42:48 2019;-23.5904938971378,-46.6322156913943;-23.5906284496643,-46.6326373943149;-23.5904749 -46.6322226;-23.5906252 -46.6326387;46;9;14
38;Thu Mar 14 21:43:48 2019;-23.5904938971378,-46.6322156913943;-23.5906284496643,-46.6326373943149;-23.5904749 -46.6322226;-23.5906252 -46.6326387;46;9;14
39;Thu Mar 14 21:44:49 2019;-23.5904938971378,-46.6322156913943;-23.5906284496643,-46.6326373943149;-23.5904749 -46.6322226;-23.5906252 -46.6326387;46;9;14
40;Thu Mar 14 21:45:48 2019;-23.5904938971378,-46.6322156913943;-23.5906284496643,-46.6326373943149;-23.5904749 -46.6322226;-23.5906252 -46.6326387;46;9;14
41;Thu Mar 14 21:46:48 2019;-23.5904938971378,-46.6322156913943;-23.5906284496643,-46.6326373943149;-23.5904749 -46.6322226;-23.5906252 -46.6326387;46;9;14
42;Thu Mar 14 21:47:48 2019;-23.5904938971378,-46.6322156913943;-23.5906284496643,-46.6326373943149;-23.5904749 -46.6322226;-23.5906252 -46.6326387;46;9;14
43;Thu Mar 14 21:48:49 2019;-23.5904938971378,-46.6322156913943;-23.5906284496643,-46.6326373943149;-23.5904749 -46.6322226;-23.5906252 -46.6326387;46;9;14
44;Thu Mar 14 21:49:48 2019;-23.5904938971378,-46.6322156913943;-23.5906284496643,-46.6326373943149;-23.5904749 -46.6322226;-23.5906252 -46.6326387;46;9;14
45;Thu Mar 14 21:50:48 2019;-23.5904938971378,-46.6322156913943;-23.5906284496643,-46.6326373943149;-23.5904749 -46.6322226;-23.5906252 -46.6326387;46;9;14
46;Thu Mar 14 21:51:48 2019;-23.5904938971378,-46.6322156913943;-23.5906284496643,-46.6326373943149;-23.5904749 -46.6322226;-23.5906252 -46.6326387;46;9;14
47;Thu Mar 14 21:52:49 2019;-23.5904938971378,-46.6322156913943;-23.5906284496643,-46.6326373943149;-23.5904749 -46.6322226;-23.5906252 -46.6326387;46;9;14
48;Thu Mar 14 21:53:48 2019;-23.5904938971378,-46.6322156913943;-23.5906284496643,-46.6326373943149;-23.5904749 -46.6322226;-23.5906252 -46.6326387;46;9;14
49;Thu Mar 14 21:54:49 2019;-23.5904938971378,-46.6322156913943;-23.5906284496643,-46.6326373943149;-23.5904749 -46.6322226;-23.5906252 -46.6326387;46;9;14
50;Thu Mar 14 21:55:48 2019;-23.5904938971378,-46.6322156913943;-23.5906284496643,-46.6326373943149;-23.5904749 -46.6322226;-23.5906252 -46.6326387;46;9;14
51;Thu Mar 14 21:56:49 2019;-23.5904938971378,-46.6322156913943;-23.5906284496643,-46.6326373943149;-23.5904749 -46.6322226;-23.5906252 -46.6326387;46;9;14
52;Thu Mar 14 21:57:48 2019;-23.5904938971378,-46.6322156913943;-23.5906284496643,-46.6326373943149;-23.5904749 -46.6322226;-23.5906252 -46.6326387;46;9;14
53;Thu Mar 14 21:58:49 2019;-23.5904938971378,-46.6322156913943;-23.5906284496643,-46.6326373943149;-23.5904749 -46.6322226;-23.5906252 -46.6326387;46;9;14
54;Thu Mar 14 21:59:48 2019;-23.5904938971378,-46.6322156913943;-23.5906284496643,-46.6326373943149;-23.5904749 -46.6322226;-23.5906252 -46.6326387;46;9;14
55;Thu Mar 14 22:00:48 2019;-23.5904938971378,-46.6322156913943;-23.5906284496643,-46.6326373943149;-23.5904749 -46.6322226;-23.5906252 -46.6326387;46;9;14
56;Thu Mar 14 22:01:48 2019;-23.5904938971378,-46.6322156913943;-23.5906284496643,-46.6326373943149;-23.5904749 -46.6322226;-23.5906252 -46.6326387;46;9;14
57;Thu Mar 14 22:02:48 2019;-23.5904938971378,-46.6322156913943;-23.5906284496643,-46.6326373943149;-23.5904749 -46.6322226;-23.5906252 -46.6326387;46;9;14
58;Thu Mar 14 22:03:48 2019;-23.5904938971378,-46.6322156913943;-23.5906284496643,-46.6326373943149;-23.5904749 -46.6322226;-23.5906252 -46.6326387;46;9;14
59;Thu Mar 14 22:04:49 2019;-23.5904938971378,-46.6322156913943;-23.5906284496643,-46.6326373943149;-23.5904749 -46.6322226;-23.5906252 -46.6326387;46;9;14
60;Thu Mar 14 22:05:49 2019;-23.5904938971378,-46.6322156913943;-23.5906284496643,-46.6326373943149;-23.5904749 -46.6322226;-23.5906252 -46.6326387;46;9;14
61;Thu Mar 14 22:06:49 2019;-23.5904938971378,-46.6322156913943;-23.5906284496643,-46.6326373943149;-23.5904749 -46.6322226;-23.5906252 -46.6326387;46;9;14
62;Thu Mar 14 22:07:49 2019;-23.5904938971378,-46.6322156913943;-23.5906284496643,-46.6326373943149;-23.5904749 -46.6322226;-23.5906252 -46.6326387;46;9;14
63;Thu Mar 14 22:08:49 2019;-23.5904938971378,-46.6322156913943;-23.5906284496643,-46.6326373943149;-23.5904749 -46.6322226;-23.5906252 -46.6326387;46;9;14
64;Thu Mar 14 22:09:48 2019;-23.5904938971378,-46.6322156913943;-23.5906284496643,-46.6326373943149;-23.5904749 -46.6322226;-23.5906252 -46.6326387;46;9;14
65;Thu Mar 14 22:10:48 2019;-23.5904938971378,-46.6322156913943;-23.5906284496643,-46.6326373943149;-23.5904749 -46.6322226;-23.5906252 -46.6326387;46;9;14
66;Thu Mar 14 22:11:49 2019;-23.5904938971378,-46.6322156913943;-23.5906284496643,-46.6326373943149;-23.5904749 -46.6322226;-23.5906252 -46.6326387;46;9;14
67;Thu Mar 14 22:12:48 2019;-23.5904938971378,-46.6322156913943;-23.5906284496643,-46.6326373943149;-23.5904749 -46.6322226;-23.5906252 -46.6326387;46;9;14
68;Thu Mar 14 22:13:48 2019;-23.5904938971378,-46.6322156913943;-23.5906284496643,-46.6326373943149;-23.5904749 -46.6322226;-23.5906252 -46.6326387;46;9;14
69;Thu Mar 14 22:14:48 2019;-23.5904938971378,-46.6322156913943;-23.5906284496643,-46.6326373943149;-23.5904749 -46.6322226;-23.5906252 -46.6326387;46;9;14
70;Thu Mar 14 22:15:49 2019;-23.5904938971378,-46.6322156913943;-23.5906284496643,-46.6326373943149;-23.5904749 -46.6322226;-23.5906252 -46.6326387;46;9;14
71;Thu Mar 14 22:16:48 2019;-23.5904938971378,-46.6322156913943;-23.5906284496643,-46.6326373943149;-23.5904749 -46.6322226;-23.5906252 -46.6326387;46;9;14
72;Thu Mar 14 22:17:48 2019;-23.5904938971378,-46.6322156913943;-23.5906284496643,-46.6326373943149;-23.5904749 -46.6322226;-23.5906252 -46.6326387;46;9;14
73;Thu Mar 14 22:18:48 2019;-23.5904938971378,-46.6322156913943;-23.5906284496643,-46.6326373943149;-23.5904749 -46.6322226;-23.5906252 -46.6326387;46;9;14
74;Thu Mar 14 22:19:49 2019;-23.5904938971378,-46.6322156913943;-23.5906284496643,-46.6326373943149;-23.5904749 -46.6322226;-23.5906252 -46.6326387;46;9;14
75;Thu Mar 14 22:20:48 2019;-23.5904938971378,-46.6322156913943;-23.5906284496643,-46.6326373943149;-23.5904749 -46.6322226;-23.5906252 -46.6326387;46;9;14
76;Thu Mar 14 22:21:48 2019;-23.5904938971378,-46.6322156913943;-23.5906284496643,-46.6326373943149;-23.5904749 -46.6322226;-23.5906252 -46.6326387;46;9;14
77;Thu Mar 14 22:22:49 2019;-23.5904938971378,-46.6322156913943;-23.5906284496643,-46.6326373943149;-23.5904749 -46.6322226;-23.5906252 -46.6326387;46;9;12
78;Thu Mar 14 22:23:48 2019;-23.5904938971378,-46.6322156913943;-23.5906284496643,-46.6326373943149;-23.5904749 -46.6322226;-23.5906252 -46.6326387;46;9;12
79;Thu Mar 14 22:24:48 2019;-23.5904938971378,-46.6322156913943;-23.5906284496643,-46.6326373943149;-23.5904749 -46.6322226;-23.5906252 -46.6326387;46;9;12
80;Thu Mar 14 22:25:49 2019;-23.5904938971378,-46.6322156913943;-23.5906284496643,-46.6326373943149;-23.5904749 -46.6322226;-23.5906252 -46.6326387;46;9;12
81;Thu Mar 14 22:26:49 2019;-23.5904938971378,-46.6322156913943;-23.5906284496643,-46.6326373943149;-23.5904749 -46.6322226;-23.5906252 -46.6326387;46;9;12
82;Thu Mar 14 22:27:49 2019;-23.5904938971378,-46.6322156913943;-23.5906284496643,-46.6326373943149;-23.5904749 -46.6322226;-23.5906252 -46.6326387;46;9;12
83;Thu Mar 14 22:28:48 2019;-23.5904938971378,-46.6322156913943;-23.5906284496643,-46.6326373943149;-23.5904749 -46.6322226;-23.5906252 -46.6326387;46;9;12
84;Thu Mar 14 22:29:48 2019;-23.5904938971378,-46.6322156913943;-23.5906284496643,-46.6326373943149;-23.5904749 -46.6322226;-23.5906252 -46.6326387;46;9;12
85;Thu Mar 14 22:30:48 2019;-23.5904938971378,-46.6322156913943;-23.5906284496643,-46.6326373943149;-23.5904749 -46.6322226;-23.5906252 -46.6326387;46;9;12
86;Thu Mar 14 22:31:48 2019;-23.5904938971378,-46.6322156913943;-23.5906284496643,-46.6326373943149;-23.5904749 -46.6322226;-23.5906252 -46.6326387;46;9;12
87;Thu Mar 14 22:32:49 2019;-23.5904938971378,-46.6322156913943;-23.5906284496643,-46.6326373943149;-23.5904749 -46.6322226;-23.5906252 -46.6326387;46;9;12
88;Thu Mar 14 22:33:48 2019;-23.5904938971378,-46.6322156913943;-23.5906284496643,-46.6326373943149;-23.5904749 -46.6322226;-23.5906252 -46.6326387;46;9;12
89;Thu Mar 14 22:34:48 2019;-23.5904938971378,-46.6322156913943;-23.5906284496643,-46.6326373943149;-23.5904749 -46.6322226;-23.5906252 -46.6326387;46;9;12
90;Thu Mar 14 22:35:48 2019;-23.5904938971378,-46.6322156913943;-23.5906284496643,-46.6326373943149;-23.5904749 -46.6322226;-23.5906252 -46.6326387;46;9;12
91;Thu Mar 14 22:36:48 2019;-23.5904938971378,-46.6322156913943;-23.5906284496643,-46.6326373943149;-23.5904749 -46.6322226;-23.5906252 -46.6326387;46;9;12
92;Thu Mar 14 22:37:49 2019;-23.5904938971378,-46.6322156913943;-23.5906284496643,-46.6326373943149;-23.5904749 -46.6322226;-23.5906252 -46.6326387;46;9;13
93;Thu Mar 14 22:38:50 2019;-23.5904938971378,-46.6322156913943;-23.5906284496643,-46.6326373943149;-23.5904749 -46.6322226;-23.5906252 -46.6326387;46;9;13
94;Thu Mar 14 22:39:48 2019;-23.5904938971378,-46.6322156913943;-23.5906284496643,-46.6326373943149;-23.5904749 -46.6322226;-23.5906252 -46.6326387;46;9;13
95;Thu Mar 14 22:40:49 2019;-23.5904938971378,-46.6322156913943;-23.5906284496643,-46.6326373943149;-23.5904749 -46.6322226;-23.5906252 -46.6326387;46;9;13
96;Thu Mar 14 22:41:48 2019;-23.5904938971378,-46.6322156913943;-23.5906284496643,-46.6326373943149;-23.5904749 -46.6322226;-23.5906252 -46.6326387;46;9;13
97;Thu Mar 14 22:42:49 2019;-23.5904938971378,-46.6322156913943;-23.5906284496643,-46.6326373943149;-23.5904749 -46.6322226;-23.5906252 -46.6326387;46;9;13
98;Thu Mar 14 22:43:48 2019;-23.5904938971378,-46.6322156913943;-23.5906284496643,-46.6326373943149;-23.5904749 -46.6322226;-23.5906252 -46.6326387;46;9;13
99;Thu Mar 14 22:44:49 2019;-23.5904938971378,-46.6322156913943;-23.5906284496643,-46.6326373943149;-23.5904749 -46.6322226;-23.5906252 -46.6326387;46;9;13
100;Thu Mar 14 22:45:48 2019;-23.5904938971378,-46.6322156913943;-23.5906284496643,-46.6326373943149;-23.5904749 -46.6322226;-23.5906252 -46.6326387;46;9;13
101;Thu Mar 14 22:46:49 2019;-23.5904938971378,-46.6322156913943;-23.5906284496643,-46.6326373943149;-23.5904749 -46.6322226;-23.5906252 -46.6326387;46;9;13
102;Thu Mar 14 22:47:48 2019;-23.5904938971378,-46.6322156913943;-23.5906284496643,-46.6326373943149;-23.5904749 -46.6322226;-23.5906252 -46.6326387;46;9;13
103;Thu Mar 14 22:48:48 2019;-23.5904938971378,-46.6322156913943;-23.5906284496643,-46.6326373943149;-23.5904749 -46.6322226;-23.5906252 -46.6326387;46;9;13
104;Thu Mar 14 22:49:48 2019;-23.5904938971378,-46.6322156913943;-23.5906284496643,-46.6326373943149;-23.5904749 -46.6322226;-23.5906252 -46.6326387;46;9;13
105;Thu Mar 14 22:50:49 2019;-23.5904938971378,-46.6322156913943;-23.5906284496643,-46.6326373943149;-23.5904749 -46.6322226;-23.5906252 -46.6326387;46;9;13
106;Thu Mar 14 22:51:48 2019;-23.5904938971378,-46.6322156913943;-23.5906284496643,-46.6326373943149;-23.5904749 -46.6322226;-23.5906252 -46.6326387;46;9;13
107;Thu Mar 14 22:52:49 2019;-23.5904938971378,-46.6322156913943;-23.5906284496643,-46.6326373943149;-23.5904749 -46.6322226;-23.5906252 -46.6326387;46;9;12
108;Thu Mar 14 22:53:49 2019;-23.5904938971378,-46.6322156913943;-23.5906284496643,-46.6326373943149;-23.5904749 -46.6322226;-23.5906252 -46.6326387;46;9;12
109;Thu Mar 14 22:54:48 2019;-23.5904938971378,-46.6322156913943;-23.5906284496643,-46.6326373943149;-23.5904749 -46.6322226;-23.5906252 -46.6326387;46;9;12
110;Thu Mar 14 22:55:48 2019;-23.5904938971378,-46.6322156913943;-23.5906284496643,-46.6326373943149;-23.5904749 -46.6322226;-23.5906252 -46.6326387;46;9;12
111;Thu Mar 14 22:56:50 2019;-23.5904938971378,-46.6322156913943;-23.5906284496643,-46.6326373943149;-23.5904749 -46.6322226;-23.5906252 -46.6326387;46;9;12
112;Thu Mar 14 22:57:48 2019;-23.5904938971378,-46.6322156913943;-23.5906284496643,-46.6326373943149;-23.5904749 -46.6322226;-23.5906252 -46.6326387;46;9;12
113;Thu Mar 14 22:58:48 2019;-23.5904938971378,-46.6322156913943;-23.5906284496643,-46.6326373943149;-23.5904749 -46.6322226;-23.5906252 -46.6326387;46;9;12
114;Thu Mar 14 22:59:48 2019;-23.5904938971378,-46.6322156913943;-23.5906284496643,-46.6326373943149;-23.5904749 -46.6322226;-23.5906252 -46.6326387;46;9;12
115;Thu Mar 14 23:00:48 2019;-23.5904938971378,-46.6322156913943;-23.5906284496643,-46.6326373943149;-23.5904749 -46.6322226;-23.5906252 -46.6326387;46;9;12
116;Thu Mar 14 23:01:48 2019;-23.5904938971378,-46.6322156913943;-23.5906284496643,-46.6326373943149;-23.5904749 -46.6322226;-23.5906252 -46.6326387;46;9;12
117;Thu Mar 14 23:02:48 2019;-23.5904938971378,-46.6322156913943;-23.5906284496643,-46.6326373943149;-23.5904749 -46.6322226;-23.5906252 -46.6326387;46;9;12
118;Thu Mar 14 23:03:48 2019;-23.5904938971378,-46.6322156913943;-23.5906284496643,-46.6326373943149;-23.5904749 -46.6322226;-23.5906252 -46.6326387;46;9;12
119;Thu Mar 14 23:04:48 2019;-23.5904938971378,-46.6322156913943;-23.5906284496643,-46.6326373943149;-23.5904749 -46.6322226;-23.5906252 -46.6326387;46;9;12
120;Thu Mar 14 23:05:48 2019;-23.5904938971378,-46.6322156913943;-23.5906284496643,-46.6326373943149;-23.5904749 -46.6322226;-23.5906252 -46.6326387;46;9;12
121;Thu Mar 14 23:06:49 2019;-23.5904938971378,-46.6322156913943;-23.5906284496643,-46.6326373943149;-23.5904749 -46.6322226;-23.5906252 -46.6326387;46;9;12
122;Thu Mar 14 23:07:49 2019;-23.5904938971378,-46.6322156913943;-23.5906284496643,-46.6326373943149;-23.5904749 -46.6322226;-23.5906252 -46.6326387;46;9;12
123;Thu Mar 14 23:08:48 2019;-23.5904938971378,-46.6322156913943;-23.5906284496643,-46.6326373943149;-23.5904749 -46.6322226;-23.5906252 -46.6326387;46;9;12
124;Thu Mar 14 23:09:48 2019;-23.5904938971378,-46.6322156913943;-23.5906284496643,-46.6326373943149;-23.5904749 -46.6322226;-23.5906252 -46.6326387;46;9;12
125;Thu Mar 14 23:10:48 2019;-23.5904938971378,-46.6322156913943;-23.5906284496643,-46.6326373943149;-23.5904749 -46.6322226;-23.5906252 -46.6326387;46;9;12
126;Thu Mar 14 23:11:48 2019;-23.5904938971378,-46.6322156913943;-23.5906284496643,-46.6326373943149;-23.5904749 -46.6322226;-23.5906252 -46.6326387;46;9;12
127;Thu Mar 14 23:12:48 2019;-23.5904938971378,-46.6322156913943;-23.5906284496643,-46.6326373943149;-23.5904749 -46.6322226;-23.5906252 -46.6326387;46;9;12
128;Thu Mar 14 23:13:48 2019;-23.5904938971378,-46.6322156913943;-23.5906284496643,-46.6326373943149;-23.5904749 -46.6322226;-23.5906252 -46.6326387;46;9;12
129;Thu Mar 14 23:14:48 2019;-23.5904938971378,-46.6322156913943;-23.5906284496643,-46.6326373943149;-23.5904749 -46.6322226;-23.5906252 -46.6326387;46;9;12
130;Thu Mar 14 23:15:48 2019;-23.5904938971378,-46.6322156913943;-23.5906284496643,-46.6326373943149;-23.5904749 -46.6322226;-23.5906252 -46.6326387;46;9;12
131;Thu Mar 14 23:16:48 2019;-23.5904938971378,-46.6322156913943;-23.5906284496643,-46.6326373943149;-23.5904749 -46.6322226;-23.5906252 -46.6326387;46;9;12
132;Thu Mar 14 23:17:48 2019;-23.5904938971378,-46.6322156913943;-23.5906284496643,-46.6326373943149;-23.5904749 -46.6322226;-23.5906252 -46.6326387;46;9;12
133;Thu Mar 14 23:18:48 2019;-23.5904938971378,-46.6322156913943;-23.5906284496643,-46.6326373943149;-23.5904749 -46.6322226;-23.5906252 -46.6326387;46;9;12
134;Thu Mar 14 23:19:48 2019;-23.5904938971378,-46.6322156913943;-23.5906284496643,-46.6326373943149;-23.5904749 -46.6322226;-23.5906252 -46.6326387;46;9;12
135;Thu Mar 14 23:20:48 2019;-23.5904938971378,-46.6322156913943;-23.5906284496643,-46.6326373943149;-23.5904749 -46.6322226;-23.5906252 -46.6326387;46;9;12
136;Thu Mar 14 23:21:48 2019;-23.5904938971378,-46.6322156913943;-23.5906284496643,-46.6326373943149;-23.5904749 -46.6322226;-23.5906252 -46.6326387;46;9;12
137;Thu Mar 14 23:22:50 2019;-23.5904938971378,-46.6322156913943;-23.5906284496643,-46.6326373943149;-23.5904749 -46.6322226;-23.5906252 -46.6326387;46;9;13
138;Thu Mar 14 23:23:48 2019;-23.5904938971378,-46.6322156913943;-23.5906284496643,-46.6326373943149;-23.5904749 -46.6322226;-23.5906252 -46.6326387;46;9;13
139;Thu Mar 14 23:24:48 2019;-23.5904938971378,-46.6322156913943;-23.5906284496643,-46.6326373943149;-23.5904749 -46.6322226;-23.5906252 -46.6326387;46;9;13
140;Thu Mar 14 23:25:48 2019;-23.5904938971378,-46.6322156913943;-23.5906284496643,-46.6326373943149;-23.5904749 -46.6322226;-23.5906252 -46.6326387;46;9;13
141;Thu Mar 14 23:26:50 2019;-23.5904938971378,-46.6322156913943;-23.5906284496643,-46.6326373943149;-23.5904749 -46.6322226;-23.5906252 -46.6326387;46;9;13
142;Thu Mar 14 23:27:48 2019;-23.5904938971378,-46.6322156913943;-23.5906284496643,-46.6326373943149;-23.5904749 -46.6322226;-23.5906252 -46.6326387;46;9;13
143;Thu Mar 14 23:28:48 2019;-23.5904938971378,-46.6322156913943;-23.5906284496643,-46.6326373943149;-23.5904749 -46.6322226;-23.5906252 -46.6326387;46;9;13
144;Thu Mar 14 23:29:48 2019;-23.5904938971378,-46.6322156913943;-23.5906284496643,-46.6326373943149;-23.5904749 -46.6322226;-23.5906252 -46.6326387;46;9;13
145;Thu Mar 14 23:30:48 2019;-23.5904938971378,-46.6322156913943;-23.5906284496643,-46.6326373943149;-23.5904749 -46.6322226;-23.5906252 -46.6326387;46;9;13
146;Thu Mar 14 23:31:48 2019;-23.5904938971378,-46.6322156913943;-23.5906284496643,-46.6326373943149;-23.5904749 -46.6322226;-23.5906252 -46.6326387;46;9;13
147;Thu Mar 14 23:32:49 2019;-23.5904938971378,-46.6322156913943;-23.5906284496643,-46.6326373943149;-23.5904749 -46.6322226;-23.5906252 -46.6326387;46;9;13
148;Thu Mar 14 23:33:48 2019;-23.5904938971378,-46.6322156913943;-23.5906284496643,-46.6326373943149;-23.5904749 -46.6322226;-23.5906252 -46.6326387;46;9;13
149;Thu Mar 14 23:34:48 2019;-23.5904938971378,-46.6322156913943;-23.5906284496643,-46.6326373943149;-23.5904749 -46.6322226;-23.5906252 -46.6326387;46;9;13
150;Thu Mar 14 23:35:48 2019;-23.5904938971378,-46.6322156913943;-23.5906284496643,-46.6326373943149;-23.5904749 -46.6322226;-23.5906252 -46.6326387;46;9;13
151;Thu Mar 14 23:36:49 2019;-23.5904938971378,-46.6322156913943;-23.5906284496643,-46.6326373943149;-23.5904749 -46.6322226;-23.5906252 -46.6326387;46;9;13
152;Thu Mar 14 23:37:50 2019;-23.5904938971378,-46.6322156913943;-23.5906284496643,-46.6326373943149;-23.5904749 -46.6322226;-23.5906252 -46.6326387;46;9;11
153;Thu Mar 14 23:38:48 2019;-23.5904938971378,-46.6322156913943;-23.5906284496643,-46.6326373943149;-23.5904749 -46.6322226;-23.5906252 -46.6326387;46;9;11
154;Thu Mar 14 23:39:48 2019;-23.5904938971378,-46.6322156913943;-23.5906284496643,-46.6326373943149;-23.5904749 -46.6322226;-23.5906252 -46.6326387;46;9;11
155;Thu Mar 14 23:40:49 2019;-23.5904938971378,-46.6322156913943;-23.5906284496643,-46.6326373943149;-23.5904749 -46.6322226;-23.5906252 -46.6326387;46;9;11
156;Thu Mar 14 23:41:48 2019;-23.5904938971378,-46.6322156913943;-23.5906284496643,-46.6326373943149;-23.5904749 -46.6322226;-23.5906252 -46.6326387;46;9;11
157;Thu Mar 14 23:42:49 2019;-23.5904938971378,-46.6322156913943;-23.5906284496643,-46.6326373943149;-23.5904749 -46.6322226;-23.5906252 -46.6326387;46;9;11
158;Thu Mar 14 23:43:48 2019;-23.5904938971378,-46.6322156913943;-23.5906284496643,-46.6326373943149;-23.5904749 -46.6322226;-23.5906252 -46.6326387;46;9;11
159;Thu Mar 14 23:44:48 2019;-23.5904938971378,-46.6322156913943;-23.5906284496643,-46.6326373943149;-23.5904749 -46.6322226;-23.5906252 -46.6326387;46;9;11
160;Thu Mar 14 23:45:48 2019;-23.5904938971378,-46.6322156913943;-23.5906284496643,-46.6326373943149;-23.5904749 -46.6322226;-23.5906252 -46.6326387;46;9;11
161;Thu Mar 14 23:46:50 2019;-23.5904938971378,-46.6322156913943;-23.5906284496643,-46.6326373943149;-23.5904749 -46.6322226;-23.5906252 -46.6326387;46;9;11
162;Thu Mar 14 23:47:49 2019;-23.5904938971378,-46.6322156913943;-23.5906284496643,-46.6326373943149;-23.5904749 -46.6322226;-23.5906252 -46.6326387;46;9;11
163;Thu Mar 14 23:48:48 2019;-23.5904938971378,-46.6322156913943;-23.5906284496643,-46.6326373943149;-23.5904749 -46.6322226;-23.5906252 -46.6326387;46;9;11
164;Thu Mar 14 23:49:48 2019;-23.5904938971378,-46.6322156913943;-23.5906284496643,-46.6326373943149;-23.5904749 -46.6322226;-23.5906252 -46.6326387;46;9;11
165;Thu Mar 14 23:50:48 2019;-23.5904938971378,-46.6322156913943;-23.5906284496643,-46.6326373943149;-23.5904749 -46.6322226;-23.5906252 -46.6326387;46;9;11
166;Thu Mar 14 23:51:49 2019;-23.5904938971378,-46.6322156913943;-23.5906284496643,-46.6326373943149;-23.5904749 -46.6322226;-23.5906252 -46.6326387;46;9;11
167;Thu Mar 14 23:52:50 2019;-23.5904938971378,-46.6322156913943;-23.5906284496643,-46.6326373943149;-23.5904749 -46.6322226;-23.5906252 -46.6326387;46;9;11
168;Thu Mar 14 23:53:49 2019;-23.5904938971378,-46.6322156913943;-23.5906284496643,-46.6326373943149;-23.5904749 -46.6322226;-23.5906252 -46.6326387;46;9;11
169;Thu Mar 14 23:54:48 2019;-23.5904938971378,-46.6322156913943;-23.5906284496643,-46.6326373943149;-23.5904749 -46.6322226;-23.5906252 -46.6326387;46;9;11
170;Thu Mar 14 23:55:48 2019;-23.5904938971378,-46.6322156913943;-23.5906284496643,-46.6326373943149;-23.5904749 -46.6322226;-23.5906252 -46.6326387;46;9;11
171;Thu Mar 14 23:56:49 2019;-23.5904938971378,-46.6322156913943;-23.5906284496643,-46.6326373943149;-23.5904749 -46.6322226;-23.5906252 -46.6326387;46;9;11
172;Thu Mar 14 23:57:48 2019;-23.5904938971378,-46.6322156913943;-23.5906284496643,-46.6326373943149;-23.5904749 -46.6322226;-23.5906252 -46.6326387;46;9;11
173;Thu Mar 14 23:58:48 2019;-23.5904938971378,-46.6322156913943;-23.5906284496643,-46.6326373943149;-23.5904749 -46.6322226;-23.5906252 -46.6326387;46;9;11
174;Thu Mar 14 23:59:48 2019;-23.5904938971378,-46.6322156913943;-23.5906284496643,-46.6326373943149;-23.5904749 -46.6322226;-23.5906252 -46.6326387;46;9;11
