38973;Thu Mar 14 00:00:45 2019;4;1552533645;-23.6398249 -46.6073089;-23.5890733 -46.6336419;8572;1681;1248
39214;Thu Mar 14 04:01:45 2019;4;1552548105;-23.6398249 -46.6073089;-23.5890733 -46.6336419;8572;1681;1137
39215;Thu Mar 14 04:02:45 2019;4;1552548165;-23.6398249 -46.6073089;-23.5890733 -46.6336419;8572;1681;1142
39216;Thu Mar 14 04:03:46 2019;4;1552548225;-23.6398249 -46.6073089;-23.5890733 -46.6336419;8572;1681;1142
39217;Thu Mar 14 04:04:45 2019;4;1552548285;-23.6398249 -46.6073089;-23.5890733 -46.6336419;8572;1681;1196
39218;Thu Mar 14 04:05:45 2019;4;1552548345;-23.6398249 -46.6073089;-23.5890733 -46.6336419;8572;1681;1196
39219;Thu Mar 14 04:06:45 2019;4;1552548405;-23.6398249 -46.6073089;-23.5890733 -46.6336419;8572;1681;1200
39220;Thu Mar 14 04:07:45 2019;4;1552548465;-23.6398249 -46.6073089;-23.5890733 -46.6336419;8572;1681;1201
39221;Thu Mar 14 04:08:45 2019;4;1552548525;-23.6398249 -46.6073089;-23.5890733 -46.6336419;8572;1681;1200
39222;Thu Mar 14 04:09:45 2019;4;1552548585;-23.6398249 -46.6073089;-23.5890733 -46.6336419;8572;1681;1199
1;Thu Mar 14 21:05:30 2019;4;1552609530;-23.6398249 -46.6073089;-23.5890733 -46.6336419;8572;1681;1510
2;Thu Mar 14 21:06:06 2019;4;1552609566;-23.6398249 -46.6073089;-23.5890733 -46.6336419;8572;1681;1513
3;Thu Mar 14 21:07:09 2019;4;1552609629;-23.6398249 -46.6073089;-23.5890733 -46.6336419;8572;1681;1503
4;Thu Mar 14 21:08:07 2019;4;1552609687;-23.6398249 -46.6073089;-23.5890733 -46.6336419;8572;1681;1499
5;Thu Mar 14 21:09:08 2019;4;1552609748;-23.6398249 -46.6073089;-23.5890733 -46.6336419;8572;1681;1500
6;Thu Mar 14 21:10:05 2019;4;1552609805;-23.6398249 -46.6073089;-23.5890733 -46.6336419;8572;1681;1510
7;Thu Mar 14 21:11:06 2019;4;1552609866;-23.6398249 -46.6073089;-23.5890733 -46.6336419;8572;1681;1508
8;Thu Mar 14 21:12:05 2019;4;1552609925;-23.6398249 -46.6073089;-23.5890733 -46.6336419;8572;1681;1489
9;Thu Mar 14 21:13:05 2019;4;1552609985;-23.6398249 -46.6073089;-23.5890733 -46.6336419;8572;1681;1494
10;Thu Mar 14 21:14:06 2019;4;1552610046;-23.6398249 -46.6073089;-23.5890733 -46.6336419;8572;1681;1494
11;Thu Mar 14 21:15:06 2019;4;1552610106;-23.6398249 -46.6073089;-23.5890733 -46.6336419;8572;1681;1497
12;Thu Mar 14 21:16:06 2019;4;1552610166;-23.6398249 -46.6073089;-23.5890733 -46.6336419;8572;1681;1519
13;Thu Mar 14 21:17:06 2019;4;1552610226;-23.6398249 -46.6073089;-23.5890733 -46.6336419;8572;1681;1487
14;Thu Mar 14 21:18:06 2019;4;1552610286;-23.6398249 -46.6073089;-23.5890733 -46.6336419;8572;1681;1522
15;Thu Mar 14 21:19:06 2019;4;1552610346;-23.6398249 -46.6073089;-23.5890733 -46.6336419;8572;1681;1503
16;Thu Mar 14 21:20:06 2019;4;1552610406;-23.6398249 -46.6073089;-23.5890733 -46.6336419;8572;1681;1522
17;Thu Mar 14 21:21:06 2019;4;1552610466;-23.6398249 -46.6073089;-23.5890733 -46.6336419;8572;1681;1523
18;Thu Mar 14 21:22:06 2019;4;1552610526;-23.6398249 -46.6073089;-23.5890733 -46.6336419;8572;1681;1514
19;Thu Mar 14 21:23:06 2019;4;1552610586;-23.6398249 -46.6073089;-23.5890733 -46.6336419;8572;1681;1538
20;Thu Mar 14 21:24:06 2019;4;1552610646;-23.6398249 -46.6073089;-23.5890733 -46.6336419;8572;1681;1520
21;Thu Mar 14 21:25:06 2019;4;1552610706;-23.6398249 -46.6073089;-23.5890733 -46.6336419;8572;1681;1462
22;Thu Mar 14 21:26:06 2019;4;1552610766;-23.6398249 -46.6073089;-23.5890733 -46.6336419;8572;1681;1479
23;Thu Mar 14 21:27:06 2019;4;1552610826;-23.6398249 -46.6073089;-23.5890733 -46.6336419;8572;1681;1476
24;Thu Mar 14 21:28:05 2019;4;1552610885;-23.6398249 -46.6073089;-23.5890733 -46.6336419;8572;1681;1431
25;Thu Mar 14 21:29:05 2019;4;1552610945;-23.6398249 -46.6073089;-23.5890733 -46.6336419;8572;1681;1452
26;Thu Mar 14 21:30:05 2019;4;1552611005;-23.6398249 -46.6073089;-23.5890733 -46.6336419;8572;1681;1430
27;Thu Mar 14 21:31:05 2019;4;1552611065;-23.6398249 -46.6073089;-23.5890733 -46.6336419;8572;1681;1453
28;Thu Mar 14 21:32:05 2019;4;1552611125;-23.6398249 -46.6073089;-23.5890733 -46.6336419;8572;1681;1466
29;Thu Mar 14 21:33:05 2019;4;1552611185;-23.6398249 -46.6073089;-23.5890733 -46.6336419;8572;1681;1459
30;Thu Mar 14 21:34:05 2019;4;1552611245;-23.6398249 -46.6073089;-23.5890733 -46.6336419;8572;1681;1458
31;Thu Mar 14 21:35:05 2019;4;1552611305;-23.6398249 -46.6073089;-23.5890733 -46.6336419;8572;1681;1428
32;Thu Mar 14 21:36:05 2019;4;1552611365;-23.6398249 -46.6073089;-23.5890733 -46.6336419;8572;1681;1451
33;Thu Mar 14 21:37:06 2019;4;1552611426;-23.6398249 -46.6073089;-23.5890733 -46.6336419;8572;1681;1448
34;Thu Mar 14 21:38:05 2019;4;1552611485;-23.6398249 -46.6073089;-23.5890733 -46.6336419;8572;1681;1455
35;Thu Mar 14 21:39:06 2019;4;1552611545;-23.6398249 -46.6073089;-23.5890733 -46.6336419;8572;1681;1452
36;Thu Mar 14 21:40:05 2019;4;1552611605;-23.6398249 -46.6073089;-23.5890733 -46.6336419;8572;1681;1450
37;Thu Mar 14 21:41:06 2019;4;1552611666;-23.6398249 -46.6073089;-23.5890733 -46.6336419;8572;1681;1440
38;Thu Mar 14 21:42:06 2019;4;1552611726;-23.6398249 -46.6073089;-23.5890733 -46.6336419;8572;1681;1445
39;Thu Mar 14 21:43:06 2019;4;1552611786;-23.6398249 -46.6073089;-23.5890733 -46.6336419;8572;1681;1462
40;Thu Mar 14 21:44:06 2019;4;1552611845;-23.6398249 -46.6073089;-23.5890733 -46.6336419;8572;1681;1459
41;Thu Mar 14 21:45:06 2019;4;1552611906;-23.6398249 -46.6073089;-23.5890733 -46.6336419;8572;1681;1423
42;Thu Mar 14 21:46:05 2019;4;1552611965;-23.6398249 -46.6073089;-23.5890733 -46.6336419;8572;1681;1460
43;Thu Mar 14 21:47:06 2019;4;1552612026;-23.6398249 -46.6073089;-23.5890733 -46.6336419;8572;1681;1471
44;Thu Mar 14 21:48:05 2019;4;1552612085;-23.6398249 -46.6073089;-23.5890733 -46.6336419;8572;1681;1416
45;Thu Mar 14 21:49:05 2019;4;1552612145;-23.6398249 -46.6073089;-23.5890733 -46.6336419;8572;1681;1440
46;Thu Mar 14 21:50:06 2019;4;1552612206;-23.6398249 -46.6073089;-23.5890733 -46.6336419;8572;1681;1437
47;Thu Mar 14 21:51:05 2019;4;1552612265;-23.6398249 -46.6073089;-23.5890733 -46.6336419;8572;1681;1444
48;Thu Mar 14 21:52:06 2019;4;1552612326;-23.6398249 -46.6073089;-23.5890733 -46.6336419;8572;1681;1445
49;Thu Mar 14 21:53:05 2019;4;1552612385;-23.6398249 -46.6073089;-23.5890733 -46.6336419;8572;1681;1443
50;Thu Mar 14 21:54:06 2019;4;1552612445;-23.6398249 -46.6073089;-23.5890733 -46.6336419;8572;1681;1436
51;Thu Mar 14 21:55:06 2019;4;1552612506;-23.6398249 -46.6073089;-23.5890733 -46.6336419;8572;1681;1403
52;Thu Mar 14 21:56:05 2019;4;1552612565;-23.6398249 -46.6073089;-23.5890733 -46.6336419;8572;1681;1423
53;Thu Mar 14 21:57:06 2019;4;1552612625;-23.6398249 -46.6073089;-23.5890733 -46.6336419;8572;1681;1403
54;Thu Mar 14 21:58:05 2019;4;1552612685;-23.6398249 -46.6073089;-23.5890733 -46.6336419;8572;1681;1413
55;Thu Mar 14 21:59:06 2019;4;1552612746;-23.6398249 -46.6073089;-23.5890733 -46.6336419;8572;1681;1436
56;Thu Mar 14 22:00:05 2019;4;1552612805;-23.6398249 -46.6073089;-23.5890733 -46.6336419;8572;1681;1433
57;Thu Mar 14 22:01:06 2019;4;1552612866;-23.6398249 -46.6073089;-23.5890733 -46.6336419;8572;1681;1405
58;Thu Mar 14 22:02:05 2019;4;1552612925;-23.6398249 -46.6073089;-23.5890733 -46.6336419;8572;1681;1416
59;Thu Mar 14 22:03:05 2019;4;1552612985;-23.6398249 -46.6073089;-23.5890733 -46.6336419;8572;1681;1373
60;Thu Mar 14 22:04:06 2019;4;1552613045;-23.6398249 -46.6073089;-23.5890733 -46.6336419;8572;1681;1389
61;Thu Mar 14 22:05:06 2019;4;1552613106;-23.6398249 -46.6073089;-23.5890733 -46.6336419;8572;1681;1400
62;Thu Mar 14 22:06:06 2019;4;1552613166;-23.6398249 -46.6073089;-23.5890733 -46.6336419;8572;1681;1385
63;Thu Mar 14 22:07:06 2019;4;1552613226;-23.6398249 -46.6073089;-23.5890733 -46.6336419;8572;1681;1387
64;Thu Mar 14 22:08:05 2019;4;1552613285;-23.6398249 -46.6073089;-23.5890733 -46.6336419;8572;1681;1393
65;Thu Mar 14 22:09:06 2019;4;1552613345;-23.6398249 -46.6073089;-23.5890733 -46.6336419;8572;1681;1390
66;Thu Mar 14 22:10:06 2019;4;1552613405;-23.6398249 -46.6073089;-23.5890733 -46.6336419;8572;1681;1394
67;Thu Mar 14 22:11:05 2019;4;1552613465;-23.6398249 -46.6073089;-23.5890733 -46.6336419;8572;1681;1388
68;Thu Mar 14 22:12:05 2019;4;1552613525;-23.6398249 -46.6073089;-23.5890733 -46.6336419;8572;1681;1403
69;Thu Mar 14 22:13:05 2019;4;1552613585;-23.6398249 -46.6073089;-23.5890733 -46.6336419;8572;1681;1412
70;Thu Mar 14 22:14:05 2019;4;1552613645;-23.6398249 -46.6073089;-23.5890733 -46.6336419;8572;1681;1410
71;Thu Mar 14 22:15:05 2019;4;1552613705;-23.6398249 -46.6073089;-23.5890733 -46.6336419;8572;1681;1392
72;Thu Mar 14 22:16:05 2019;4;1552613765;-23.6398249 -46.6073089;-23.5890733 -46.6336419;8572;1681;1418
73;Thu Mar 14 22:17:05 2019;4;1552613825;-23.6398249 -46.6073089;-23.5890733 -46.6336419;8572;1681;1403
74;Thu Mar 14 22:18:06 2019;4;1552613885;-23.6398249 -46.6073089;-23.5890733 -46.6336419;8572;1681;1406
75;Thu Mar 14 22:19:06 2019;4;1552613946;-23.6398249 -46.6073089;-23.5890733 -46.6336419;8572;1681;1405
76;Thu Mar 14 22:20:06 2019;4;1552614006;-23.6398249 -46.6073089;-23.5890733 -46.6336419;8572;1681;1380
77;Thu Mar 14 22:21:05 2019;4;1552614065;-23.6398249 -46.6073089;-23.5890733 -46.6336419;8572;1681;1414
78;Thu Mar 14 22:22:06 2019;4;1552614125;-23.6398249 -46.6073089;-23.5890733 -46.6336419;8572;1681;1412
79;Thu Mar 14 22:23:06 2019;4;1552614186;-23.6398249 -46.6073089;-23.5890733 -46.6336419;8572;1681;1386
80;Thu Mar 14 22:24:06 2019;4;1552614246;-23.6398249 -46.6073089;-23.5890733 -46.6336419;8572;1681;1409
81;Thu Mar 14 22:25:05 2019;4;1552614305;-23.6398249 -46.6073089;-23.5890733 -46.6336419;8572;1681;1415
82;Thu Mar 14 22:26:06 2019;4;1552614365;-23.6398249 -46.6073089;-23.5890733 -46.6336419;8572;1681;1407
83;Thu Mar 14 22:27:06 2019;4;1552614425;-23.6398249 -46.6073089;-23.5890733 -46.6336419;8572;1681;1413
84;Thu Mar 14 22:28:05 2019;4;1552614485;-23.6398249 -46.6073089;-23.5890733 -46.6336419;8572;1681;1393
85;Thu Mar 14 22:29:06 2019;4;1552614545;-23.6398249 -46.6073089;-23.5890733 -46.6336419;8572;1681;1402
86;Thu Mar 14 22:30:05 2019;4;1552614605;-23.6398249 -46.6073089;-23.5890733 -46.6336419;8572;1681;1396
87;Thu Mar 14 22:31:05 2019;4;1552614665;-23.6398249 -46.6073089;-23.5890733 -46.6336419;8572;1681;1394
88;Thu Mar 14 22:32:05 2019;4;1552614725;-23.6398249 -46.6073089;-23.5890733 -46.6336419;8572;1681;1385
89;Thu Mar 14 22:33:06 2019;4;1552614786;-23.6398249 -46.6073089;-23.5890733 -46.6336419;8572;1681;1371
90;Thu Mar 14 22:34:06 2019;4;1552614845;-23.6398249 -46.6073089;-23.5890733 -46.6336419;8572;1681;1433
91;Thu Mar 14 22:35:05 2019;4;1552614905;-23.6398249 -46.6073089;-23.5890733 -46.6336419;8572;1681;1419
92;Thu Mar 14 22:36:05 2019;4;1552614965;-23.6398249 -46.6073089;-23.5890733 -46.6336419;8572;1681;1430
93;Thu Mar 14 22:37:05 2019;4;1552615025;-23.6398249 -46.6073089;-23.5890733 -46.6336419;8572;1681;1443
94;Thu Mar 14 22:38:06 2019;4;1552615085;-23.6398249 -46.6073089;-23.5890733 -46.6336419;8572;1681;1438
95;Thu Mar 14 22:39:06 2019;4;1552615146;-23.6398249 -46.6073089;-23.5890733 -46.6336419;8572;1681;1430
96;Thu Mar 14 22:40:06 2019;4;1552615206;-23.6398249 -46.6073089;-23.5890733 -46.6336419;8572;1681;1432
97;Thu Mar 14 22:41:05 2019;4;1552615265;-23.6398249 -46.6073089;-23.5890733 -46.6336419;8572;1681;1398
98;Thu Mar 14 22:42:06 2019;4;1552615326;-23.6398249 -46.6073089;-23.5890733 -46.6336419;8572;1681;1400
99;Thu Mar 14 22:43:05 2019;4;1552615385;-23.6398249 -46.6073089;-23.5890733 -46.6336419;8572;1681;1411
100;Thu Mar 14 22:44:06 2019;4;1552615446;-23.6398249 -46.6073089;-23.5890733 -46.6336419;8572;1681;1402
101;Thu Mar 14 22:45:06 2019;4;1552615506;-23.6398249 -46.6073089;-23.5890733 -46.6336419;8572;1681;1398
102;Thu Mar 14 22:46:06 2019;4;1552615566;-23.6398249 -46.6073089;-23.5890733 -46.6336419;8572;1681;1370
103;Thu Mar 14 22:47:06 2019;4;1552615626;-23.6398249 -46.6073089;-23.5890733 -46.6336419;8572;1681;1373
104;Thu Mar 14 22:48:06 2019;4;1552615686;-23.6398249 -46.6073089;-23.5890733 -46.6336419;8572;1681;1336
105;Thu Mar 14 22:49:06 2019;4;1552615746;-23.6398249 -46.6073089;-23.5890733 -46.6336419;8572;1681;1373
106;Thu Mar 14 22:50:06 2019;4;1552615806;-23.6398249 -46.6073089;-23.5890733 -46.6336419;8572;1681;1363
107;Thu Mar 14 22:51:06 2019;4;1552615866;-23.6398249 -46.6073089;-23.5890733 -46.6336419;8572;1681;1361
108;Thu Mar 14 22:52:05 2019;4;1552615925;-23.6398249 -46.6073089;-23.5890733 -46.6336419;8572;1681;1374
109;Thu Mar 14 22:53:06 2019;4;1552615986;-23.6398249 -46.6073089;-23.5890733 -46.6336419;8572;1681;1383
110;Thu Mar 14 22:54:06 2019;4;1552616046;-23.6398249 -46.6073089;-23.5890733 -46.6336419;8572;1681;1393
111;Thu Mar 14 22:55:06 2019;4;1552616106;-23.6398249 -46.6073089;-23.5890733 -46.6336419;8572;1681;1390
112;Thu Mar 14 22:56:06 2019;4;1552616166;-23.6398249 -46.6073089;-23.5890733 -46.6336419;8572;1681;1384
113;Thu Mar 14 22:57:05 2019;4;1552616225;-23.6398249 -46.6073089;-23.5890733 -46.6336419;8572;1681;1373
114;Thu Mar 14 22:58:06 2019;4;1552616286;-23.6398249 -46.6073089;-23.5890733 -46.6336419;8572;1681;1365
115;Thu Mar 14 22:59:05 2019;4;1552616345;-23.6398249 -46.6073089;-23.5890733 -46.6336419;8572;1681;1311
116;Thu Mar 14 23:00:06 2019;4;1552616405;-23.6398249 -46.6073089;-23.5890733 -46.6336419;8572;1681;1362
117;Thu Mar 14 23:01:05 2019;4;1552616465;-23.6398249 -46.6073089;-23.5890733 -46.6336419;8572;1681;1360
118;Thu Mar 14 23:02:05 2019;4;1552616525;-23.6398249 -46.6073089;-23.5890733 -46.6336419;8572;1681;1315
119;Thu Mar 14 23:03:05 2019;4;1552616585;-23.6398249 -46.6073089;-23.5890733 -46.6336419;8572;1681;1361
120;Thu Mar 14 23:04:05 2019;4;1552616645;-23.6398249 -46.6073089;-23.5890733 -46.6336419;8572;1681;1315
121;Thu Mar 14 23:05:06 2019;4;1552616706;-23.6398249 -46.6073089;-23.5890733 -46.6336419;8572;1681;1358
122;Thu Mar 14 23:06:05 2019;4;1552616765;-23.6398249 -46.6073089;-23.5890733 -46.6336419;8572;1681;1347
123;Thu Mar 14 23:07:05 2019;4;1552616825;-23.6398249 -46.6073089;-23.5890733 -46.6336419;8572;1681;1307
124;Thu Mar 14 23:08:05 2019;4;1552616885;-23.6398249 -46.6073089;-23.5890733 -46.6336419;8572;1681;1305
125;Thu Mar 14 23:09:05 2019;4;1552616945;-23.6398249 -46.6073089;-23.5890733 -46.6336419;8572;1681;1365
126;Thu Mar 14 23:10:05 2019;4;1552617005;-23.6398249 -46.6073089;-23.5890733 -46.6336419;8572;1681;1308
127;Thu Mar 14 23:11:06 2019;4;1552617065;-23.6398249 -46.6073089;-23.5890733 -46.6336419;8572;1681;1369
128;Thu Mar 14 23:12:06 2019;4;1552617126;-23.6398249 -46.6073089;-23.5890733 -46.6336419;8572;1681;1356
129;Thu Mar 14 23:13:06 2019;4;1552617185;-23.6398249 -46.6073089;-23.5890733 -46.6336419;8572;1681;1359
130;Thu Mar 14 23:14:05 2019;4;1552617245;-23.6398249 -46.6073089;-23.5890733 -46.6336419;8572;1681;1371
131;Thu Mar 14 23:15:05 2019;4;1552617305;-23.6398249 -46.6073089;-23.5890733 -46.6336419;8572;1681;1367
132;Thu Mar 14 23:16:06 2019;4;1552617365;-23.6398249 -46.6073089;-23.5890733 -46.6336419;8572;1681;1296
133;Thu Mar 14 23:17:05 2019;4;1552617425;-23.6398249 -46.6073089;-23.5890733 -46.6336419;8572;1681;1357
134;Thu Mar 14 23:18:06 2019;4;1552617485;-23.6398249 -46.6073089;-23.5890733 -46.6336419;8572;1681;1395
135;Thu Mar 14 23:19:05 2019;4;1552617545;-23.6398249 -46.6073089;-23.5890733 -46.6336419;8572;1681;1368
136;Thu Mar 14 23:20:05 2019;4;1552617605;-23.6398249 -46.6073089;-23.5890733 -46.6336419;8572;1681;1348
137;Thu Mar 14 23:21:05 2019;4;1552617665;-23.6398249 -46.6073089;-23.5890733 -46.6336419;8572;1681;1368
138;Thu Mar 14 23:22:06 2019;4;1552617725;-23.6398249 -46.6073089;-23.5890733 -46.6336419;8572;1681;1344
139;Thu Mar 14 23:23:05 2019;4;1552617785;-23.6398249 -46.6073089;-23.5890733 -46.6336419;8572;1681;1335
140;Thu Mar 14 23:24:05 2019;4;1552617845;-23.6398249 -46.6073089;-23.5890733 -46.6336419;8572;1681;1329
141;Thu Mar 14 23:25:05 2019;4;1552617905;-23.6398249 -46.6073089;-23.5890733 -46.6336419;8572;1681;1316
142;Thu Mar 14 23:26:06 2019;4;1552617965;-23.6398249 -46.6073089;-23.5890733 -46.6336419;8572;1681;1313
143;Thu Mar 14 23:27:05 2019;4;1552618025;-23.6398249 -46.6073089;-23.5890733 -46.6336419;8572;1681;1314
144;Thu Mar 14 23:28:05 2019;4;1552618085;-23.6398249 -46.6073089;-23.5890733 -46.6336419;8572;1681;1255
145;Thu Mar 14 23:29:05 2019;4;1552618145;-23.6398249 -46.6073089;-23.5890733 -46.6336419;8572;1681;1319
146;Thu Mar 14 23:30:05 2019;4;1552618205;-23.6398249 -46.6073089;-23.5890733 -46.6336419;8572;1681;1318
147;Thu Mar 14 23:31:06 2019;4;1552618266;-23.6398249 -46.6073089;-23.5890733 -46.6336419;8572;1681;1313
148;Thu Mar 14 23:32:05 2019;4;1552618325;-23.6398249 -46.6073089;-23.5890733 -46.6336419;8572;1681;1321
149;Thu Mar 14 23:33:06 2019;4;1552618386;-23.6398249 -46.6073089;-23.5890733 -46.6336419;8572;1681;1319
150;Thu Mar 14 23:34:05 2019;4;1552618445;-23.6398249 -46.6073089;-23.5890733 -46.6336419;8572;1681;1257
151;Thu Mar 14 23:35:06 2019;4;1552618506;-23.6398249 -46.6073089;-23.5890733 -46.6336419;8572;1681;1312
152;Thu Mar 14 23:36:06 2019;4;1552618565;-23.6398249 -46.6073089;-23.5890733 -46.6336419;8572;1681;1311
153;Thu Mar 14 23:37:05 2019;4;1552618625;-23.6398249 -46.6073089;-23.5890733 -46.6336419;8572;1681;1301
154;Thu Mar 14 23:38:05 2019;4;1552618685;-23.6398249 -46.6073089;-23.5890733 -46.6336419;8572;1681;1243
155;Thu Mar 14 23:39:06 2019;4;1552618746;-23.6398249 -46.6073089;-23.5890733 -46.6336419;8572;1681;1308
156;Thu Mar 14 23:40:06 2019;4;1552618805;-23.6398249 -46.6073089;-23.5890733 -46.6336419;8572;1681;1298
157;Thu Mar 14 23:41:05 2019;4;1552618865;-23.6398249 -46.6073089;-23.5890733 -46.6336419;8572;1681;1306
158;Thu Mar 14 23:42:06 2019;4;1552618926;-23.6398249 -46.6073089;-23.5890733 -46.6336419;8572;1681;1306
159;Thu Mar 14 23:43:06 2019;4;1552618986;-23.6398249 -46.6073089;-23.5890733 -46.6336419;8572;1681;1245
160;Thu Mar 14 23:44:06 2019;4;1552619045;-23.6398249 -46.6073089;-23.5890733 -46.6336419;8572;1681;1240
161;Thu Mar 14 23:45:06 2019;4;1552619106;-23.6398249 -46.6073089;-23.5890733 -46.6336419;8572;1681;1305
162;Thu Mar 14 23:46:06 2019;4;1552619165;-23.6398249 -46.6073089;-23.5890733 -46.6336419;8572;1681;1303
163;Thu Mar 14 23:47:06 2019;4;1552619226;-23.6398249 -46.6073089;-23.5890733 -46.6336419;8572;1681;1290
164;Thu Mar 14 23:48:05 2019;4;1552619285;-23.6398249 -46.6073089;-23.5890733 -46.6336419;8572;1681;1222
165;Thu Mar 14 23:49:06 2019;4;1552619346;-23.6398249 -46.6073089;-23.5890733 -46.6336419;8572;1681;1221
166;Thu Mar 14 23:50:06 2019;4;1552619406;-23.6398249 -46.6073089;-23.5890733 -46.6336419;8572;1681;1273
167;Thu Mar 14 23:51:06 2019;4;1552619466;-23.6398249 -46.6073089;-23.5890733 -46.6336419;8572;1681;1276
168;Thu Mar 14 23:52:06 2019;4;1552619525;-23.6398249 -46.6073089;-23.5890733 -46.6336419;8572;1681;1265
169;Thu Mar 14 23:53:06 2019;4;1552619585;-23.6398249 -46.6073089;-23.5890733 -46.6336419;8572;1681;1260
170;Thu Mar 14 23:54:05 2019;4;1552619645;-23.6398249 -46.6073089;-23.5890733 -46.6336419;8572;1681;1220
171;Thu Mar 14 23:55:05 2019;4;1552619705;-23.6398249 -46.6073089;-23.5890733 -46.6336419;8572;1681;1220
172;Thu Mar 14 23:56:06 2019;4;1552619766;-23.6398249 -46.6073089;-23.5890733 -46.6336419;8572;1681;1207
173;Thu Mar 14 23:57:06 2019;4;1552619826;-23.6398249 -46.6073089;-23.5890733 -46.6336419;8572;1681;1204
174;Thu Mar 14 23:58:05 2019;4;1552619885;-23.6398249 -46.6073089;-23.5890733 -46.6336419;8572;1681;1203
175;Thu Mar 14 23:59:06 2019;4;1552619946;-23.6398249 -46.6073089;-23.5890733 -46.6336419;8572;1681;1252
