38973;Thu Mar 14 00:00:45 2019;2;1552533045;-23.6398249 -46.6073089;-23.5890733 -46.6336419;8572;1681;1245
39214;Thu Mar 14 04:01:45 2019;2;1552547505;-23.6398249 -46.6073089;-23.5890733 -46.6336419;8572;1681;1184
39215;Thu Mar 14 04:02:45 2019;2;1552547565;-23.6398249 -46.6073089;-23.5890733 -46.6336419;8572;1681;1119
39216;Thu Mar 14 04:03:45 2019;2;1552547625;-23.6398249 -46.6073089;-23.5890733 -46.6336419;8572;1681;1167
39217;Thu Mar 14 04:04:45 2019;2;1552547685;-23.6398249 -46.6073089;-23.5890733 -46.6336419;8572;1681;1183
39218;Thu Mar 14 04:05:45 2019;2;1552547745;-23.6398249 -46.6073089;-23.5890733 -46.6336419;8572;1681;1183
39219;Thu Mar 14 04:06:45 2019;2;1552547805;-23.6398249 -46.6073089;-23.5890733 -46.6336419;8572;1681;1172
39220;Thu Mar 14 04:07:45 2019;2;1552547865;-23.6398249 -46.6073089;-23.5890733 -46.6336419;8572;1681;1173
39221;Thu Mar 14 04:08:45 2019;2;1552547925;-23.6398249 -46.6073089;-23.5890733 -46.6336419;8572;1681;1172
39222;Thu Mar 14 04:09:45 2019;2;1552547985;-23.6398249 -46.6073089;-23.5890733 -46.6336419;8572;1681;1171
1;Thu Mar 14 21:05:29 2019;2;1552608929;-23.6398249 -46.6073089;-23.5890733 -46.6336419;8572;1681;1528
2;Thu Mar 14 21:06:06 2019;2;1552608966;-23.6398249 -46.6073089;-23.5890733 -46.6336419;8572;1681;1528
3;Thu Mar 14 21:07:09 2019;2;1552609029;-23.6398249 -46.6073089;-23.5890733 -46.6336419;8572;1681;1514
4;Thu Mar 14 21:08:07 2019;2;1552609087;-23.6398249 -46.6073089;-23.5890733 -46.6336419;8572;1681;1507
5;Thu Mar 14 21:09:08 2019;2;1552609147;-23.6398249 -46.6073089;-23.5890733 -46.6336419;8572;1681;1508
6;Thu Mar 14 21:10:05 2019;2;1552609205;-23.6398249 -46.6073089;-23.5890733 -46.6336419;8572;1681;1533
7;Thu Mar 14 21:11:05 2019;2;1552609265;-23.6398249 -46.6073089;-23.5890733 -46.6336419;8572;1681;1491
8;Thu Mar 14 21:12:05 2019;2;1552609325;-23.6398249 -46.6073089;-23.5890733 -46.6336419;8572;1681;1511
9;Thu Mar 14 21:13:05 2019;2;1552609385;-23.6398249 -46.6073089;-23.5890733 -46.6336419;8572;1681;1501
10;Thu Mar 14 21:14:06 2019;2;1552609446;-23.6398249 -46.6073089;-23.5890733 -46.6336419;8572;1681;1506
11;Thu Mar 14 21:15:06 2019;2;1552609505;-23.6398249 -46.6073089;-23.5890733 -46.6336419;8572;1681;1552
12;Thu Mar 14 21:16:06 2019;2;1552609566;-23.6398249 -46.6073089;-23.5890733 -46.6336419;8572;1681;1539
13;Thu Mar 14 21:17:06 2019;2;1552609626;-23.6398249 -46.6073089;-23.5890733 -46.6336419;8572;1681;1539
14;Thu Mar 14 21:18:06 2019;2;1552609686;-23.6398249 -46.6073089;-23.5890733 -46.6336419;8572;1681;1545
15;Thu Mar 14 21:19:05 2019;2;1552609745;-23.6398249 -46.6073089;-23.5890733 -46.6336419;8572;1681;1513
16;Thu Mar 14 21:20:06 2019;2;1552609806;-23.6398249 -46.6073089;-23.5890733 -46.6336419;8572;1681;1496
17;Thu Mar 14 21:21:06 2019;2;1552609866;-23.6398249 -46.6073089;-23.5890733 -46.6336419;8572;1681;1501
18;Thu Mar 14 21:22:06 2019;2;1552609926;-23.6398249 -46.6073089;-23.5890733 -46.6336419;8572;1681;1518
19;Thu Mar 14 21:23:06 2019;2;1552609986;-23.6398249 -46.6073089;-23.5890733 -46.6336419;8572;1681;1555
20;Thu Mar 14 21:24:05 2019;2;1552610045;-23.6398249 -46.6073089;-23.5890733 -46.6336419;8572;1681;1524
21;Thu Mar 14 21:25:06 2019;2;1552610106;-23.6398249 -46.6073089;-23.5890733 -46.6336419;8572;1681;1435
22;Thu Mar 14 21:26:06 2019;2;1552610165;-23.6398249 -46.6073089;-23.5890733 -46.6336419;8572;1681;1481
23;Thu Mar 14 21:27:06 2019;2;1552610225;-23.6398249 -46.6073089;-23.5890733 -46.6336419;8572;1681;1475
24;Thu Mar 14 21:28:05 2019;2;1552610285;-23.6398249 -46.6073089;-23.5890733 -46.6336419;8572;1681;1429
25;Thu Mar 14 21:29:05 2019;2;1552610345;-23.6398249 -46.6073089;-23.5890733 -46.6336419;8572;1681;1459
26;Thu Mar 14 21:30:05 2019;2;1552610405;-23.6398249 -46.6073089;-23.5890733 -46.6336419;8572;1681;1428
27;Thu Mar 14 21:31:05 2019;2;1552610465;-23.6398249 -46.6073089;-23.5890733 -46.6336419;8572;1681;1418
28;Thu Mar 14 21:32:05 2019;2;1552610525;-23.6398249 -46.6073089;-23.5890733 -46.6336419;8572;1681;1466
29;Thu Mar 14 21:33:05 2019;2;1552610585;-23.6398249 -46.6073089;-23.5890733 -46.6336419;8572;1681;1437
30;Thu Mar 14 21:34:05 2019;2;1552610645;-23.6398249 -46.6073089;-23.5890733 -46.6336419;8572;1681;1455
31;Thu Mar 14 21:35:05 2019;2;1552610705;-23.6398249 -46.6073089;-23.5890733 -46.6336419;8572;1681;1419
32;Thu Mar 14 21:36:05 2019;2;1552610765;-23.6398249 -46.6073089;-23.5890733 -46.6336419;8572;1681;1448
33;Thu Mar 14 21:37:06 2019;2;1552610825;-23.6398249 -46.6073089;-23.5890733 -46.6336419;8572;1681;1447
34;Thu Mar 14 21:38:05 2019;2;1552610885;-23.6398249 -46.6073089;-23.5890733 -46.6336419;8572;1681;1427
35;Thu Mar 14 21:39:05 2019;2;1552610945;-23.6398249 -46.6073089;-23.5890733 -46.6336419;8572;1681;1422
36;Thu Mar 14 21:40:05 2019;2;1552611005;-23.6398249 -46.6073089;-23.5890733 -46.6336419;8572;1681;1432
37;Thu Mar 14 21:41:05 2019;2;1552611065;-23.6398249 -46.6073089;-23.5890733 -46.6336419;8572;1681;1403
38;Thu Mar 14 21:42:05 2019;2;1552611125;-23.6398249 -46.6073089;-23.5890733 -46.6336419;8572;1681;1434
39;Thu Mar 14 21:43:05 2019;2;1552611185;-23.6398249 -46.6073089;-23.5890733 -46.6336419;8572;1681;1443
40;Thu Mar 14 21:44:05 2019;2;1552611245;-23.6398249 -46.6073089;-23.5890733 -46.6336419;8572;1681;1456
41;Thu Mar 14 21:45:06 2019;2;1552611306;-23.6398249 -46.6073089;-23.5890733 -46.6336419;8572;1681;1451
42;Thu Mar 14 21:46:05 2019;2;1552611365;-23.6398249 -46.6073089;-23.5890733 -46.6336419;8572;1681;1462
43;Thu Mar 14 21:47:05 2019;2;1552611425;-23.6398249 -46.6073089;-23.5890733 -46.6336419;8572;1681;1454
44;Thu Mar 14 21:48:05 2019;2;1552611485;-23.6398249 -46.6073089;-23.5890733 -46.6336419;8572;1681;1460
45;Thu Mar 14 21:49:05 2019;2;1552611545;-23.6398249 -46.6073089;-23.5890733 -46.6336419;8572;1681;1432
46;Thu Mar 14 21:50:05 2019;2;1552611605;-23.6398249 -46.6073089;-23.5890733 -46.6336419;8572;1681;1425
47;Thu Mar 14 21:51:05 2019;2;1552611665;-23.6398249 -46.6073089;-23.5890733 -46.6336419;8572;1681;1421
48;Thu Mar 14 21:52:05 2019;2;1552611725;-23.6398249 -46.6073089;-23.5890733 -46.6336419;8572;1681;1423
49;Thu Mar 14 21:53:05 2019;2;1552611785;-23.6398249 -46.6073089;-23.5890733 -46.6336419;8572;1681;1392
50;Thu Mar 14 21:54:05 2019;2;1552611845;-23.6398249 -46.6073089;-23.5890733 -46.6336419;8572;1681;1428
51;Thu Mar 14 21:55:05 2019;2;1552611905;-23.6398249 -46.6073089;-23.5890733 -46.6336419;8572;1681;1426
52;Thu Mar 14 21:56:05 2019;2;1552611965;-23.6398249 -46.6073089;-23.5890733 -46.6336419;8572;1681;1388
53;Thu Mar 14 21:57:05 2019;2;1552612025;-23.6398249 -46.6073089;-23.5890733 -46.6336419;8572;1681;1418
54;Thu Mar 14 21:58:05 2019;2;1552612085;-23.6398249 -46.6073089;-23.5890733 -46.6336419;8572;1681;1425
55;Thu Mar 14 21:59:06 2019;2;1552612146;-23.6398249 -46.6073089;-23.5890733 -46.6336419;8572;1681;1430
56;Thu Mar 14 22:00:05 2019;2;1552612205;-23.6398249 -46.6073089;-23.5890733 -46.6336419;8572;1681;1430
57;Thu Mar 14 22:01:05 2019;2;1552612265;-23.6398249 -46.6073089;-23.5890733 -46.6336419;8572;1681;1405
58;Thu Mar 14 22:02:05 2019;2;1552612325;-23.6398249 -46.6073089;-23.5890733 -46.6336419;8572;1681;1414
59;Thu Mar 14 22:03:05 2019;2;1552612385;-23.6398249 -46.6073089;-23.5890733 -46.6336419;8572;1681;1392
60;Thu Mar 14 22:04:05 2019;2;1552612445;-23.6398249 -46.6073089;-23.5890733 -46.6336419;8572;1681;1390
61;Thu Mar 14 22:05:05 2019;2;1552612505;-23.6398249 -46.6073089;-23.5890733 -46.6336419;8572;1681;1395
62;Thu Mar 14 22:06:06 2019;2;1552612565;-23.6398249 -46.6073089;-23.5890733 -46.6336419;8572;1681;1358
63;Thu Mar 14 22:07:06 2019;2;1552612626;-23.6398249 -46.6073089;-23.5890733 -46.6336419;8572;1681;1403
64;Thu Mar 14 22:08:05 2019;2;1552612685;-23.6398249 -46.6073089;-23.5890733 -46.6336419;8572;1681;1410
65;Thu Mar 14 22:09:05 2019;2;1552612745;-23.6398249 -46.6073089;-23.5890733 -46.6336419;8572;1681;1384
66;Thu Mar 14 22:10:05 2019;2;1552612805;-23.6398249 -46.6073089;-23.5890733 -46.6336419;8572;1681;1390
67;Thu Mar 14 22:11:05 2019;2;1552612865;-23.6398249 -46.6073089;-23.5890733 -46.6336419;8572;1681;1382
68;Thu Mar 14 22:12:05 2019;2;1552612925;-23.6398249 -46.6073089;-23.5890733 -46.6336419;8572;1681;1387
69;Thu Mar 14 22:13:05 2019;2;1552612985;-23.6398249 -46.6073089;-23.5890733 -46.6336419;8572;1681;1379
70;Thu Mar 14 22:14:05 2019;2;1552613045;-23.6398249 -46.6073089;-23.5890733 -46.6336419;8572;1681;1424
71;Thu Mar 14 22:15:05 2019;2;1552613105;-23.6398249 -46.6073089;-23.5890733 -46.6336419;8572;1681;1423
72;Thu Mar 14 22:16:05 2019;2;1552613165;-23.6398249 -46.6073089;-23.5890733 -46.6336419;8572;1681;1399
73;Thu Mar 14 22:17:05 2019;2;1552613225;-23.6398249 -46.6073089;-23.5890733 -46.6336419;8572;1681;1385
74;Thu Mar 14 22:18:05 2019;2;1552613285;-23.6398249 -46.6073089;-23.5890733 -46.6336419;8572;1681;1399
75;Thu Mar 14 22:19:05 2019;2;1552613345;-23.6398249 -46.6073089;-23.5890733 -46.6336419;8572;1681;1403
76;Thu Mar 14 22:20:06 2019;2;1552613405;-23.6398249 -46.6073089;-23.5890733 -46.6336419;8572;1681;1426
77;Thu Mar 14 22:21:05 2019;2;1552613465;-23.6398249 -46.6073089;-23.5890733 -46.6336419;8572;1681;1402
78;Thu Mar 14 22:22:05 2019;2;1552613525;-23.6398249 -46.6073089;-23.5890733 -46.6336419;8572;1681;1430
79;Thu Mar 14 22:23:06 2019;2;1552613586;-23.6398249 -46.6073089;-23.5890733 -46.6336419;8572;1681;1429
80;Thu Mar 14 22:24:06 2019;2;1552613645;-23.6398249 -46.6073089;-23.5890733 -46.6336419;8572;1681;1396
81;Thu Mar 14 22:25:05 2019;2;1552613705;-23.6398249 -46.6073089;-23.5890733 -46.6336419;8572;1681;1400
82;Thu Mar 14 22:26:05 2019;2;1552613765;-23.6398249 -46.6073089;-23.5890733 -46.6336419;8572;1681;1386
83;Thu Mar 14 22:27:05 2019;2;1552613825;-23.6398249 -46.6073089;-23.5890733 -46.6336419;8572;1681;1418
84;Thu Mar 14 22:28:05 2019;2;1552613885;-23.6398249 -46.6073089;-23.5890733 -46.6336419;8572;1681;1405
85;Thu Mar 14 22:29:05 2019;2;1552613945;-23.6398249 -46.6073089;-23.5890733 -46.6336419;8572;1681;1385
86;Thu Mar 14 22:30:05 2019;2;1552614005;-23.6398249 -46.6073089;-23.5890733 -46.6336419;8572;1681;1404
87;Thu Mar 14 22:31:05 2019;2;1552614065;-23.6398249 -46.6073089;-23.5890733 -46.6336419;8572;1681;1399
88;Thu Mar 14 22:32:05 2019;2;1552614125;-23.6398249 -46.6073089;-23.5890733 -46.6336419;8572;1681;1426
89;Thu Mar 14 22:33:05 2019;2;1552614185;-23.6398249 -46.6073089;-23.5890733 -46.6336419;8572;1681;1407
90;Thu Mar 14 22:34:05 2019;2;1552614245;-23.6398249 -46.6073089;-23.5890733 -46.6336419;8572;1681;1434
91;Thu Mar 14 22:35:05 2019;2;1552614305;-23.6398249 -46.6073089;-23.5890733 -46.6336419;8572;1681;1424
92;Thu Mar 14 22:36:05 2019;2;1552614365;-23.6398249 -46.6073089;-23.5890733 -46.6336419;8572;1681;1414
93;Thu Mar 14 22:37:05 2019;2;1552614425;-23.6398249 -46.6073089;-23.5890733 -46.6336419;8572;1681;1458
94;Thu Mar 14 22:38:05 2019;2;1552614485;-23.6398249 -46.6073089;-23.5890733 -46.6336419;8572;1681;1421
95;Thu Mar 14 22:39:05 2019;2;1552614545;-23.6398249 -46.6073089;-23.5890733 -46.6336419;8572;1681;1401
96;Thu Mar 14 22:40:06 2019;2;1552614606;-23.6398249 -46.6073089;-23.5890733 -46.6336419;8572;1681;1397
97;Thu Mar 14 22:41:05 2019;2;1552614665;-23.6398249 -46.6073089;-23.5890733 -46.6336419;8572;1681;1361
98;Thu Mar 14 22:42:05 2019;2;1552614725;-23.6398249 -46.6073089;-23.5890733 -46.6336419;8572;1681;1399
99;Thu Mar 14 22:43:05 2019;2;1552614785;-23.6398249 -46.6073089;-23.5890733 -46.6336419;8572;1681;1412
100;Thu Mar 14 22:44:06 2019;2;1552614846;-23.6398249 -46.6073089;-23.5890733 -46.6336419;8572;1681;1402
101;Thu Mar 14 22:45:06 2019;2;1552614905;-23.6398249 -46.6073089;-23.5890733 -46.6336419;8572;1681;1397
102;Thu Mar 14 22:46:06 2019;2;1552614965;-23.6398249 -46.6073089;-23.5890733 -46.6336419;8572;1681;1366
103;Thu Mar 14 22:47:06 2019;2;1552615026;-23.6398249 -46.6073089;-23.5890733 -46.6336419;8572;1681;1367
104;Thu Mar 14 22:48:05 2019;2;1552615085;-23.6398249 -46.6073089;-23.5890733 -46.6336419;8572;1681;1377
105;Thu Mar 14 22:49:06 2019;2;1552615146;-23.6398249 -46.6073089;-23.5890733 -46.6336419;8572;1681;1340
106;Thu Mar 14 22:50:06 2019;2;1552615206;-23.6398249 -46.6073089;-23.5890733 -46.6336419;8572;1681;1326
107;Thu Mar 14 22:51:05 2019;2;1552615265;-23.6398249 -46.6073089;-23.5890733 -46.6336419;8572;1681;1321
108;Thu Mar 14 22:52:05 2019;2;1552615325;-23.6398249 -46.6073089;-23.5890733 -46.6336419;8572;1681;1373
109;Thu Mar 14 22:53:06 2019;2;1552615385;-23.6398249 -46.6073089;-23.5890733 -46.6336419;8572;1681;1388
110;Thu Mar 14 22:54:06 2019;2;1552615446;-23.6398249 -46.6073089;-23.5890733 -46.6336419;8572;1681;1397
111;Thu Mar 14 22:55:06 2019;2;1552615506;-23.6398249 -46.6073089;-23.5890733 -46.6336419;8572;1681;1392
112;Thu Mar 14 22:56:06 2019;2;1552615566;-23.6398249 -46.6073089;-23.5890733 -46.6336419;8572;1681;1383
113;Thu Mar 14 22:57:05 2019;2;1552615625;-23.6398249 -46.6073089;-23.5890733 -46.6336419;8572;1681;1339
114;Thu Mar 14 22:58:05 2019;2;1552615685;-23.6398249 -46.6073089;-23.5890733 -46.6336419;8572;1681;1367
115;Thu Mar 14 22:59:05 2019;2;1552615745;-23.6398249 -46.6073089;-23.5890733 -46.6336419;8572;1681;1320
116;Thu Mar 14 23:00:05 2019;2;1552615805;-23.6398249 -46.6073089;-23.5890733 -46.6336419;8572;1681;1364
117;Thu Mar 14 23:01:05 2019;2;1552615865;-23.6398249 -46.6073089;-23.5890733 -46.6336419;8572;1681;1366
118;Thu Mar 14 23:02:05 2019;2;1552615925;-23.6398249 -46.6073089;-23.5890733 -46.6336419;8572;1681;1373
119;Thu Mar 14 23:03:05 2019;2;1552615985;-23.6398249 -46.6073089;-23.5890733 -46.6336419;8572;1681;1367
120;Thu Mar 14 23:04:05 2019;2;1552616045;-23.6398249 -46.6073089;-23.5890733 -46.6336419;8572;1681;1371
121;Thu Mar 14 23:05:05 2019;2;1552616105;-23.6398249 -46.6073089;-23.5890733 -46.6336419;8572;1681;1373
122;Thu Mar 14 23:06:05 2019;2;1552616165;-23.6398249 -46.6073089;-23.5890733 -46.6336419;8572;1681;1361
123;Thu Mar 14 23:07:05 2019;2;1552616225;-23.6398249 -46.6073089;-23.5890733 -46.6336419;8572;1681;1366
124;Thu Mar 14 23:08:05 2019;2;1552616285;-23.6398249 -46.6073089;-23.5890733 -46.6336419;8572;1681;1317
125;Thu Mar 14 23:09:05 2019;2;1552616345;-23.6398249 -46.6073089;-23.5890733 -46.6336419;8572;1681;1372
126;Thu Mar 14 23:10:05 2019;2;1552616405;-23.6398249 -46.6073089;-23.5890733 -46.6336419;8572;1681;1373
127;Thu Mar 14 23:11:05 2019;2;1552616465;-23.6398249 -46.6073089;-23.5890733 -46.6336419;8572;1681;1373
128;Thu Mar 14 23:12:06 2019;2;1552616525;-23.6398249 -46.6073089;-23.5890733 -46.6336419;8572;1681;1321
129;Thu Mar 14 23:13:05 2019;2;1552616585;-23.6398249 -46.6073089;-23.5890733 -46.6336419;8572;1681;1367
130;Thu Mar 14 23:14:05 2019;2;1552616645;-23.6398249 -46.6073089;-23.5890733 -46.6336419;8572;1681;1387
131;Thu Mar 14 23:15:05 2019;2;1552616705;-23.6398249 -46.6073089;-23.5890733 -46.6336419;8572;1681;1387
132;Thu Mar 14 23:16:05 2019;2;1552616765;-23.6398249 -46.6073089;-23.5890733 -46.6336419;8572;1681;1319
133;Thu Mar 14 23:17:05 2019;2;1552616825;-23.6398249 -46.6073089;-23.5890733 -46.6336419;8572;1681;1315
134;Thu Mar 14 23:18:05 2019;2;1552616885;-23.6398249 -46.6073089;-23.5890733 -46.6336419;8572;1681;1356
135;Thu Mar 14 23:19:05 2019;2;1552616945;-23.6398249 -46.6073089;-23.5890733 -46.6336419;8572;1681;1328
136;Thu Mar 14 23:20:05 2019;2;1552617005;-23.6398249 -46.6073089;-23.5890733 -46.6336419;8572;1681;1317
137;Thu Mar 14 23:21:05 2019;2;1552617065;-23.6398249 -46.6073089;-23.5890733 -46.6336419;8572;1681;1356
138;Thu Mar 14 23:22:05 2019;2;1552617125;-23.6398249 -46.6073089;-23.5890733 -46.6336419;8572;1681;1283
139;Thu Mar 14 23:23:05 2019;2;1552617185;-23.6398249 -46.6073089;-23.5890733 -46.6336419;8572;1681;1277
140;Thu Mar 14 23:24:05 2019;2;1552617245;-23.6398249 -46.6073089;-23.5890733 -46.6336419;8572;1681;1321
141;Thu Mar 14 23:25:05 2019;2;1552617305;-23.6398249 -46.6073089;-23.5890733 -46.6336419;8572;1681;1317
142;Thu Mar 14 23:26:05 2019;2;1552617365;-23.6398249 -46.6073089;-23.5890733 -46.6336419;8572;1681;1315
143;Thu Mar 14 23:27:05 2019;2;1552617425;-23.6398249 -46.6073089;-23.5890733 -46.6336419;8572;1681;1321
144;Thu Mar 14 23:28:05 2019;2;1552617485;-23.6398249 -46.6073089;-23.5890733 -46.6336419;8572;1681;1322
145;Thu Mar 14 23:29:05 2019;2;1552617545;-23.6398249 -46.6073089;-23.5890733 -46.6336419;8572;1681;1269
146;Thu Mar 14 23:30:05 2019;2;1552617605;-23.6398249 -46.6073089;-23.5890733 -46.6336419;8572;1681;1323
147;Thu Mar 14 23:31:05 2019;2;1552617665;-23.6398249 -46.6073089;-23.5890733 -46.6336419;8572;1681;1321
148;Thu Mar 14 23:32:05 2019;2;1552617725;-23.6398249 -46.6073089;-23.5890733 -46.6336419;8572;1681;1330
149;Thu Mar 14 23:33:06 2019;2;1552617786;-23.6398249 -46.6073089;-23.5890733 -46.6336419;8572;1681;1328
150;Thu Mar 14 23:34:05 2019;2;1552617845;-23.6398249 -46.6073089;-23.5890733 -46.6336419;8572;1681;1327
151;Thu Mar 14 23:35:05 2019;2;1552617905;-23.6398249 -46.6073089;-23.5890733 -46.6336419;8572;1681;1318
152;Thu Mar 14 23:36:05 2019;2;1552617965;-23.6398249 -46.6073089;-23.5890733 -46.6336419;8572;1681;1312
153;Thu Mar 14 23:37:05 2019;2;1552618025;-23.6398249 -46.6073089;-23.5890733 -46.6336419;8572;1681;1298
154;Thu Mar 14 23:38:05 2019;2;1552618085;-23.6398249 -46.6073089;-23.5890733 -46.6336419;8572;1681;1299
155;Thu Mar 14 23:39:05 2019;2;1552618145;-23.6398249 -46.6073089;-23.5890733 -46.6336419;8572;1681;1238
156;Thu Mar 14 23:40:05 2019;2;1552618205;-23.6398249 -46.6073089;-23.5890733 -46.6336419;8572;1681;1292
157;Thu Mar 14 23:41:05 2019;2;1552618265;-23.6398249 -46.6073089;-23.5890733 -46.6336419;8572;1681;1300
158;Thu Mar 14 23:42:06 2019;2;1552618325;-23.6398249 -46.6073089;-23.5890733 -46.6336419;8572;1681;1301
159;Thu Mar 14 23:43:06 2019;2;1552618385;-23.6398249 -46.6073089;-23.5890733 -46.6336419;8572;1681;1301
160;Thu Mar 14 23:44:05 2019;2;1552618445;-23.6398249 -46.6073089;-23.5890733 -46.6336419;8572;1681;1298
161;Thu Mar 14 23:45:05 2019;2;1552618505;-23.6398249 -46.6073089;-23.5890733 -46.6336419;8572;1681;1306
162;Thu Mar 14 23:46:05 2019;2;1552618565;-23.6398249 -46.6073089;-23.5890733 -46.6336419;8572;1681;1242
163;Thu Mar 14 23:47:05 2019;2;1552618625;-23.6398249 -46.6073089;-23.5890733 -46.6336419;8572;1681;1301
164;Thu Mar 14 23:48:05 2019;2;1552618685;-23.6398249 -46.6073089;-23.5890733 -46.6336419;8572;1681;1231
165;Thu Mar 14 23:49:06 2019;2;1552618745;-23.6398249 -46.6073089;-23.5890733 -46.6336419;8572;1681;1288
166;Thu Mar 14 23:50:05 2019;2;1552618805;-23.6398249 -46.6073089;-23.5890733 -46.6336419;8572;1681;1228
167;Thu Mar 14 23:51:06 2019;2;1552618865;-23.6398249 -46.6073089;-23.5890733 -46.6336419;8572;1681;1283
168;Thu Mar 14 23:52:05 2019;2;1552618925;-23.6398249 -46.6073089;-23.5890733 -46.6336419;8572;1681;1215
169;Thu Mar 14 23:53:05 2019;2;1552618985;-23.6398249 -46.6073089;-23.5890733 -46.6336419;8572;1681;1266
170;Thu Mar 14 23:54:05 2019;2;1552619045;-23.6398249 -46.6073089;-23.5890733 -46.6336419;8572;1681;1287
171;Thu Mar 14 23:55:05 2019;2;1552619105;-23.6398249 -46.6073089;-23.5890733 -46.6336419;8572;1681;1287
172;Thu Mar 14 23:56:05 2019;2;1552619165;-23.6398249 -46.6073089;-23.5890733 -46.6336419;8572;1681;1267
173;Thu Mar 14 23:57:06 2019;2;1552619225;-23.6398249 -46.6073089;-23.5890733 -46.6336419;8572;1681;1262
174;Thu Mar 14 23:58:05 2019;2;1552619285;-23.6398249 -46.6073089;-23.5890733 -46.6336419;8572;1681;1256
175;Thu Mar 14 23:59:06 2019;2;1552619346;-23.6398249 -46.6073089;-23.5890733 -46.6336419;8572;1681;1194
