38973;Thu Mar 14 00:00:45 2019;3;1552533345;-23.6398249 -46.6073089;-23.5890733 -46.6336419;8572;1681;1245
39214;Thu Mar 14 04:01:45 2019;3;1552547805;-23.6398249 -46.6073089;-23.5890733 -46.6336419;8572;1681;1180
39215;Thu Mar 14 04:02:45 2019;3;1552547865;-23.6398249 -46.6073089;-23.5890733 -46.6336419;8572;1681;1120
39216;Thu Mar 14 04:03:45 2019;3;1552547925;-23.6398249 -46.6073089;-23.5890733 -46.6336419;8572;1681;1181
39217;Thu Mar 14 04:04:45 2019;3;1552547985;-23.6398249 -46.6073089;-23.5890733 -46.6336419;8572;1681;1184
39218;Thu Mar 14 04:05:45 2019;3;1552548045;-23.6398249 -46.6073089;-23.5890733 -46.6336419;8572;1681;1184
39219;Thu Mar 14 04:06:45 2019;3;1552548105;-23.6398249 -46.6073089;-23.5890733 -46.6336419;8572;1681;1188
39220;Thu Mar 14 04:07:45 2019;3;1552548165;-23.6398249 -46.6073089;-23.5890733 -46.6336419;8572;1681;1193
39221;Thu Mar 14 04:08:45 2019;3;1552548225;-23.6398249 -46.6073089;-23.5890733 -46.6336419;8572;1681;1192
39222;Thu Mar 14 04:09:45 2019;3;1552548285;-23.6398249 -46.6073089;-23.5890733 -46.6336419;8572;1681;1187
1;Thu Mar 14 21:05:30 2019;3;1552609229;-23.6398249 -46.6073089;-23.5890733 -46.6336419;8572;1681;1515
2;Thu Mar 14 21:06:06 2019;3;1552609266;-23.6398249 -46.6073089;-23.5890733 -46.6336419;8572;1681;1485
3;Thu Mar 14 21:07:09 2019;3;1552609329;-23.6398249 -46.6073089;-23.5890733 -46.6336419;8572;1681;1478
4;Thu Mar 14 21:08:07 2019;3;1552609387;-23.6398249 -46.6073089;-23.5890733 -46.6336419;8572;1681;1473
5;Thu Mar 14 21:09:08 2019;3;1552609448;-23.6398249 -46.6073089;-23.5890733 -46.6336419;8572;1681;1473
6;Thu Mar 14 21:10:05 2019;3;1552609505;-23.6398249 -46.6073089;-23.5890733 -46.6336419;8572;1681;1493
7;Thu Mar 14 21:11:06 2019;3;1552609565;-23.6398249 -46.6073089;-23.5890733 -46.6336419;8572;1681;1517
8;Thu Mar 14 21:12:05 2019;3;1552609625;-23.6398249 -46.6073089;-23.5890733 -46.6336419;8572;1681;1477
9;Thu Mar 14 21:13:05 2019;3;1552609685;-23.6398249 -46.6073089;-23.5890733 -46.6336419;8572;1681;1467
10;Thu Mar 14 21:14:06 2019;3;1552609746;-23.6398249 -46.6073089;-23.5890733 -46.6336419;8572;1681;1509
11;Thu Mar 14 21:15:06 2019;3;1552609806;-23.6398249 -46.6073089;-23.5890733 -46.6336419;8572;1681;1535
12;Thu Mar 14 21:16:06 2019;3;1552609866;-23.6398249 -46.6073089;-23.5890733 -46.6336419;8572;1681;1531
13;Thu Mar 14 21:17:06 2019;3;1552609926;-23.6398249 -46.6073089;-23.5890733 -46.6336419;8572;1681;1517
14;Thu Mar 14 21:18:06 2019;3;1552609986;-23.6398249 -46.6073089;-23.5890733 -46.6336419;8572;1681;1524
15;Thu Mar 14 21:19:06 2019;3;1552610045;-23.6398249 -46.6073089;-23.5890733 -46.6336419;8572;1681;1519
16;Thu Mar 14 21:20:06 2019;3;1552610106;-23.6398249 -46.6073089;-23.5890733 -46.6336419;8572;1681;1497
17;Thu Mar 14 21:21:06 2019;3;1552610166;-23.6398249 -46.6073089;-23.5890733 -46.6336419;8572;1681;1526
18;Thu Mar 14 21:22:06 2019;3;1552610226;-23.6398249 -46.6073089;-23.5890733 -46.6336419;8572;1681;1515
19;Thu Mar 14 21:23:06 2019;3;1552610286;-23.6398249 -46.6073089;-23.5890733 -46.6336419;8572;1681;1504
20;Thu Mar 14 21:24:06 2019;3;1552610346;-23.6398249 -46.6073089;-23.5890733 -46.6336419;8572;1681;1515
21;Thu Mar 14 21:25:06 2019;3;1552610406;-23.6398249 -46.6073089;-23.5890733 -46.6336419;8572;1681;1464
22;Thu Mar 14 21:26:06 2019;3;1552610466;-23.6398249 -46.6073089;-23.5890733 -46.6336419;8572;1681;1478
23;Thu Mar 14 21:27:06 2019;3;1552610526;-23.6398249 -46.6073089;-23.5890733 -46.6336419;8572;1681;1442
24;Thu Mar 14 21:28:05 2019;3;1552610585;-23.6398249 -46.6073089;-23.5890733 -46.6336419;8572;1681;1453
25;Thu Mar 14 21:29:05 2019;3;1552610645;-23.6398249 -46.6073089;-23.5890733 -46.6336419;8572;1681;1455
26;Thu Mar 14 21:30:05 2019;3;1552610705;-23.6398249 -46.6073089;-23.5890733 -46.6336419;8572;1681;1463
27;Thu Mar 14 21:31:05 2019;3;1552610765;-23.6398249 -46.6073089;-23.5890733 -46.6336419;8572;1681;1422
28;Thu Mar 14 21:32:05 2019;3;1552610825;-23.6398249 -46.6073089;-23.5890733 -46.6336419;8572;1681;1464
29;Thu Mar 14 21:33:05 2019;3;1552610885;-23.6398249 -46.6073089;-23.5890733 -46.6336419;8572;1681;1432
30;Thu Mar 14 21:34:05 2019;3;1552610945;-23.6398249 -46.6073089;-23.5890733 -46.6336419;8572;1681;1455
31;Thu Mar 14 21:35:05 2019;3;1552611005;-23.6398249 -46.6073089;-23.5890733 -46.6336419;8572;1681;1450
32;Thu Mar 14 21:36:05 2019;3;1552611065;-23.6398249 -46.6073089;-23.5890733 -46.6336419;8572;1681;1414
33;Thu Mar 14 21:37:06 2019;3;1552611126;-23.6398249 -46.6073089;-23.5890733 -46.6336419;8572;1681;1443
34;Thu Mar 14 21:38:05 2019;3;1552611185;-23.6398249 -46.6073089;-23.5890733 -46.6336419;8572;1681;1419
35;Thu Mar 14 21:39:05 2019;3;1552611245;-23.6398249 -46.6073089;-23.5890733 -46.6336419;8572;1681;1422
36;Thu Mar 14 21:40:05 2019;3;1552611305;-23.6398249 -46.6073089;-23.5890733 -46.6336419;8572;1681;1435
37;Thu Mar 14 21:41:06 2019;3;1552611365;-23.6398249 -46.6073089;-23.5890733 -46.6336419;8572;1681;1403
38;Thu Mar 14 21:42:06 2019;3;1552611425;-23.6398249 -46.6073089;-23.5890733 -46.6336419;8572;1681;1436
39;Thu Mar 14 21:43:06 2019;3;1552611485;-23.6398249 -46.6073089;-23.5890733 -46.6336419;8572;1681;1426
40;Thu Mar 14 21:44:05 2019;3;1552611545;-23.6398249 -46.6073089;-23.5890733 -46.6336419;8572;1681;1452
41;Thu Mar 14 21:45:06 2019;3;1552611606;-23.6398249 -46.6073089;-23.5890733 -46.6336419;8572;1681;1446
42;Thu Mar 14 21:46:05 2019;3;1552611665;-23.6398249 -46.6073089;-23.5890733 -46.6336419;8572;1681;1426
43;Thu Mar 14 21:47:06 2019;3;1552611725;-23.6398249 -46.6073089;-23.5890733 -46.6336419;8572;1681;1457
44;Thu Mar 14 21:48:05 2019;3;1552611785;-23.6398249 -46.6073089;-23.5890733 -46.6336419;8572;1681;1454
45;Thu Mar 14 21:49:05 2019;3;1552611845;-23.6398249 -46.6073089;-23.5890733 -46.6336419;8572;1681;1454
46;Thu Mar 14 21:50:06 2019;3;1552611905;-23.6398249 -46.6073089;-23.5890733 -46.6336419;8572;1681;1397
47;Thu Mar 14 21:51:05 2019;3;1552611965;-23.6398249 -46.6073089;-23.5890733 -46.6336419;8572;1681;1423
48;Thu Mar 14 21:52:06 2019;3;1552612026;-23.6398249 -46.6073089;-23.5890733 -46.6336419;8572;1681;1424
49;Thu Mar 14 21:53:05 2019;3;1552612085;-23.6398249 -46.6073089;-23.5890733 -46.6336419;8572;1681;1394
50;Thu Mar 14 21:54:05 2019;3;1552612145;-23.6398249 -46.6073089;-23.5890733 -46.6336419;8572;1681;1428
51;Thu Mar 14 21:55:06 2019;3;1552612206;-23.6398249 -46.6073089;-23.5890733 -46.6336419;8572;1681;1402
52;Thu Mar 14 21:56:05 2019;3;1552612265;-23.6398249 -46.6073089;-23.5890733 -46.6336419;8572;1681;1421
53;Thu Mar 14 21:57:05 2019;3;1552612325;-23.6398249 -46.6073089;-23.5890733 -46.6336419;8572;1681;1393
54;Thu Mar 14 21:58:05 2019;3;1552612385;-23.6398249 -46.6073089;-23.5890733 -46.6336419;8572;1681;1405
55;Thu Mar 14 21:59:06 2019;3;1552612446;-23.6398249 -46.6073089;-23.5890733 -46.6336419;8572;1681;1432
56;Thu Mar 14 22:00:05 2019;3;1552612505;-23.6398249 -46.6073089;-23.5890733 -46.6336419;8572;1681;1427
57;Thu Mar 14 22:01:06 2019;3;1552612565;-23.6398249 -46.6073089;-23.5890733 -46.6336419;8572;1681;1402
58;Thu Mar 14 22:02:05 2019;3;1552612625;-23.6398249 -46.6073089;-23.5890733 -46.6336419;8572;1681;1420
59;Thu Mar 14 22:03:05 2019;3;1552612685;-23.6398249 -46.6073089;-23.5890733 -46.6336419;8572;1681;1371
60;Thu Mar 14 22:04:05 2019;3;1552612745;-23.6398249 -46.6073089;-23.5890733 -46.6336419;8572;1681;1390
61;Thu Mar 14 22:05:06 2019;3;1552612805;-23.6398249 -46.6073089;-23.5890733 -46.6336419;8572;1681;1374
62;Thu Mar 14 22:06:06 2019;3;1552612866;-23.6398249 -46.6073089;-23.5890733 -46.6336419;8572;1681;1389
63;Thu Mar 14 22:07:06 2019;3;1552612926;-23.6398249 -46.6073089;-23.5890733 -46.6336419;8572;1681;1364
64;Thu Mar 14 22:08:05 2019;3;1552612985;-23.6398249 -46.6073089;-23.5890733 -46.6336419;8572;1681;1391
65;Thu Mar 14 22:09:05 2019;3;1552613045;-23.6398249 -46.6073089;-23.5890733 -46.6336419;8572;1681;1367
66;Thu Mar 14 22:10:05 2019;3;1552613105;-23.6398249 -46.6073089;-23.5890733 -46.6336419;8572;1681;1367
67;Thu Mar 14 22:11:05 2019;3;1552613165;-23.6398249 -46.6073089;-23.5890733 -46.6336419;8572;1681;1384
68;Thu Mar 14 22:12:05 2019;3;1552613225;-23.6398249 -46.6073089;-23.5890733 -46.6336419;8572;1681;1384
69;Thu Mar 14 22:13:05 2019;3;1552613285;-23.6398249 -46.6073089;-23.5890733 -46.6336419;8572;1681;1385
70;Thu Mar 14 22:14:05 2019;3;1552613345;-23.6398249 -46.6073089;-23.5890733 -46.6336419;8572;1681;1389
71;Thu Mar 14 22:15:05 2019;3;1552613405;-23.6398249 -46.6073089;-23.5890733 -46.6336419;8572;1681;1403
72;Thu Mar 14 22:16:05 2019;3;1552613465;-23.6398249 -46.6073089;-23.5890733 -46.6336419;8572;1681;1414
73;Thu Mar 14 22:17:05 2019;3;1552613525;-23.6398249 -46.6073089;-23.5890733 -46.6336419;8572;1681;1398
74;Thu Mar 14 22:18:05 2019;3;1552613585;-23.6398249 -46.6073089;-23.5890733 -46.6336419;8572;1681;1411
75;Thu Mar 14 22:19:06 2019;3;1552613645;-23.6398249 -46.6073089;-23.5890733 -46.6336419;8572;1681;1416
76;Thu Mar 14 22:20:06 2019;3;1552613706;-23.6398249 -46.6073089;-23.5890733 -46.6336419;8572;1681;1407
77;Thu Mar 14 22:21:05 2019;3;1552613765;-23.6398249 -46.6073089;-23.5890733 -46.6336419;8572;1681;1412
78;Thu Mar 14 22:22:05 2019;3;1552613825;-23.6398249 -46.6073089;-23.5890733 -46.6336419;8572;1681;1420
79;Thu Mar 14 22:23:06 2019;3;1552613886;-23.6398249 -46.6073089;-23.5890733 -46.6336419;8572;1681;1415
80;Thu Mar 14 22:24:06 2019;3;1552613946;-23.6398249 -46.6073089;-23.5890733 -46.6336419;8572;1681;1416
81;Thu Mar 14 22:25:05 2019;3;1552614005;-23.6398249 -46.6073089;-23.5890733 -46.6336419;8572;1681;1396
82;Thu Mar 14 22:26:05 2019;3;1552614065;-23.6398249 -46.6073089;-23.5890733 -46.6336419;8572;1681;1386
83;Thu Mar 14 22:27:05 2019;3;1552614125;-23.6398249 -46.6073089;-23.5890733 -46.6336419;8572;1681;1421
84;Thu Mar 14 22:28:05 2019;3;1552614185;-23.6398249 -46.6073089;-23.5890733 -46.6336419;8572;1681;1400
85;Thu Mar 14 22:29:05 2019;3;1552614245;-23.6398249 -46.6073089;-23.5890733 -46.6336419;8572;1681;1377
86;Thu Mar 14 22:30:05 2019;3;1552614305;-23.6398249 -46.6073089;-23.5890733 -46.6336419;8572;1681;1396
87;Thu Mar 14 22:31:05 2019;3;1552614365;-23.6398249 -46.6073089;-23.5890733 -46.6336419;8572;1681;1368
88;Thu Mar 14 22:32:05 2019;3;1552614425;-23.6398249 -46.6073089;-23.5890733 -46.6336419;8572;1681;1389
89;Thu Mar 14 22:33:06 2019;3;1552614485;-23.6398249 -46.6073089;-23.5890733 -46.6336419;8572;1681;1374
90;Thu Mar 14 22:34:05 2019;3;1552614545;-23.6398249 -46.6073089;-23.5890733 -46.6336419;8572;1681;1435
91;Thu Mar 14 22:35:05 2019;3;1552614605;-23.6398249 -46.6073089;-23.5890733 -46.6336419;8572;1681;1418
92;Thu Mar 14 22:36:05 2019;3;1552614665;-23.6398249 -46.6073089;-23.5890733 -46.6336419;8572;1681;1431
93;Thu Mar 14 22:37:05 2019;3;1552614725;-23.6398249 -46.6073089;-23.5890733 -46.6336419;8572;1681;1442
94;Thu Mar 14 22:38:05 2019;3;1552614785;-23.6398249 -46.6073089;-23.5890733 -46.6336419;8572;1681;1439
95;Thu Mar 14 22:39:06 2019;3;1552614845;-23.6398249 -46.6073089;-23.5890733 -46.6336419;8572;1681;1428
96;Thu Mar 14 22:40:06 2019;3;1552614906;-23.6398249 -46.6073089;-23.5890733 -46.6336419;8572;1681;1389
97;Thu Mar 14 22:41:05 2019;3;1552614965;-23.6398249 -46.6073089;-23.5890733 -46.6336419;8572;1681;1359
98;Thu Mar 14 22:42:05 2019;3;1552615025;-23.6398249 -46.6073089;-23.5890733 -46.6336419;8572;1681;1400
99;Thu Mar 14 22:43:05 2019;3;1552615085;-23.6398249 -46.6073089;-23.5890733 -46.6336419;8572;1681;1413
100;Thu Mar 14 22:44:06 2019;3;1552615146;-23.6398249 -46.6073089;-23.5890733 -46.6336419;8572;1681;1406
101;Thu Mar 14 22:45:06 2019;3;1552615206;-23.6398249 -46.6073089;-23.5890733 -46.6336419;8572;1681;1403
102;Thu Mar 14 22:46:06 2019;3;1552615266;-23.6398249 -46.6073089;-23.5890733 -46.6336419;8572;1681;1333
103;Thu Mar 14 22:47:06 2019;3;1552615326;-23.6398249 -46.6073089;-23.5890733 -46.6336419;8572;1681;1335
104;Thu Mar 14 22:48:06 2019;3;1552615385;-23.6398249 -46.6073089;-23.5890733 -46.6336419;8572;1681;1376
105;Thu Mar 14 22:49:06 2019;3;1552615446;-23.6398249 -46.6073089;-23.5890733 -46.6336419;8572;1681;1371
106;Thu Mar 14 22:50:06 2019;3;1552615506;-23.6398249 -46.6073089;-23.5890733 -46.6336419;8572;1681;1323
107;Thu Mar 14 22:51:06 2019;3;1552615565;-23.6398249 -46.6073089;-23.5890733 -46.6336419;8572;1681;1360
108;Thu Mar 14 22:52:05 2019;3;1552615625;-23.6398249 -46.6073089;-23.5890733 -46.6336419;8572;1681;1377
109;Thu Mar 14 22:53:06 2019;3;1552615686;-23.6398249 -46.6073089;-23.5890733 -46.6336419;8572;1681;1384
110;Thu Mar 14 22:54:06 2019;3;1552615746;-23.6398249 -46.6073089;-23.5890733 -46.6336419;8572;1681;1395
111;Thu Mar 14 22:55:06 2019;3;1552615806;-23.6398249 -46.6073089;-23.5890733 -46.6336419;8572;1681;1394
112;Thu Mar 14 22:56:06 2019;3;1552615866;-23.6398249 -46.6073089;-23.5890733 -46.6336419;8572;1681;1398
113;Thu Mar 14 22:57:05 2019;3;1552615925;-23.6398249 -46.6073089;-23.5890733 -46.6336419;8572;1681;1337
114;Thu Mar 14 22:58:06 2019;3;1552615985;-23.6398249 -46.6073089;-23.5890733 -46.6336419;8572;1681;1385
115;Thu Mar 14 22:59:05 2019;3;1552616045;-23.6398249 -46.6073089;-23.5890733 -46.6336419;8572;1681;1366
116;Thu Mar 14 23:00:05 2019;3;1552616105;-23.6398249 -46.6073089;-23.5890733 -46.6336419;8572;1681;1370
117;Thu Mar 14 23:01:05 2019;3;1552616165;-23.6398249 -46.6073089;-23.5890733 -46.6336419;8572;1681;1367
118;Thu Mar 14 23:02:05 2019;3;1552616225;-23.6398249 -46.6073089;-23.5890733 -46.6336419;8572;1681;1370
119;Thu Mar 14 23:03:05 2019;3;1552616285;-23.6398249 -46.6073089;-23.5890733 -46.6336419;8572;1681;1366
120;Thu Mar 14 23:04:05 2019;3;1552616345;-23.6398249 -46.6073089;-23.5890733 -46.6336419;8572;1681;1371
121;Thu Mar 14 23:05:06 2019;3;1552616405;-23.6398249 -46.6073089;-23.5890733 -46.6336419;8572;1681;1362
122;Thu Mar 14 23:06:05 2019;3;1552616465;-23.6398249 -46.6073089;-23.5890733 -46.6336419;8572;1681;1361
123;Thu Mar 14 23:07:05 2019;3;1552616525;-23.6398249 -46.6073089;-23.5890733 -46.6336419;8572;1681;1365
124;Thu Mar 14 23:08:05 2019;3;1552616585;-23.6398249 -46.6073089;-23.5890733 -46.6336419;8572;1681;1361
125;Thu Mar 14 23:09:05 2019;3;1552616645;-23.6398249 -46.6073089;-23.5890733 -46.6336419;8572;1681;1374
126;Thu Mar 14 23:10:05 2019;3;1552616705;-23.6398249 -46.6073089;-23.5890733 -46.6336419;8572;1681;1373
127;Thu Mar 14 23:11:05 2019;3;1552616765;-23.6398249 -46.6073089;-23.5890733 -46.6336419;8572;1681;1379
128;Thu Mar 14 23:12:06 2019;3;1552616826;-23.6398249 -46.6073089;-23.5890733 -46.6336419;8572;1681;1369
129;Thu Mar 14 23:13:05 2019;3;1552616885;-23.6398249 -46.6073089;-23.5890733 -46.6336419;8572;1681;1374
130;Thu Mar 14 23:14:05 2019;3;1552616945;-23.6398249 -46.6073089;-23.5890733 -46.6336419;8572;1681;1318
131;Thu Mar 14 23:15:05 2019;3;1552617005;-23.6398249 -46.6073089;-23.5890733 -46.6336419;8572;1681;1377
132;Thu Mar 14 23:16:05 2019;3;1552617065;-23.6398249 -46.6073089;-23.5890733 -46.6336419;8572;1681;1358
133;Thu Mar 14 23:17:05 2019;3;1552617125;-23.6398249 -46.6073089;-23.5890733 -46.6336419;8572;1681;1363
134;Thu Mar 14 23:18:05 2019;3;1552617185;-23.6398249 -46.6073089;-23.5890733 -46.6336419;8572;1681;1338
135;Thu Mar 14 23:19:05 2019;3;1552617245;-23.6398249 -46.6073089;-23.5890733 -46.6336419;8572;1681;1366
136;Thu Mar 14 23:20:05 2019;3;1552617305;-23.6398249 -46.6073089;-23.5890733 -46.6336419;8572;1681;1369
137;Thu Mar 14 23:21:05 2019;3;1552617365;-23.6398249 -46.6073089;-23.5890733 -46.6336419;8572;1681;1359
138;Thu Mar 14 23:22:05 2019;3;1552617425;-23.6398249 -46.6073089;-23.5890733 -46.6336419;8572;1681;1346
139;Thu Mar 14 23:23:05 2019;3;1552617485;-23.6398249 -46.6073089;-23.5890733 -46.6336419;8572;1681;1337
140;Thu Mar 14 23:24:05 2019;3;1552617545;-23.6398249 -46.6073089;-23.5890733 -46.6336419;8572;1681;1269
141;Thu Mar 14 23:25:05 2019;3;1552617605;-23.6398249 -46.6073089;-23.5890733 -46.6336419;8572;1681;1324
142;Thu Mar 14 23:26:05 2019;3;1552617665;-23.6398249 -46.6073089;-23.5890733 -46.6336419;8572;1681;1322
143;Thu Mar 14 23:27:05 2019;3;1552617725;-23.6398249 -46.6073089;-23.5890733 -46.6336419;8572;1681;1326
144;Thu Mar 14 23:28:05 2019;3;1552617785;-23.6398249 -46.6073089;-23.5890733 -46.6336419;8572;1681;1321
145;Thu Mar 14 23:29:05 2019;3;1552617845;-23.6398249 -46.6073089;-23.5890733 -46.6336419;8572;1681;1325
146;Thu Mar 14 23:30:05 2019;3;1552617905;-23.6398249 -46.6073089;-23.5890733 -46.6336419;8572;1681;1320
147;Thu Mar 14 23:31:05 2019;3;1552617965;-23.6398249 -46.6073089;-23.5890733 -46.6336419;8572;1681;1316
148;Thu Mar 14 23:32:05 2019;3;1552618025;-23.6398249 -46.6073089;-23.5890733 -46.6336419;8572;1681;1320
149;Thu Mar 14 23:33:06 2019;3;1552618086;-23.6398249 -46.6073089;-23.5890733 -46.6336419;8572;1681;1256
150;Thu Mar 14 23:34:05 2019;3;1552618145;-23.6398249 -46.6073089;-23.5890733 -46.6336419;8572;1681;1319
151;Thu Mar 14 23:35:06 2019;3;1552618205;-23.6398249 -46.6073089;-23.5890733 -46.6336419;8572;1681;1308
152;Thu Mar 14 23:36:05 2019;3;1552618265;-23.6398249 -46.6073089;-23.5890733 -46.6336419;8572;1681;1249
153;Thu Mar 14 23:37:05 2019;3;1552618325;-23.6398249 -46.6073089;-23.5890733 -46.6336419;8572;1681;1300
154;Thu Mar 14 23:38:05 2019;3;1552618385;-23.6398249 -46.6073089;-23.5890733 -46.6336419;8572;1681;1240
155;Thu Mar 14 23:39:06 2019;3;1552618445;-23.6398249 -46.6073089;-23.5890733 -46.6336419;8572;1681;1300
156;Thu Mar 14 23:40:05 2019;3;1552618505;-23.6398249 -46.6073089;-23.5890733 -46.6336419;8572;1681;1295
157;Thu Mar 14 23:41:05 2019;3;1552618565;-23.6398249 -46.6073089;-23.5890733 -46.6336419;8572;1681;1306
158;Thu Mar 14 23:42:06 2019;3;1552618626;-23.6398249 -46.6073089;-23.5890733 -46.6336419;8572;1681;1242
159;Thu Mar 14 23:43:06 2019;3;1552618686;-23.6398249 -46.6073089;-23.5890733 -46.6336419;8572;1681;1302
160;Thu Mar 14 23:44:05 2019;3;1552618745;-23.6398249 -46.6073089;-23.5890733 -46.6336419;8572;1681;1238
161;Thu Mar 14 23:45:06 2019;3;1552618805;-23.6398249 -46.6073089;-23.5890733 -46.6336419;8572;1681;1306
162;Thu Mar 14 23:46:05 2019;3;1552618865;-23.6398249 -46.6073089;-23.5890733 -46.6336419;8572;1681;1307
163;Thu Mar 14 23:47:06 2019;3;1552618925;-23.6398249 -46.6073089;-23.5890733 -46.6336419;8572;1681;1293
164;Thu Mar 14 23:48:05 2019;3;1552618985;-23.6398249 -46.6073089;-23.5890733 -46.6336419;8572;1681;1285
165;Thu Mar 14 23:49:06 2019;3;1552619046;-23.6398249 -46.6073089;-23.5890733 -46.6336419;8572;1681;1286
166;Thu Mar 14 23:50:06 2019;3;1552619105;-23.6398249 -46.6073089;-23.5890733 -46.6336419;8572;1681;1278
167;Thu Mar 14 23:51:06 2019;3;1552619166;-23.6398249 -46.6073089;-23.5890733 -46.6336419;8572;1681;1279
168;Thu Mar 14 23:52:05 2019;3;1552619225;-23.6398249 -46.6073089;-23.5890733 -46.6336419;8572;1681;1266
169;Thu Mar 14 23:53:05 2019;3;1552619285;-23.6398249 -46.6073089;-23.5890733 -46.6336419;8572;1681;1205
170;Thu Mar 14 23:54:05 2019;3;1552619345;-23.6398249 -46.6073089;-23.5890733 -46.6336419;8572;1681;1279
171;Thu Mar 14 23:55:05 2019;3;1552619405;-23.6398249 -46.6073089;-23.5890733 -46.6336419;8572;1681;1216
172;Thu Mar 14 23:56:06 2019;3;1552619465;-23.6398249 -46.6073089;-23.5890733 -46.6336419;8572;1681;1263
173;Thu Mar 14 23:57:06 2019;3;1552619526;-23.6398249 -46.6073089;-23.5890733 -46.6336419;8572;1681;1262
174;Thu Mar 14 23:58:05 2019;3;1552619585;-23.6398249 -46.6073089;-23.5890733 -46.6336419;8572;1681;1200
175;Thu Mar 14 23:59:06 2019;3;1552619646;-23.6398249 -46.6073089;-23.5890733 -46.6336419;8572;1681;1251
