38973;Thu Mar 14 00:00:44 2019;0;1552532444;-23.6398249 -46.6073089;-23.5890733 -46.6336419;8572;1681;1254
39214;Thu Mar 14 04:01:44 2019;0;1552546904;-23.6398249 -46.6073089;-23.5890733 -46.6336419;8572;1681;1185
39215;Thu Mar 14 04:02:45 2019;0;1552546965;-23.6398249 -46.6073089;-23.5890733 -46.6336419;8572;1681;1185
39216;Thu Mar 14 04:03:45 2019;0;1552547025;-23.6398249 -46.6073089;-23.5890733 -46.6336419;8572;1681;1184
39217;Thu Mar 14 04:04:45 2019;0;1552547084;-23.6398249 -46.6073089;-23.5890733 -46.6336419;8572;1681;1183
39218;Thu Mar 14 04:05:45 2019;0;1552547145;-23.6398249 -46.6073089;-23.5890733 -46.6336419;8572;1681;1184
39219;Thu Mar 14 04:06:44 2019;0;1552547204;-23.6398249 -46.6073089;-23.5890733 -46.6336419;8572;1681;1172
39220;Thu Mar 14 04:07:45 2019;0;1552547265;-23.6398249 -46.6073089;-23.5890733 -46.6336419;8572;1681;1105
39221;Thu Mar 14 04:08:45 2019;0;1552547325;-23.6398249 -46.6073089;-23.5890733 -46.6336419;8572;1681;1171
39222;Thu Mar 14 04:09:45 2019;0;1552547384;-23.6398249 -46.6073089;-23.5890733 -46.6336419;8572;1681;1108
1;Thu Mar 14 21:05:29 2019;0;1552608329;-23.6398249 -46.6073089;-23.5890733 -46.6336419;8572;1681;1565
2;Thu Mar 14 21:06:06 2019;0;1552608366;-23.6398249 -46.6073089;-23.5890733 -46.6336419;8572;1681;1566
3;Thu Mar 14 21:07:09 2019;0;1552608429;-23.6398249 -46.6073089;-23.5890733 -46.6336419;8572;1681;1560
4;Thu Mar 14 21:08:06 2019;0;1552608486;-23.6398249 -46.6073089;-23.5890733 -46.6336419;8572;1681;1552
5;Thu Mar 14 21:09:07 2019;0;1552608547;-23.6398249 -46.6073089;-23.5890733 -46.6336419;8572;1681;1551
6;Thu Mar 14 21:10:05 2019;0;1552608605;-23.6398249 -46.6073089;-23.5890733 -46.6336419;8572;1681;1569
7;Thu Mar 14 21:11:05 2019;0;1552608665;-23.6398249 -46.6073089;-23.5890733 -46.6336419;8572;1681;1530
8;Thu Mar 14 21:12:05 2019;0;1552608725;-23.6398249 -46.6073089;-23.5890733 -46.6336419;8572;1681;1549
9;Thu Mar 14 21:13:05 2019;0;1552608785;-23.6398249 -46.6073089;-23.5890733 -46.6336419;8572;1681;1516
10;Thu Mar 14 21:14:05 2019;0;1552608845;-23.6398249 -46.6073089;-23.5890733 -46.6336419;8572;1681;1541
11;Thu Mar 14 21:15:05 2019;0;1552608905;-23.6398249 -46.6073089;-23.5890733 -46.6336419;8572;1681;1587
12;Thu Mar 14 21:16:06 2019;0;1552608966;-23.6398249 -46.6073089;-23.5890733 -46.6336419;8572;1681;1539
13;Thu Mar 14 21:17:06 2019;0;1552609026;-23.6398249 -46.6073089;-23.5890733 -46.6336419;8572;1681;1564
14;Thu Mar 14 21:18:06 2019;0;1552609086;-23.6398249 -46.6073089;-23.5890733 -46.6336419;8572;1681;1566
15;Thu Mar 14 21:19:05 2019;0;1552609145;-23.6398249 -46.6073089;-23.5890733 -46.6336419;8572;1681;1538
16;Thu Mar 14 21:20:06 2019;0;1552609205;-23.6398249 -46.6073089;-23.5890733 -46.6336419;8572;1681;1546
17;Thu Mar 14 21:21:06 2019;0;1552609265;-23.6398249 -46.6073089;-23.5890733 -46.6336419;8572;1681;1511
18;Thu Mar 14 21:22:06 2019;0;1552609326;-23.6398249 -46.6073089;-23.5890733 -46.6336419;8572;1681;1493
19;Thu Mar 14 21:23:05 2019;0;1552609385;-23.6398249 -46.6073089;-23.5890733 -46.6336419;8572;1681;1573
20;Thu Mar 14 21:24:05 2019;0;1552609445;-23.6398249 -46.6073089;-23.5890733 -46.6336419;8572;1681;1528
21;Thu Mar 14 21:25:05 2019;0;1552609505;-23.6398249 -46.6073089;-23.5890733 -46.6336419;8572;1681;1441
22;Thu Mar 14 21:26:05 2019;0;1552609565;-23.6398249 -46.6073089;-23.5890733 -46.6336419;8572;1681;1457
23;Thu Mar 14 21:27:05 2019;0;1552609625;-23.6398249 -46.6073089;-23.5890733 -46.6336419;8572;1681;1475
24;Thu Mar 14 21:28:05 2019;0;1552609685;-23.6398249 -46.6073089;-23.5890733 -46.6336419;8572;1681;1452
25;Thu Mar 14 21:29:05 2019;0;1552609745;-23.6398249 -46.6073089;-23.5890733 -46.6336419;8572;1681;1447
26;Thu Mar 14 21:30:05 2019;0;1552609805;-23.6398249 -46.6073089;-23.5890733 -46.6336419;8572;1681;1429
27;Thu Mar 14 21:31:05 2019;0;1552609865;-23.6398249 -46.6073089;-23.5890733 -46.6336419;8572;1681;1416
28;Thu Mar 14 21:32:05 2019;0;1552609925;-23.6398249 -46.6073089;-23.5890733 -46.6336419;8572;1681;1439
29;Thu Mar 14 21:33:05 2019;0;1552609985;-23.6398249 -46.6073089;-23.5890733 -46.6336419;8572;1681;1436
30;Thu Mar 14 21:34:05 2019;0;1552610045;-23.6398249 -46.6073089;-23.5890733 -46.6336419;8572;1681;1457
31;Thu Mar 14 21:35:05 2019;0;1552610105;-23.6398249 -46.6073089;-23.5890733 -46.6336419;8572;1681;1411
32;Thu Mar 14 21:36:05 2019;0;1552610165;-23.6398249 -46.6073089;-23.5890733 -46.6336419;8572;1681;1410
33;Thu Mar 14 21:37:05 2019;0;1552610225;-23.6398249 -46.6073089;-23.5890733 -46.6336419;8572;1681;1439
34;Thu Mar 14 21:38:05 2019;0;1552610285;-23.6398249 -46.6073089;-23.5890733 -46.6336419;8572;1681;1452
35;Thu Mar 14 21:39:05 2019;0;1552610345;-23.6398249 -46.6073089;-23.5890733 -46.6336419;8572;1681;1439
36;Thu Mar 14 21:40:05 2019;0;1552610405;-23.6398249 -46.6073089;-23.5890733 -46.6336419;8572;1681;1435
37;Thu Mar 14 21:41:05 2019;0;1552610465;-23.6398249 -46.6073089;-23.5890733 -46.6336419;8572;1681;1415
38;Thu Mar 14 21:42:05 2019;0;1552610525;-23.6398249 -46.6073089;-23.5890733 -46.6336419;8572;1681;1424
39;Thu Mar 14 21:43:05 2019;0;1552610585;-23.6398249 -46.6073089;-23.5890733 -46.6336419;8572;1681;1447
40;Thu Mar 14 21:44:05 2019;0;1552610645;-23.6398249 -46.6073089;-23.5890733 -46.6336419;8572;1681;1448
41;Thu Mar 14 21:45:05 2019;0;1552610705;-23.6398249 -46.6073089;-23.5890733 -46.6336419;8572;1681;1471
42;Thu Mar 14 21:46:05 2019;0;1552610765;-23.6398249 -46.6073089;-23.5890733 -46.6336419;8572;1681;1477
43;Thu Mar 14 21:47:05 2019;0;1552610825;-23.6398249 -46.6073089;-23.5890733 -46.6336419;8572;1681;1484
44;Thu Mar 14 21:48:05 2019;0;1552610885;-23.6398249 -46.6073089;-23.5890733 -46.6336419;8572;1681;1442
45;Thu Mar 14 21:49:05 2019;0;1552610945;-23.6398249 -46.6073089;-23.5890733 -46.6336419;8572;1681;1444
46;Thu Mar 14 21:50:05 2019;0;1552611005;-23.6398249 -46.6073089;-23.5890733 -46.6336419;8572;1681;1425
47;Thu Mar 14 21:51:05 2019;0;1552611065;-23.6398249 -46.6073089;-23.5890733 -46.6336419;8572;1681;1385
48;Thu Mar 14 21:52:05 2019;0;1552611125;-23.6398249 -46.6073089;-23.5890733 -46.6336419;8572;1681;1424
49;Thu Mar 14 21:53:05 2019;0;1552611185;-23.6398249 -46.6073089;-23.5890733 -46.6336419;8572;1681;1390
50;Thu Mar 14 21:54:05 2019;0;1552611245;-23.6398249 -46.6073089;-23.5890733 -46.6336419;8572;1681;1410
51;Thu Mar 14 21:55:05 2019;0;1552611305;-23.6398249 -46.6073089;-23.5890733 -46.6336419;8572;1681;1431
52;Thu Mar 14 21:56:05 2019;0;1552611365;-23.6398249 -46.6073089;-23.5890733 -46.6336419;8572;1681;1426
53;Thu Mar 14 21:57:05 2019;0;1552611425;-23.6398249 -46.6073089;-23.5890733 -46.6336419;8572;1681;1427
54;Thu Mar 14 21:58:05 2019;0;1552611485;-23.6398249 -46.6073089;-23.5890733 -46.6336419;8572;1681;1437
55;Thu Mar 14 21:59:05 2019;0;1552611545;-23.6398249 -46.6073089;-23.5890733 -46.6336419;8572;1681;1417
56;Thu Mar 14 22:00:05 2019;0;1552611605;-23.6398249 -46.6073089;-23.5890733 -46.6336419;8572;1681;1441
57;Thu Mar 14 22:01:05 2019;0;1552611665;-23.6398249 -46.6073089;-23.5890733 -46.6336419;8572;1681;1391
58;Thu Mar 14 22:02:05 2019;0;1552611725;-23.6398249 -46.6073089;-23.5890733 -46.6336419;8572;1681;1418
59;Thu Mar 14 22:03:05 2019;0;1552611785;-23.6398249 -46.6073089;-23.5890733 -46.6336419;8572;1681;1405
60;Thu Mar 14 22:04:05 2019;0;1552611845;-23.6398249 -46.6073089;-23.5890733 -46.6336419;8572;1681;1381
61;Thu Mar 14 22:05:05 2019;0;1552611905;-23.6398249 -46.6073089;-23.5890733 -46.6336419;8572;1681;1393
62;Thu Mar 14 22:06:05 2019;0;1552611965;-23.6398249 -46.6073089;-23.5890733 -46.6336419;8572;1681;1383
63;Thu Mar 14 22:07:06 2019;0;1552612026;-23.6398249 -46.6073089;-23.5890733 -46.6336419;8572;1681;1392
64;Thu Mar 14 22:08:05 2019;0;1552612085;-23.6398249 -46.6073089;-23.5890733 -46.6336419;8572;1681;1393
65;Thu Mar 14 22:09:05 2019;0;1552612145;-23.6398249 -46.6073089;-23.5890733 -46.6336419;8572;1681;1389
66;Thu Mar 14 22:10:05 2019;0;1552612205;-23.6398249 -46.6073089;-23.5890733 -46.6336419;8572;1681;1360
67;Thu Mar 14 22:11:05 2019;0;1552612265;-23.6398249 -46.6073089;-23.5890733 -46.6336419;8572;1681;1387
68;Thu Mar 14 22:12:05 2019;0;1552612325;-23.6398249 -46.6073089;-23.5890733 -46.6336419;8572;1681;1393
69;Thu Mar 14 22:13:05 2019;0;1552612385;-23.6398249 -46.6073089;-23.5890733 -46.6336419;8572;1681;1417
70;Thu Mar 14 22:14:05 2019;0;1552612445;-23.6398249 -46.6073089;-23.5890733 -46.6336419;8572;1681;1428
71;Thu Mar 14 22:15:05 2019;0;1552612505;-23.6398249 -46.6073089;-23.5890733 -46.6336419;8572;1681;1411
72;Thu Mar 14 22:16:05 2019;0;1552612565;-23.6398249 -46.6073089;-23.5890733 -46.6336419;8572;1681;1444
73;Thu Mar 14 22:17:05 2019;0;1552612625;-23.6398249 -46.6073089;-23.5890733 -46.6336419;8572;1681;1404
74;Thu Mar 14 22:18:05 2019;0;1552612685;-23.6398249 -46.6073089;-23.5890733 -46.6336419;8572;1681;1417
75;Thu Mar 14 22:19:05 2019;0;1552612745;-23.6398249 -46.6073089;-23.5890733 -46.6336419;8572;1681;1441
76;Thu Mar 14 22:20:05 2019;0;1552612805;-23.6398249 -46.6073089;-23.5890733 -46.6336419;8572;1681;1444
77;Thu Mar 14 22:21:05 2019;0;1552612865;-23.6398249 -46.6073089;-23.5890733 -46.6336419;8572;1681;1428
78;Thu Mar 14 22:22:05 2019;0;1552612925;-23.6398249 -46.6073089;-23.5890733 -46.6336419;8572;1681;1451
79;Thu Mar 14 22:23:06 2019;0;1552612985;-23.6398249 -46.6073089;-23.5890733 -46.6336419;8572;1681;1453
80;Thu Mar 14 22:24:05 2019;0;1552613045;-23.6398249 -46.6073089;-23.5890733 -46.6336419;8572;1681;1421
81;Thu Mar 14 22:25:05 2019;0;1552613105;-23.6398249 -46.6073089;-23.5890733 -46.6336419;8572;1681;1426
82;Thu Mar 14 22:26:05 2019;0;1552613165;-23.6398249 -46.6073089;-23.5890733 -46.6336419;8572;1681;1405
83;Thu Mar 14 22:27:05 2019;0;1552613225;-23.6398249 -46.6073089;-23.5890733 -46.6336419;8572;1681;1420
84;Thu Mar 14 22:28:05 2019;0;1552613285;-23.6398249 -46.6073089;-23.5890733 -46.6336419;8572;1681;1423
85;Thu Mar 14 22:29:05 2019;0;1552613345;-23.6398249 -46.6073089;-23.5890733 -46.6336419;8572;1681;1407
86;Thu Mar 14 22:30:05 2019;0;1552613405;-23.6398249 -46.6073089;-23.5890733 -46.6336419;8572;1681;1420
87;Thu Mar 14 22:31:05 2019;0;1552613465;-23.6398249 -46.6073089;-23.5890733 -46.6336419;8572;1681;1395
88;Thu Mar 14 22:32:05 2019;0;1552613525;-23.6398249 -46.6073089;-23.5890733 -46.6336419;8572;1681;1412
89;Thu Mar 14 22:33:05 2019;0;1552613585;-23.6398249 -46.6073089;-23.5890733 -46.6336419;8572;1681;1391
90;Thu Mar 14 22:34:05 2019;0;1552613645;-23.6398249 -46.6073089;-23.5890733 -46.6336419;8572;1681;1439
91;Thu Mar 14 22:35:05 2019;0;1552613705;-23.6398249 -46.6073089;-23.5890733 -46.6336419;8572;1681;1433
92;Thu Mar 14 22:36:05 2019;0;1552613765;-23.6398249 -46.6073089;-23.5890733 -46.6336419;8572;1681;1430
93;Thu Mar 14 22:37:05 2019;0;1552613825;-23.6398249 -46.6073089;-23.5890733 -46.6336419;8572;1681;1444
94;Thu Mar 14 22:38:05 2019;0;1552613885;-23.6398249 -46.6073089;-23.5890733 -46.6336419;8572;1681;1464
95;Thu Mar 14 22:39:05 2019;0;1552613945;-23.6398249 -46.6073089;-23.5890733 -46.6336419;8572;1681;1441
96;Thu Mar 14 22:40:06 2019;0;1552614005;-23.6398249 -46.6073089;-23.5890733 -46.6336419;8572;1681;1445
97;Thu Mar 14 22:41:05 2019;0;1552614065;-23.6398249 -46.6073089;-23.5890733 -46.6336419;8572;1681;1385
98;Thu Mar 14 22:42:05 2019;0;1552614125;-23.6398249 -46.6073089;-23.5890733 -46.6336419;8572;1681;1417
99;Thu Mar 14 22:43:05 2019;0;1552614185;-23.6398249 -46.6073089;-23.5890733 -46.6336419;8572;1681;1409
100;Thu Mar 14 22:44:05 2019;0;1552614245;-23.6398249 -46.6073089;-23.5890733 -46.6336419;8572;1681;1426
101;Thu Mar 14 22:45:05 2019;0;1552614305;-23.6398249 -46.6073089;-23.5890733 -46.6336419;8572;1681;1419
102;Thu Mar 14 22:46:05 2019;0;1552614365;-23.6398249 -46.6073089;-23.5890733 -46.6336419;8572;1681;1390
103;Thu Mar 14 22:47:05 2019;0;1552614425;-23.6398249 -46.6073089;-23.5890733 -46.6336419;8572;1681;1388
104;Thu Mar 14 22:48:05 2019;0;1552614485;-23.6398249 -46.6073089;-23.5890733 -46.6336419;8572;1681;1400
105;Thu Mar 14 22:49:06 2019;0;1552614546;-23.6398249 -46.6073089;-23.5890733 -46.6336419;8572;1681;1399
106;Thu Mar 14 22:50:06 2019;0;1552614605;-23.6398249 -46.6073089;-23.5890733 -46.6336419;8572;1681;1378
107;Thu Mar 14 22:51:05 2019;0;1552614665;-23.6398249 -46.6073089;-23.5890733 -46.6336419;8572;1681;1370
108;Thu Mar 14 22:52:05 2019;0;1552614725;-23.6398249 -46.6073089;-23.5890733 -46.6336419;8572;1681;1348
109;Thu Mar 14 22:53:05 2019;0;1552614785;-23.6398249 -46.6073089;-23.5890733 -46.6336419;8572;1681;1399
110;Thu Mar 14 22:54:06 2019;0;1552614845;-23.6398249 -46.6073089;-23.5890733 -46.6336419;8572;1681;1370
111;Thu Mar 14 22:55:06 2019;0;1552614905;-23.6398249 -46.6073089;-23.5890733 -46.6336419;8572;1681;1394
112;Thu Mar 14 22:56:05 2019;0;1552614965;-23.6398249 -46.6073089;-23.5890733 -46.6336419;8572;1681;1398
113;Thu Mar 14 22:57:05 2019;0;1552615025;-23.6398249 -46.6073089;-23.5890733 -46.6336419;8572;1681;1354
114;Thu Mar 14 22:58:05 2019;0;1552615085;-23.6398249 -46.6073089;-23.5890733 -46.6336419;8572;1681;1366
115;Thu Mar 14 22:59:05 2019;0;1552615145;-23.6398249 -46.6073089;-23.5890733 -46.6336419;8572;1681;1369
116;Thu Mar 14 23:00:05 2019;0;1552615205;-23.6398249 -46.6073089;-23.5890733 -46.6336419;8572;1681;1376
117;Thu Mar 14 23:01:05 2019;0;1552615265;-23.6398249 -46.6073089;-23.5890733 -46.6336419;8572;1681;1340
118;Thu Mar 14 23:02:05 2019;0;1552615325;-23.6398249 -46.6073089;-23.5890733 -46.6336419;8572;1681;1390
119;Thu Mar 14 23:03:05 2019;0;1552615385;-23.6398249 -46.6073089;-23.5890733 -46.6336419;8572;1681;1383
120;Thu Mar 14 23:04:05 2019;0;1552615445;-23.6398249 -46.6073089;-23.5890733 -46.6336419;8572;1681;1350
121;Thu Mar 14 23:05:05 2019;0;1552615505;-23.6398249 -46.6073089;-23.5890733 -46.6336419;8572;1681;1384
122;Thu Mar 14 23:06:05 2019;0;1552615565;-23.6398249 -46.6073089;-23.5890733 -46.6336419;8572;1681;1378
123;Thu Mar 14 23:07:05 2019;0;1552615625;-23.6398249 -46.6073089;-23.5890733 -46.6336419;8572;1681;1354
124;Thu Mar 14 23:08:05 2019;0;1552615685;-23.6398249 -46.6073089;-23.5890733 -46.6336419;8572;1681;1388
125;Thu Mar 14 23:09:05 2019;0;1552615745;-23.6398249 -46.6073089;-23.5890733 -46.6336419;8572;1681;1392
126;Thu Mar 14 23:10:05 2019;0;1552615805;-23.6398249 -46.6073089;-23.5890733 -46.6336419;8572;1681;1349
127;Thu Mar 14 23:11:05 2019;0;1552615865;-23.6398249 -46.6073089;-23.5890733 -46.6336419;8572;1681;1349
128;Thu Mar 14 23:12:05 2019;0;1552615925;-23.6398249 -46.6073089;-23.5890733 -46.6336419;8572;1681;1378
129;Thu Mar 14 23:13:05 2019;0;1552615985;-23.6398249 -46.6073089;-23.5890733 -46.6336419;8572;1681;1373
130;Thu Mar 14 23:14:05 2019;0;1552616045;-23.6398249 -46.6073089;-23.5890733 -46.6336419;8572;1681;1411
131;Thu Mar 14 23:15:05 2019;0;1552616105;-23.6398249 -46.6073089;-23.5890733 -46.6336419;8572;1681;1409
132;Thu Mar 14 23:16:05 2019;0;1552616165;-23.6398249 -46.6073089;-23.5890733 -46.6336419;8572;1681;1387
133;Thu Mar 14 23:17:05 2019;0;1552616225;-23.6398249 -46.6073089;-23.5890733 -46.6336419;8572;1681;1385
134;Thu Mar 14 23:18:05 2019;0;1552616285;-23.6398249 -46.6073089;-23.5890733 -46.6336419;8572;1681;1430
135;Thu Mar 14 23:19:05 2019;0;1552616345;-23.6398249 -46.6073089;-23.5890733 -46.6336419;8572;1681;1410
136;Thu Mar 14 23:20:05 2019;0;1552616405;-23.6398249 -46.6073089;-23.5890733 -46.6336419;8572;1681;1388
137;Thu Mar 14 23:21:05 2019;0;1552616465;-23.6398249 -46.6073089;-23.5890733 -46.6336419;8572;1681;1377
138;Thu Mar 14 23:22:05 2019;0;1552616525;-23.6398249 -46.6073089;-23.5890733 -46.6336419;8572;1681;1357
139;Thu Mar 14 23:23:05 2019;0;1552616585;-23.6398249 -46.6073089;-23.5890733 -46.6336419;8572;1681;1352
140;Thu Mar 14 23:24:05 2019;0;1552616645;-23.6398249 -46.6073089;-23.5890733 -46.6336419;8572;1681;1285
141;Thu Mar 14 23:25:05 2019;0;1552616705;-23.6398249 -46.6073089;-23.5890733 -46.6336419;8572;1681;1329
142;Thu Mar 14 23:26:05 2019;0;1552616765;-23.6398249 -46.6073089;-23.5890733 -46.6336419;8572;1681;1331
143;Thu Mar 14 23:27:05 2019;0;1552616825;-23.6398249 -46.6073089;-23.5890733 -46.6336419;8572;1681;1284
144;Thu Mar 14 23:28:05 2019;0;1552616885;-23.6398249 -46.6073089;-23.5890733 -46.6336419;8572;1681;1336
145;Thu Mar 14 23:29:05 2019;0;1552616945;-23.6398249 -46.6073089;-23.5890733 -46.6336419;8572;1681;1336
146;Thu Mar 14 23:30:05 2019;0;1552617005;-23.6398249 -46.6073089;-23.5890733 -46.6336419;8572;1681;1336
147;Thu Mar 14 23:31:05 2019;0;1552617065;-23.6398249 -46.6073089;-23.5890733 -46.6336419;8572;1681;1333
148;Thu Mar 14 23:32:05 2019;0;1552617125;-23.6398249 -46.6073089;-23.5890733 -46.6336419;8572;1681;1284
149;Thu Mar 14 23:33:06 2019;0;1552617185;-23.6398249 -46.6073089;-23.5890733 -46.6336419;8572;1681;1334
150;Thu Mar 14 23:34:05 2019;0;1552617245;-23.6398249 -46.6073089;-23.5890733 -46.6336419;8572;1681;1336
151;Thu Mar 14 23:35:05 2019;0;1552617305;-23.6398249 -46.6073089;-23.5890733 -46.6336419;8572;1681;1328
152;Thu Mar 14 23:36:05 2019;0;1552617365;-23.6398249 -46.6073089;-23.5890733 -46.6336419;8572;1681;1326
153;Thu Mar 14 23:37:05 2019;0;1552617425;-23.6398249 -46.6073089;-23.5890733 -46.6336419;8572;1681;1311
154;Thu Mar 14 23:38:05 2019;0;1552617485;-23.6398249 -46.6073089;-23.5890733 -46.6336419;8572;1681;1322
155;Thu Mar 14 23:39:05 2019;0;1552617545;-23.6398249 -46.6073089;-23.5890733 -46.6336419;8572;1681;1264
156;Thu Mar 14 23:40:05 2019;0;1552617605;-23.6398249 -46.6073089;-23.5890733 -46.6336419;8572;1681;1315
157;Thu Mar 14 23:41:05 2019;0;1552617665;-23.6398249 -46.6073089;-23.5890733 -46.6336419;8572;1681;1317
158;Thu Mar 14 23:42:05 2019;0;1552617725;-23.6398249 -46.6073089;-23.5890733 -46.6336419;8572;1681;1265
159;Thu Mar 14 23:43:05 2019;0;1552617785;-23.6398249 -46.6073089;-23.5890733 -46.6336419;8572;1681;1260
160;Thu Mar 14 23:44:05 2019;0;1552617845;-23.6398249 -46.6073089;-23.5890733 -46.6336419;8572;1681;1307
161;Thu Mar 14 23:45:05 2019;0;1552617905;-23.6398249 -46.6073089;-23.5890733 -46.6336419;8572;1681;1317
162;Thu Mar 14 23:46:05 2019;0;1552617965;-23.6398249 -46.6073089;-23.5890733 -46.6336419;8572;1681;1262
163;Thu Mar 14 23:47:05 2019;0;1552618025;-23.6398249 -46.6073089;-23.5890733 -46.6336419;8572;1681;1309
164;Thu Mar 14 23:48:05 2019;0;1552618085;-23.6398249 -46.6073089;-23.5890733 -46.6336419;8572;1681;1299
165;Thu Mar 14 23:49:05 2019;0;1552618145;-23.6398249 -46.6073089;-23.5890733 -46.6336419;8572;1681;1295
166;Thu Mar 14 23:50:05 2019;0;1552618205;-23.6398249 -46.6073089;-23.5890733 -46.6336419;8572;1681;1232
167;Thu Mar 14 23:51:05 2019;0;1552618265;-23.6398249 -46.6073089;-23.5890733 -46.6336419;8572;1681;1287
168;Thu Mar 14 23:52:05 2019;0;1552618325;-23.6398249 -46.6073089;-23.5890733 -46.6336419;8572;1681;1272
169;Thu Mar 14 23:53:05 2019;0;1552618385;-23.6398249 -46.6073089;-23.5890733 -46.6336419;8572;1681;1272
170;Thu Mar 14 23:54:05 2019;0;1552618445;-23.6398249 -46.6073089;-23.5890733 -46.6336419;8572;1681;1296
171;Thu Mar 14 23:55:05 2019;0;1552618505;-23.6398249 -46.6073089;-23.5890733 -46.6336419;8572;1681;1294
172;Thu Mar 14 23:56:05 2019;0;1552618565;-23.6398249 -46.6073089;-23.5890733 -46.6336419;8572;1681;1273
173;Thu Mar 14 23:57:05 2019;0;1552618625;-23.6398249 -46.6073089;-23.5890733 -46.6336419;8572;1681;1269
174;Thu Mar 14 23:58:05 2019;0;1552618685;-23.6398249 -46.6073089;-23.5890733 -46.6336419;8572;1681;1264
175;Thu Mar 14 23:59:05 2019;0;1552618745;-23.6398249 -46.6073089;-23.5890733 -46.6336419;8572;1681;1255
